0.000	0.00e+00	-0.0	0.00e+00	1.000	1.33e-08	7.65e-01	0.1273
0.010	3.82e-05	9.9	6.93e-03	1.000	1.33e-08	6.97e-01	0.1273
0.020	1.45e-04	4.9	1.38e-02	1.000	1.33e-08	6.97e-01	0.1273
0.030	3.21e-04	3.3	2.06e-02	1.000	1.33e-08	6.97e-01	0.1273
0.040	5.63e-04	2.4	2.73e-02	1.000	1.33e-08	6.97e-01	0.1273
0.050	8.73e-04	1.9	3.39e-02	1.000	1.33e-08	6.97e-01	0.1273
0.060	1.25e-03	1.6	4.05e-02	1.000	1.33e-08	6.97e-01	0.1273
0.070	1.69e-03	1.4	4.70e-02	1.000	1.33e-08	6.97e-01	0.1273
0.080	2.20e-03	1.2	5.35e-02	1.000	1.33e-08	6.97e-01	0.1273
0.090	2.77e-03	1.0	5.98e-02	1.000	1.33e-08	6.97e-01	0.1273
0.100	3.40e-03	0.9	6.61e-02	1.000	1.33e-08	6.97e-01	0.1273
0.110	4.09e-03	0.8	7.23e-02	1.000	1.33e-08	6.97e-01	0.1273
0.120	4.85e-03	0.8	7.85e-02	1.000	1.33e-08	6.97e-01	0.1273
0.130	5.67e-03	0.7	8.46e-02	1.000	1.33e-08	6.97e-01	0.1273
0.140	6.55e-03	0.6	9.06e-02	1.000	1.33e-08	6.97e-01	0.1273
0.150	7.49e-03	0.6	9.66e-02	1.000	1.33e-08	6.97e-01	0.1273
0.160	8.49e-03	0.6	1.02e-01	1.000	1.33e-08	6.97e-01	0.1273
0.170	9.55e-03	0.5	1.08e-01	1.000	1.33e-08	6.97e-01	0.1273
0.180	1.07e-02	0.5	1.14e-01	1.000	1.33e-08	6.97e-01	0.1273
0.190	1.18e-02	0.5	1.20e-01	1.000	1.33e-08	6.97e-01	0.1273
0.200	1.31e-02	0.4	1.25e-01	1.000	1.33e-08	6.97e-01	0.1273
0.210	1.43e-02	0.4	1.31e-01	1.000	1.33e-08	6.97e-01	0.1273
0.220	1.57e-02	0.4	1.36e-01	1.000	1.33e-08	6.97e-01	0.1273
0.230	1.71e-02	0.4	1.42e-01	1.000	1.33e-08	6.97e-01	0.1273
0.240	1.85e-02	0.3	1.47e-01	1.000	1.33e-08	6.97e-01	0.1273
0.250	2.00e-02	0.3	1.52e-01	1.000	1.33e-08	6.97e-01	0.1273
0.260	2.16e-02	0.3	1.57e-01	1.000	1.33e-08	6.97e-01	0.1273
0.270	2.32e-02	0.3	1.63e-01	1.000	1.33e-08	6.97e-01	0.1273
0.280	2.48e-02	0.3	1.68e-01	1.000	1.33e-08	6.97e-01	0.1273
0.290	2.65e-02	0.3	1.73e-01	1.000	1.33e-08	6.97e-01	0.1273
0.300	2.83e-02	0.3	1.77e-01	1.000	1.33e-08	6.97e-01	0.1273
0.310	3.01e-02	0.2	1.82e-01	1.000	1.33e-08	6.97e-01	0.1273
0.320	3.19e-02	0.2	1.87e-01	1.000	1.33e-08	6.97e-01	0.1273
0.330	3.38e-02	0.2	1.92e-01	1.000	1.33e-08	6.97e-01	0.1273
0.340	3.58e-02	0.2	1.96e-01	1.000	1.33e-08	6.97e-01	0.1273
0.350	3.78e-02	0.2	2.01e-01	1.000	1.33e-08	6.97e-01	0.1273
0.360	3.98e-02	0.2	2.05e-01	1.000	1.33e-08	6.97e-01	0.1273
0.370	4.19e-02	0.2	2.10e-01	1.000	1.33e-08	6.97e-01	0.1273
0.380	4.40e-02	0.2	2.14e-01	1.000	1.33e-08	6.97e-01	0.1273
0.390	4.62e-02	0.2	2.18e-01	1.000	1.33e-08	6.97e-01	0.1273
0.400	4.84e-02	0.2	2.23e-01	1.000	1.33e-08	6.97e-01	0.1273
0.410	5.06e-02	0.2	2.27e-01	1.000	1.33e-08	6.97e-01	0.1273
0.420	5.29e-02	0.2	2.31e-01	1.000	1.33e-08	6.97e-01	0.1273
0.430	5.53e-02	0.1	2.35e-01	1.000	1.33e-08	6.97e-01	0.1273
0.440	5.76e-02	0.1	2.39e-01	1.000	1.33e-08	6.97e-01	0.1273
0.450	6.00e-02	0.1	2.43e-01	1.000	1.33e-08	6.97e-01	0.1273
0.460	6.25e-02	0.1	2.46e-01	1.000	1.33e-08	6.97e-01	0.1273
0.470	6.50e-02	0.1	2.50e-01	1.000	1.33e-08	6.97e-01	0.1273
0.480	6.75e-02	0.1	2.54e-01	1.000	1.33e-08	6.97e-01	0.1273
0.490	7.01e-02	0.1	2.57e-01	1.000	1.33e-08	6.97e-01	0.1273
0.500	7.27e-02	0.1	2.61e-01	1.000	1.33e-08	6.97e-01	0.1273
0.510	7.53e-02	0.1	2.64e-01	1.000	1.33e-08	6.97e-01	0.1273
0.520	7.79e-02	0.1	2.68e-01	1.000	1.33e-08	6.97e-01	0.1273
0.530	8.06e-02	0.1	2.71e-01	1.000	1.33e-08	6.97e-01	0.1273
0.540	8.34e-02	0.1	2.74e-01	1.000	1.33e-08	6.97e-01	0.1273
0.550	8.61e-02	0.1	2.77e-01	1.000	1.33e-08	6.97e-01	0.1273
0.560	8.89e-02	0.1	2.81e-01	1.000	1.33e-08	6.97e-01	0.1273
0.570	9.18e-02	0.1	2.84e-01	1.000	1.33e-08	6.97e-01	0.1273
0.580	9.46e-02	0.1	2.86e-01	1.000	1.33e-08	6.97e-01	0.1273
0.590	9.75e-02	0.1	2.89e-01	1.000	1.33e-08	6.97e-01	0.1273
0.600	1.00e-01	0.1	2.92e-01	1.000	1.33e-08	6.97e-01	0.1273
0.610	1.03e-01	0.1	2.95e-01	1.000	1.33e-08	6.97e-01	0.1273
0.620	1.06e-01	0.1	2.98e-01	1.000	1.33e-08	6.97e-01	0.1273
0.630	1.09e-01	0.1	3.00e-01	1.000	1.33e-08	6.97e-01	0.1273
0.640	1.12e-01	0.1	3.03e-01	1.000	1.33e-08	6.97e-01	0.1273
0.650	1.15e-01	0.1	3.05e-01	1.000	1.33e-08	6.97e-01	0.1273
0.660	1.18e-01	0.1	3.08e-01	1.000	1.33e-08	6.97e-01	0.1273
0.670	1.22e-01	0.0	3.10e-01	1.000	1.33e-08	6.97e-01	0.1273
0.680	1.25e-01	0.0	3.12e-01	1.000	1.33e-08	6.97e-01	0.1273
0.690	1.28e-01	0.0	3.14e-01	1.000	1.33e-08	6.97e-01	0.1273
0.700	1.31e-01	0.0	3.17e-01	1.000	1.33e-08	6.97e-01	0.1273
0.710	1.34e-01	0.0	3.19e-01	1.000	1.33e-08	6.97e-01	0.1273
0.720	1.37e-01	0.0	3.21e-01	1.000	1.33e-08	6.97e-01	0.1273
0.730	1.41e-01	0.0	3.22e-01	1.000	1.33e-08	6.97e-01	0.1273
0.740	1.44e-01	0.0	3.24e-01	1.000	1.33e-08	6.97e-01	0.1273
0.750	1.47e-01	0.0	3.26e-01	1.000	1.33e-08	6.97e-01	0.1273
0.760	1.50e-01	0.0	3.28e-01	1.000	1.33e-08	6.97e-01	0.1273
0.770	1.54e-01	0.0	3.29e-01	1.000	1.33e-08	6.97e-01	0.1273
0.780	1.57e-01	0.0	3.31e-01	1.000	1.33e-08	6.97e-01	0.1273
0.790	1.60e-01	0.0	3.32e-01	1.000	1.33e-08	6.97e-01	0.1273
0.800	1.64e-01	0.0	3.34e-01	1.000	1.33e-08	6.97e-01	0.1273
0.810	1.67e-01	0.0	3.35e-01	1.000	1.33e-08	6.97e-01	0.1273
0.820	1.70e-01	0.0	3.36e-01	1.000	1.33e-08	6.97e-01	0.1273
0.830	1.74e-01	0.0	3.38e-01	1.000	1.33e-08	6.97e-01	0.1273
0.840	1.77e-01	0.0	3.39e-01	1.000	1.33e-08	6.97e-01	0.1273
0.850	1.80e-01	0.0	3.40e-01	1.000	1.33e-08	6.97e-01	0.1273
0.860	1.84e-01	0.0	3.41e-01	1.000	1.33e-08	6.97e-01	0.1273
0.870	1.87e-01	0.0	3.42e-01	1.000	1.33e-08	6.97e-01	0.1273
0.880	1.91e-01	-0.0	3.43e-01	1.000	1.33e-08	6.97e-01	0.1273
0.890	1.94e-01	-0.0	3.44e-01	1.000	1.33e-08	6.97e-01	0.1273
0.900	1.98e-01	-0.0	3.44e-01	1.000	1.33e-08	6.97e-01	0.1273
0.910	2.01e-01	-0.0	3.45e-01	1.000	1.33e-08	6.97e-01	0.1273
0.920	2.04e-01	-0.0	3.45e-01	1.000	1.33e-08	6.97e-01	0.1273
0.930	2.08e-01	-0.0	3.46e-01	1.000	1.33e-08	6.97e-01	0.1273
0.940	2.11e-01	-0.0	3.46e-01	1.000	1.33e-08	6.97e-01	0.1273
0.950	2.15e-01	-0.0	3.47e-01	1.000	1.33e-08	6.97e-01	0.1273
0.960	2.18e-01	-0.0	3.47e-01	1.000	1.33e-08	6.97e-01	0.1273
0.970	2.22e-01	-0.0	3.47e-01	1.000	1.33e-08	6.97e-01	0.1273
0.980	2.25e-01	-0.0	3.48e-01	1.000	1.33e-08	6.97e-01	0.1273
0.990	2.29e-01	-0.0	3.48e-01	1.000	1.33e-08	6.97e-01	0.1273
1.000	2.32e-01	-0.0	3.48e-01	1.000	1.33e-08	6.97e-01	0.1273
