0.000	0.00e+00	-0.0	0.00e+00	1.000	1.33e-08	9.21e-01	0.0796
0.010	4.81e-05	9.9	8.72e-03	1.000	1.33e-08	8.78e-01	0.0796
0.020	1.83e-04	4.9	1.74e-02	1.000	1.33e-08	8.78e-01	0.0796
0.030	4.04e-04	3.3	2.59e-02	1.000	1.33e-08	8.78e-01	0.0796
0.040	7.10e-04	2.4	3.44e-02	1.000	1.33e-08	8.78e-01	0.0796
0.050	1.10e-03	1.9	4.27e-02	1.000	1.33e-08	8.78e-01	0.0796
0.060	1.57e-03	1.6	5.10e-02	1.000	1.33e-08	8.78e-01	0.0796
0.070	2.13e-03	1.4	5.92e-02	1.000	1.33e-08	8.78e-01	0.0796
0.080	2.77e-03	1.2	6.73e-02	1.000	1.33e-08	8.78e-01	0.0796
0.090	3.48e-03	1.0	7.53e-02	1.000	1.33e-08	8.78e-01	0.0796
0.100	4.28e-03	0.9	8.33e-02	1.000	1.33e-08	8.78e-01	0.0796
0.110	5.16e-03	0.8	9.11e-02	1.000	1.33e-08	8.78e-01	0.0796
0.120	6.11e-03	0.8	9.89e-02	1.000	1.33e-08	8.78e-01	0.0796
0.130	7.14e-03	0.7	1.07e-01	1.000	1.33e-08	8.78e-01	0.0796
0.140	8.25e-03	0.6	1.14e-01	1.000	1.33e-08	8.78e-01	0.0796
0.150	9.43e-03	0.6	1.22e-01	1.000	1.33e-08	8.78e-01	0.0796
0.160	1.07e-02	0.6	1.29e-01	1.000	1.33e-08	8.78e-01	0.0796
0.170	1.20e-02	0.5	1.36e-01	1.000	1.33e-08	8.78e-01	0.0796
0.180	1.34e-02	0.5	1.44e-01	1.000	1.33e-08	8.78e-01	0.0796
0.190	1.49e-02	0.5	1.51e-01	1.000	1.33e-08	8.78e-01	0.0796
0.200	1.65e-02	0.4	1.58e-01	1.000	1.33e-08	8.78e-01	0.0796
0.210	1.81e-02	0.4	1.65e-01	1.000	1.33e-08	8.78e-01	0.0796
0.220	1.98e-02	0.4	1.72e-01	1.000	1.33e-08	8.78e-01	0.0796
0.230	2.15e-02	0.4	1.78e-01	1.000	1.33e-08	8.78e-01	0.0796
0.240	2.33e-02	0.3	1.85e-01	1.000	1.33e-08	8.78e-01	0.0796
0.250	2.52e-02	0.3	1.92e-01	1.000	1.33e-08	8.78e-01	0.0796
0.260	2.72e-02	0.3	1.98e-01	1.000	1.33e-08	8.78e-01	0.0796
0.270	2.92e-02	0.3	2.05e-01	1.000	1.33e-08	8.78e-01	0.0796
0.280	3.13e-02	0.3	2.11e-01	1.000	1.33e-08	8.78e-01	0.0796
0.290	3.34e-02	0.3	2.17e-01	1.000	1.33e-08	8.78e-01	0.0796
0.300	3.56e-02	0.3	2.24e-01	1.000	1.33e-08	8.78e-01	0.0796
0.310	3.79e-02	0.2	2.30e-01	1.000	1.33e-08	8.78e-01	0.0796
0.320	4.02e-02	0.2	2.36e-01	1.000	1.33e-08	8.78e-01	0.0796
0.330	4.26e-02	0.2	2.42e-01	1.000	1.33e-08	8.78e-01	0.0796
0.340	4.51e-02	0.2	2.47e-01	1.000	1.33e-08	8.78e-01	0.0796
0.350	4.76e-02	0.2	2.53e-01	1.000	1.33e-08	8.78e-01	0.0796
0.360	5.01e-02	0.2	2.59e-01	1.000	1.33e-08	8.78e-01	0.0796
0.370	5.28e-02	0.2	2.64e-01	1.000	1.33e-08	8.78e-01	0.0796
0.380	5.54e-02	0.2	2.70e-01	1.000	1.33e-08	8.78e-01	0.0796
0.390	5.82e-02	0.2	2.75e-01	1.000	1.33e-08	8.78e-01	0.0796
0.400	6.09e-02	0.2	2.80e-01	1.000	1.33e-08	8.78e-01	0.0796
0.410	6.38e-02	0.2	2.86e-01	1.000	1.33e-08	8.78e-01	0.0796
0.420	6.67e-02	0.2	2.91e-01	1.000	1.33e-08	8.78e-01	0.0796
0.430	6.96e-02	0.1	2.96e-01	1.000	1.33e-08	8.78e-01	0.0796
0.440	7.26e-02	0.1	3.01e-01	1.000	1.33e-08	8.78e-01	0.0796
0.450	7.56e-02	0.1	3.06e-01	1.000	1.33e-08	8.78e-01	0.0796
0.460	7.87e-02	0.1	3.10e-01	1.000	1.33e-08	8.78e-01	0.0796
0.470	8.18e-02	0.1	3.15e-01	1.000	1.33e-08	8.78e-01	0.0796
0.480	8.50e-02	0.1	3.20e-01	1.000	1.33e-08	8.78e-01	0.0796
0.490	8.82e-02	0.1	3.24e-01	1.000	1.33e-08	8.78e-01	0.0796
0.500	9.15e-02	0.1	3.29e-01	1.000	1.33e-08	8.78e-01	0.0796
0.510	9.48e-02	0.1	3.33e-01	1.000	1.33e-08	8.78e-01	0.0796
0.520	9.82e-02	0.1	3.37e-01	1.000	1.33e-08	8.78e-01	0.0796
0.530	1.02e-01	0.1	3.41e-01	1.000	1.33e-08	8.78e-01	0.0796
0.540	1.05e-01	0.1	3.45e-01	1.000	1.33e-08	8.78e-01	0.0796
0.550	1.08e-01	0.1	3.49e-01	1.000	1.33e-08	8.78e-01	0.0796
0.560	1.12e-01	0.1	3.53e-01	1.000	1.33e-08	8.78e-01	0.0796
0.570	1.16e-01	0.1	3.57e-01	1.000	1.33e-08	8.78e-01	0.0796
0.580	1.19e-01	0.1	3.61e-01	1.000	1.33e-08	8.78e-01	0.0796
0.590	1.23e-01	0.1	3.65e-01	1.000	1.33e-08	8.78e-01	0.0796
0.600	1.26e-01	0.1	3.68e-01	1.000	1.33e-08	8.78e-01	0.0796
0.610	1.30e-01	0.1	3.72e-01	1.000	1.33e-08	8.78e-01	0.0796
0.620	1.34e-01	0.1	3.75e-01	1.000	1.33e-08	8.78e-01	0.0796
0.630	1.38e-01	0.1	3.78e-01	1.000	1.33e-08	8.78e-01	0.0796
0.640	1.41e-01	0.1	3.81e-01	1.000	1.33e-08	8.78e-01	0.0796
0.650	1.45e-01	0.1	3.84e-01	1.000	1.33e-08	8.78e-01	0.0796
0.660	1.49e-01	0.1	3.87e-01	1.000	1.33e-08	8.78e-01	0.0796
0.670	1.53e-01	0.0	3.90e-01	1.000	1.33e-08	8.78e-01	0.0796
0.680	1.57e-01	0.0	3.93e-01	1.000	1.33e-08	8.78e-01	0.0796
0.690	1.61e-01	0.0	3.96e-01	1.000	1.33e-08	8.78e-01	0.0796
0.700	1.65e-01	0.0	3.99e-01	1.000	1.33e-08	8.78e-01	0.0796
0.710	1.69e-01	0.0	4.01e-01	1.000	1.33e-08	8.78e-01	0.0796
0.720	1.73e-01	0.0	4.04e-01	1.000	1.33e-08	8.78e-01	0.0796
0.730	1.77e-01	0.0	4.06e-01	1.000	1.33e-08	8.78e-01	0.0796
0.740	1.81e-01	0.0	4.08e-01	1.000	1.33e-08	8.78e-01	0.0796
0.750	1.85e-01	0.0	4.11e-01	1.000	1.33e-08	8.78e-01	0.0796
0.760	1.89e-01	0.0	4.13e-01	1.000	1.33e-08	8.78e-01	0.0796
0.770	1.93e-01	0.0	4.15e-01	1.000	1.33e-08	8.78e-01	0.0796
0.780	1.98e-01	0.0	4.17e-01	1.000	1.33e-08	8.78e-01	0.0796
0.790	2.02e-01	0.0	4.19e-01	1.000	1.33e-08	8.78e-01	0.0796
0.800	2.06e-01	0.0	4.21e-01	1.000	1.33e-08	8.78e-01	0.0796
0.810	2.10e-01	0.0	4.22e-01	1.000	1.33e-08	8.78e-01	0.0796
0.820	2.14e-01	0.0	4.24e-01	1.000	1.33e-08	8.78e-01	0.0796
0.830	2.19e-01	0.0	4.25e-01	1.000	1.33e-08	8.78e-01	0.0796
0.840	2.23e-01	0.0	4.27e-01	1.000	1.33e-08	8.78e-01	0.0796
0.850	2.27e-01	0.0	4.28e-01	1.000	1.33e-08	8.78e-01	0.0796
0.860	2.32e-01	0.0	4.29e-01	1.000	1.33e-08	8.78e-01	0.0796
0.870	2.36e-01	0.0	4.31e-01	1.000	1.33e-08	8.78e-01	0.0796
0.880	2.40e-01	-0.0	4.32e-01	1.000	1.33e-08	8.78e-01	0.0796
0.890	2.44e-01	-0.0	4.33e-01	1.000	1.33e-08	8.78e-01	0.0796
0.900	2.49e-01	-0.0	4.34e-01	1.000	1.33e-08	8.78e-01	0.0796
0.910	2.53e-01	-0.0	4.34e-01	1.000	1.33e-08	8.78e-01	0.0796
0.920	2.57e-01	-0.0	4.35e-01	1.000	1.33e-08	8.78e-01	0.0796
0.930	2.62e-01	-0.0	4.36e-01	1.000	1.33e-08	8.78e-01	0.0796
0.940	2.66e-01	-0.0	4.36e-01	1.000	1.33e-08	8.78e-01	0.0796
0.950	2.71e-01	-0.0	4.37e-01	1.000	1.33e-08	8.78e-01	0.0796
0.960	2.75e-01	-0.0	4.37e-01	1.000	1.33e-08	8.78e-01	0.0796
0.970	2.79e-01	-0.0	4.38e-01	1.000	1.33e-08	8.78e-01	0.0796
0.980	2.84e-01	-0.0	4.38e-01	1.000	1.33e-08	8.78e-01	0.0796
0.990	2.88e-01	-0.0	4.38e-01	1.000	1.33e-08	8.78e-01	0.0796
1.000	2.92e-01	-0.0	4.38e-01	1.000	1.33e-08	8.78e-01	0.0796
