0.000	0.00e+00	-0.0	0.00e+00	1.000	1.33e-08	-2.11e-01	0.7321
0.010	-6.14e-06	9.9	-1.11e-03	1.000	1.33e-08	-1.12e-01	0.7321
0.020	-2.34e-05	4.9	-2.22e-03	1.000	1.33e-08	-1.12e-01	0.7321
0.030	-5.16e-05	3.3	-3.31e-03	1.000	1.33e-08	-1.12e-01	0.7321
0.040	-9.07e-05	2.4	-4.39e-03	1.000	1.33e-08	-1.12e-01	0.7321
0.050	-1.41e-04	1.9	-5.46e-03	1.000	1.33e-08	-1.12e-01	0.7321
0.060	-2.01e-04	1.6	-6.52e-03	1.000	1.33e-08	-1.12e-01	0.7321
0.070	-2.72e-04	1.4	-7.57e-03	1.000	1.33e-08	-1.12e-01	0.7321
0.080	-3.53e-04	1.2	-8.60e-03	1.000	1.33e-08	-1.12e-01	0.7321
0.090	-4.45e-04	1.0	-9.63e-03	1.000	1.33e-08	-1.12e-01	0.7321
0.100	-5.47e-04	0.9	-1.06e-02	1.000	1.33e-08	-1.12e-01	0.7321
0.110	-6.59e-04	0.8	-1.16e-02	1.000	1.33e-08	-1.12e-01	0.7321
0.120	-7.81e-04	0.8	-1.26e-02	1.000	1.33e-08	-1.12e-01	0.7321
0.130	-9.13e-04	0.7	-1.36e-02	1.000	1.33e-08	-1.12e-01	0.7321
0.140	-1.05e-03	0.6	-1.46e-02	1.000	1.33e-08	-1.12e-01	0.7321
0.150	-1.21e-03	0.6	-1.55e-02	1.000	1.33e-08	-1.12e-01	0.7321
0.160	-1.37e-03	0.6	-1.65e-02	1.000	1.33e-08	-1.12e-01	0.7321
0.170	-1.54e-03	0.5	-1.74e-02	1.000	1.33e-08	-1.12e-01	0.7321
0.180	-1.72e-03	0.5	-1.84e-02	1.000	1.33e-08	-1.12e-01	0.7321
0.190	-1.90e-03	0.5	-1.93e-02	1.000	1.33e-08	-1.12e-01	0.7321
0.200	-2.10e-03	0.4	-2.02e-02	1.000	1.33e-08	-1.12e-01	0.7321
0.210	-2.31e-03	0.4	-2.11e-02	1.000	1.33e-08	-1.12e-01	0.7321
0.220	-2.52e-03	0.4	-2.19e-02	1.000	1.33e-08	-1.12e-01	0.7321
0.230	-2.75e-03	0.4	-2.28e-02	1.000	1.33e-08	-1.12e-01	0.7321
0.240	-2.98e-03	0.3	-2.37e-02	1.000	1.33e-08	-1.12e-01	0.7321
0.250	-3.22e-03	0.3	-2.45e-02	1.000	1.33e-08	-1.12e-01	0.7321
0.260	-3.47e-03	0.3	-2.53e-02	1.000	1.33e-08	-1.12e-01	0.7321
0.270	-3.73e-03	0.3	-2.62e-02	1.000	1.33e-08	-1.12e-01	0.7321
0.280	-4.00e-03	0.3	-2.70e-02	1.000	1.33e-08	-1.12e-01	0.7321
0.290	-4.27e-03	0.3	-2.78e-02	1.000	1.33e-08	-1.12e-01	0.7321
0.300	-4.55e-03	0.3	-2.86e-02	1.000	1.33e-08	-1.12e-01	0.7321
0.310	-4.84e-03	0.2	-2.93e-02	1.000	1.33e-08	-1.12e-01	0.7321
0.320	-5.14e-03	0.2	-3.01e-02	1.000	1.33e-08	-1.12e-01	0.7321
0.330	-5.45e-03	0.2	-3.09e-02	1.000	1.33e-08	-1.12e-01	0.7321
0.340	-5.76e-03	0.2	-3.16e-02	1.000	1.33e-08	-1.12e-01	0.7321
0.350	-6.08e-03	0.2	-3.23e-02	1.000	1.33e-08	-1.12e-01	0.7321
0.360	-6.41e-03	0.2	-3.31e-02	1.000	1.33e-08	-1.12e-01	0.7321
0.370	-6.74e-03	0.2	-3.38e-02	1.000	1.33e-08	-1.12e-01	0.7321
0.380	-7.08e-03	0.2	-3.45e-02	1.000	1.33e-08	-1.12e-01	0.7321
0.390	-7.43e-03	0.2	-3.52e-02	1.000	1.33e-08	-1.12e-01	0.7321
0.400	-7.79e-03	0.2	-3.58e-02	1.000	1.33e-08	-1.12e-01	0.7321
0.410	-8.15e-03	0.2	-3.65e-02	1.000	1.33e-08	-1.12e-01	0.7321
0.420	-8.52e-03	0.2	-3.72e-02	1.000	1.33e-08	-1.12e-01	0.7321
0.430	-8.90e-03	0.1	-3.78e-02	1.000	1.33e-08	-1.12e-01	0.7321
0.440	-9.28e-03	0.1	-3.84e-02	1.000	1.33e-08	-1.12e-01	0.7321
0.450	-9.67e-03	0.1	-3.91e-02	1.000	1.33e-08	-1.12e-01	0.7321
0.460	-1.01e-02	0.1	-3.97e-02	1.000	1.33e-08	-1.12e-01	0.7321
0.470	-1.05e-02	0.1	-4.03e-02	1.000	1.33e-08	-1.12e-01	0.7321
0.480	-1.09e-02	0.1	-4.09e-02	1.000	1.33e-08	-1.12e-01	0.7321
0.490	-1.13e-02	0.1	-4.14e-02	1.000	1.33e-08	-1.12e-01	0.7321
0.500	-1.17e-02	0.1	-4.20e-02	1.000	1.33e-08	-1.12e-01	0.7321
0.510	-1.21e-02	0.1	-4.26e-02	1.000	1.33e-08	-1.12e-01	0.7321
0.520	-1.25e-02	0.1	-4.31e-02	1.000	1.33e-08	-1.12e-01	0.7321
0.530	-1.30e-02	0.1	-4.36e-02	1.000	1.33e-08	-1.12e-01	0.7321
0.540	-1.34e-02	0.1	-4.41e-02	1.000	1.33e-08	-1.12e-01	0.7321
0.550	-1.39e-02	0.1	-4.47e-02	1.000	1.33e-08	-1.12e-01	0.7321
0.560	-1.43e-02	0.1	-4.52e-02	1.000	1.33e-08	-1.12e-01	0.7321
0.570	-1.48e-02	0.1	-4.56e-02	1.000	1.33e-08	-1.12e-01	0.7321
0.580	-1.52e-02	0.1	-4.61e-02	1.000	1.33e-08	-1.12e-01	0.7321
0.590	-1.57e-02	0.1	-4.66e-02	1.000	1.33e-08	-1.12e-01	0.7321
0.600	-1.62e-02	0.1	-4.70e-02	1.000	1.33e-08	-1.12e-01	0.7321
0.610	-1.66e-02	0.1	-4.75e-02	1.000	1.33e-08	-1.12e-01	0.7321
0.620	-1.71e-02	0.1	-4.79e-02	1.000	1.33e-08	-1.12e-01	0.7321
0.630	-1.76e-02	0.1	-4.83e-02	1.000	1.33e-08	-1.12e-01	0.7321
0.640	-1.81e-02	0.1	-4.87e-02	1.000	1.33e-08	-1.12e-01	0.7321
0.650	-1.86e-02	0.1	-4.91e-02	1.000	1.33e-08	-1.12e-01	0.7321
0.660	-1.91e-02	0.1	-4.95e-02	1.000	1.33e-08	-1.12e-01	0.7321
0.670	-1.96e-02	0.0	-4.99e-02	1.000	1.33e-08	-1.12e-01	0.7321
0.680	-2.01e-02	0.0	-5.03e-02	1.000	1.33e-08	-1.12e-01	0.7321
0.690	-2.06e-02	0.0	-5.06e-02	1.000	1.33e-08	-1.12e-01	0.7321
0.700	-2.11e-02	0.0	-5.10e-02	1.000	1.33e-08	-1.12e-01	0.7321
0.710	-2.16e-02	0.0	-5.13e-02	1.000	1.33e-08	-1.12e-01	0.7321
0.720	-2.21e-02	0.0	-5.16e-02	1.000	1.33e-08	-1.12e-01	0.7321
0.730	-2.26e-02	0.0	-5.19e-02	1.000	1.33e-08	-1.12e-01	0.7321
0.740	-2.31e-02	0.0	-5.22e-02	1.000	1.33e-08	-1.12e-01	0.7321
0.750	-2.37e-02	0.0	-5.25e-02	1.000	1.33e-08	-1.12e-01	0.7321
0.760	-2.42e-02	0.0	-5.28e-02	1.000	1.33e-08	-1.12e-01	0.7321
0.770	-2.47e-02	0.0	-5.30e-02	1.000	1.33e-08	-1.12e-01	0.7321
0.780	-2.53e-02	0.0	-5.33e-02	1.000	1.33e-08	-1.12e-01	0.7321
0.790	-2.58e-02	0.0	-5.35e-02	1.000	1.33e-08	-1.12e-01	0.7321
0.800	-2.63e-02	0.0	-5.37e-02	1.000	1.33e-08	-1.12e-01	0.7321
0.810	-2.69e-02	0.0	-5.40e-02	1.000	1.33e-08	-1.12e-01	0.7321
0.820	-2.74e-02	0.0	-5.42e-02	1.000	1.33e-08	-1.12e-01	0.7321
0.830	-2.79e-02	0.0	-5.44e-02	1.000	1.33e-08	-1.12e-01	0.7321
0.840	-2.85e-02	0.0	-5.45e-02	1.000	1.33e-08	-1.12e-01	0.7321
0.850	-2.90e-02	0.0	-5.47e-02	1.000	1.33e-08	-1.12e-01	0.7321
0.860	-2.96e-02	0.0	-5.49e-02	1.000	1.33e-08	-1.12e-01	0.7321
0.870	-3.01e-02	0.0	-5.50e-02	1.000	1.33e-08	-1.12e-01	0.7321
0.880	-3.07e-02	-0.0	-5.52e-02	1.000	1.33e-08	-1.12e-01	0.7321
0.890	-3.12e-02	-0.0	-5.53e-02	1.000	1.33e-08	-1.12e-01	0.7321
0.900	-3.18e-02	-0.0	-5.54e-02	1.000	1.33e-08	-1.12e-01	0.7321
0.910	-3.23e-02	-0.0	-5.55e-02	1.000	1.33e-08	-1.12e-01	0.7321
0.920	-3.29e-02	-0.0	-5.56e-02	1.000	1.33e-08	-1.12e-01	0.7321
0.930	-3.35e-02	-0.0	-5.57e-02	1.000	1.33e-08	-1.12e-01	0.7321
0.940	-3.40e-02	-0.0	-5.58e-02	1.000	1.33e-08	-1.12e-01	0.7321
0.950	-3.46e-02	-0.0	-5.58e-02	1.000	1.33e-08	-1.12e-01	0.7321
0.960	-3.51e-02	-0.0	-5.59e-02	1.000	1.33e-08	-1.12e-01	0.7321
0.970	-3.57e-02	-0.0	-5.59e-02	1.000	1.33e-08	-1.12e-01	0.7321
0.980	-3.63e-02	-0.0	-5.59e-02	1.000	1.33e-08	-1.12e-01	0.7321
0.990	-3.68e-02	-0.0	-5.60e-02	1.000	1.33e-08	-1.12e-01	0.7321
1.000	-3.74e-02	-0.0	-5.60e-02	1.000	1.33e-08	-1.12e-01	0.7321
