1.000	0.00e+00	0.0	0.00e+00	-5.00e-04	0.00	0.00e+00	2.3780	8.33e-17	0
0.981	-6.71e-05	0.0	-2.00e-12	-5.00e-04	0.00	0.00e+00	2.3780	8.33e-17	19
0.962	-2.76e-04	0.0	-4.00e-12	-5.00e-04	0.00	0.00e+00	2.3780	8.33e-17	38
0.943	-6.26e-04	0.0	-6.00e-12	-5.00e-04	0.00	0.00e+00	2.3780	8.33e-17	57
0.924	-1.12e-03	0.0	-8.00e-12	-5.00e-04	0.00	0.00e+00	2.3780	8.33e-17	76
0.905	-1.75e-03	0.0	-1.00e-11	-5.00e-04	0.00	0.00e+00	2.3780	8.33e-17	95
0.886	-2.53e-03	0.0	-1.20e-11	-5.00e-04	0.00	-0.00e+00	2.3780	8.33e-17	114
0.867	-3.44e-03	0.0	-1.40e-11	-5.00e-04	0.00	0.00e+00	2.3780	8.33e-17	133
0.848	-4.50e-03	0.0	-1.60e-11	-5.00e-04	0.00	0.00e+00	2.3780	8.33e-17	152
0.829	-5.70e-03	0.0	-1.80e-11	-5.00e-04	0.00	0.00e+00	2.3780	8.33e-17	171
0.810	-7.05e-03	0.0	-2.00e-11	-5.00e-04	0.00	0.00e+00	2.3780	8.33e-17	190
0.791	-8.53e-03	0.0	-2.20e-11	-5.00e-04	0.00	0.00e+00	2.3780	8.33e-17	209
0.772	-1.02e-02	0.0	-2.40e-11	-5.00e-04	0.00	0.00e+00	2.3780	8.33e-17	228
0.753	-1.19e-02	0.0	-2.60e-11	-5.00e-04	0.00	0.00e+00	2.3780	8.33e-17	247
0.734	-1.38e-02	0.0	-2.80e-11	-5.00e-04	0.00	0.00e+00	2.3780	8.33e-17	266
0.715	-1.59e-02	0.0	-3.00e-11	-5.00e-04	0.00	0.00e+00	2.3780	8.33e-17	285
0.696	-1.81e-02	0.0	-3.20e-11	-5.00e-04	0.00	0.00e+00	2.3780	8.33e-17	304
0.677	-2.04e-02	0.0	-3.40e-11	-5.00e-04	0.00	0.00e+00	2.3780	8.33e-17	323
0.658	-2.29e-02	0.0	-3.60e-11	-5.00e-04	0.00	0.00e+00	2.3780	8.33e-17	342
0.639	-2.55e-02	0.0	-3.80e-11	-5.00e-04	0.00	0.00e+00	2.3780	8.33e-17	361
0.620	-2.83e-02	0.0	-4.00e-11	-5.00e-04	0.00	0.00e+00	2.3780	8.33e-17	380
0.601	-3.12e-02	0.0	-4.20e-11	-5.00e-04	0.00	0.00e+00	2.3780	8.33e-17	399
0.582	-3.42e-02	0.0	-4.40e-11	-5.00e-04	0.00	0.00e+00	2.3780	8.33e-17	418
0.563	-3.74e-02	0.0	-4.60e-11	-5.00e-04	0.00	0.00e+00	2.3780	8.33e-17	437
0.544	-4.07e-02	0.0	-4.80e-11	-5.00e-04	0.00	0.00e+00	2.3780	8.33e-17	456
0.525	-4.42e-02	0.0	-5.00e-11	-5.00e-04	0.00	0.00e+00	2.3780	8.33e-17	475
0.506	-4.78e-02	0.0	-5.20e-11	-5.00e-04	0.00	0.00e+00	2.3780	8.33e-17	494
0.487	-5.15e-02	0.0	-5.40e-11	-5.00e-04	0.00	0.00e+00	2.3780	8.33e-17	513
0.468	-5.54e-02	0.0	-5.60e-11	-5.00e-04	0.00	0.00e+00	2.3780	8.33e-17	532
0.449	-5.95e-02	0.0	-5.80e-11	-5.00e-04	0.00	0.00e+00	2.3780	8.33e-17	551
0.430	-6.36e-02	0.0	-6.00e-11	-5.00e-04	0.00	0.00e+00	2.3780	8.33e-17	570
0.411	-6.80e-02	0.0	-6.20e-11	-5.00e-04	0.00	-0.00e+00	2.3780	8.33e-17	589
0.392	-7.24e-02	0.0	-6.40e-11	-5.00e-04	0.00	0.00e+00	2.3780	8.33e-17	608
0.373	-7.70e-02	0.0	-6.60e-11	-5.00e-04	0.00	0.00e+00	2.3780	8.33e-17	627
0.354	-8.18e-02	0.0	-6.80e-11	-5.00e-04	0.00	0.00e+00	2.3780	8.33e-17	646
0.335	-8.66e-02	0.0	-7.00e-11	-5.00e-04	0.00	0.00e+00	2.3780	8.33e-17	665
0.316	-9.17e-02	0.0	-7.20e-11	-5.00e-04	0.00	0.00e+00	2.3780	8.33e-17	684
0.297	-9.68e-02	0.0	-7.40e-11	-5.00e-04	0.00	0.00e+00	2.3780	8.33e-17	703
0.278	-1.02e-01	0.0	-7.60e-11	-5.00e-04	0.00	0.00e+00	2.3780	8.33e-17	722
0.259	-1.08e-01	0.0	-7.80e-11	-5.00e-04	0.00	0.00e+00	2.3780	8.33e-17	741
0.240	-1.13e-01	0.0	-8.00e-11	-5.00e-04	0.00	0.00e+00	2.3780	8.33e-17	760
0.221	-1.19e-01	0.0	-8.20e-11	-5.00e-04	0.00	0.00e+00	2.3780	8.33e-17	779
0.202	-1.25e-01	0.0	-8.40e-11	-5.00e-04	0.00	0.00e+00	2.3780	8.33e-17	798
0.183	-1.31e-01	0.0	-8.60e-11	-5.00e-04	0.00	0.00e+00	2.3780	8.33e-17	817
0.164	-1.37e-01	0.0	-8.80e-11	-5.00e-04	0.00	0.00e+00	2.3780	8.33e-17	836
0.145	-1.43e-01	0.0	-9.00e-11	-5.00e-04	0.00	0.00e+00	2.3780	8.33e-17	855
0.126	-1.50e-01	0.0	-9.20e-11	-5.00e-04	0.00	0.00e+00	2.3780	8.33e-17	874
0.107	-1.56e-01	0.0	-9.40e-11	-5.00e-04	0.00	0.00e+00	2.3780	8.33e-17	893
0.088	-1.63e-01	0.0	-9.60e-11	-5.00e-04	0.00	0.00e+00	2.3780	8.33e-17	912
0.069	-1.70e-01	0.0	-9.80e-11	-5.00e-04	0.00	0.00e+00	2.3780	8.33e-17	931
0.050	-1.77e-01	0.0	-1.00e-10	-5.00e-04	0.00	0.00e+00	2.3780	8.33e-17	950
0.031	-1.84e-01	0.0	-1.02e-10	-5.00e-04	0.00	0.00e+00	2.3780	8.33e-17	969
0.012	-1.91e-01	0.0	-1.04e-10	-5.00e-04	0.00	0.00e+00	2.3780	8.33e-17	988
