1.000	0.00e+00	0.0	0.00e+00	-5.00e-02	0.00	0.00e+00	0.0000	8.33e-15	0
1.000	0.00e+00	0.0	0.00e+00	-4.00e-02	0.00	0.00e+00	0.0000	8.33e-15	0
1.000	0.00e+00	0.0	0.00e+00	-3.00e-02	0.00	0.00e+00	0.0000	8.33e-15	0
1.000	0.00e+00	0.0	0.00e+00	-2.00e-02	0.00	0.00e+00	0.0000	8.33e-15	0
1.000	0.00e+00	0.0	0.00e+00	-1.00e-02	0.00	0.00e+00	0.0000	8.33e-15	0
1.000	0.00e+00	0.0	0.00e+00	3.47e-18	0.00	0.00e+00	0.0000	8.33e-15	0
1.000	0.00e+00	0.0	0.00e+00	1.00e-02	0.00	0.00e+00	0.0000	8.33e-15	0
1.000	0.00e+00	0.0	0.00e+00	2.00e-02	0.00	0.00e+00	0.0000	8.33e-15	0
1.000	0.00e+00	0.0	0.00e+00	3.00e-02	0.00	0.00e+00	0.0000	8.33e-15	0
1.000	0.00e+00	0.0	0.00e+00	4.00e-02	0.00	0.00e+00	0.0000	8.33e-15	0
0.990	0.00e+00	0.0	4.61e-07	-5.00e-02	0.00	0.00e+00	0.0000	8.33e-15	1
0.990	0.00e+00	0.0	4.61e-07	-4.00e-02	0.00	0.00e+00	0.0000	8.33e-15	1
0.990	0.00e+00	0.0	4.61e-07	-3.00e-02	0.00	0.00e+00	0.0000	8.33e-15	1
0.990	0.00e+00	0.0	4.61e-07	-2.00e-02	0.00	0.00e+00	0.0000	8.33e-15	1
0.990	0.00e+00	0.0	4.61e-07	-1.00e-02	0.00	0.00e+00	0.0000	8.33e-15	1
0.990	0.00e+00	0.0	4.61e-07	3.47e-18	0.00	0.00e+00	0.0000	8.33e-15	1
0.990	0.00e+00	0.0	4.61e-07	1.00e-02	0.00	0.00e+00	0.0000	8.33e-15	1
0.990	0.00e+00	0.0	4.61e-07	2.00e-02	0.00	0.00e+00	0.0000	8.33e-15	1
0.990	0.00e+00	0.0	4.61e-07	3.00e-02	0.00	0.00e+00	0.0000	8.33e-15	1
0.990	0.00e+00	0.0	4.61e-07	4.00e-02	0.00	0.00e+00	0.0000	8.33e-15	1
0.980	4.61e-08	0.0	9.21e-07	-5.00e-02	0.00	0.00e+00	0.0000	8.33e-15	2
0.980	4.61e-08	0.0	9.21e-07	-4.00e-02	0.00	0.00e+00	0.0000	8.33e-15	2
0.980	4.61e-08	0.0	9.21e-07	-3.00e-02	0.00	0.00e+00	0.0000	8.33e-15	2
0.980	4.61e-08	0.0	9.21e-07	-2.00e-02	0.00	0.00e+00	0.0000	8.33e-15	2
0.980	4.61e-08	0.0	9.21e-07	-1.00e-02	0.00	0.00e+00	0.0000	8.33e-15	2
0.980	4.61e-08	0.0	9.21e-07	3.47e-18	0.00	0.00e+00	0.0000	8.33e-15	2
0.980	4.61e-08	0.0	9.21e-07	1.00e-02	0.00	0.00e+00	0.0000	8.33e-15	2
0.980	4.61e-08	0.0	9.21e-07	2.00e-02	0.00	0.00e+00	0.0000	8.33e-15	2
0.980	4.61e-08	0.0	9.21e-07	3.00e-02	0.00	0.00e+00	0.0000	8.33e-15	2
0.980	4.61e-08	0.0	9.21e-07	4.00e-02	0.00	0.00e+00	0.0000	8.33e-15	2
0.970	1.38e-07	0.0	1.35e-06	-5.00e-02	0.00	0.00e+00	0.0000	8.33e-15	3
0.970	1.38e-07	0.0	1.35e-06	-4.00e-02	0.00	0.00e+00	0.0000	8.33e-15	3
0.970	1.38e-07	0.0	1.35e-06	-3.00e-02	0.00	0.00e+00	0.0000	8.33e-15	3
0.970	1.38e-07	0.0	1.35e-06	-2.00e-02	0.00	0.00e+00	0.0000	8.33e-15	3
0.970	1.38e-07	0.0	1.35e-06	-1.00e-02	0.00	0.00e+00	0.0000	8.33e-15	3
0.970	1.38e-07	0.0	1.35e-06	3.47e-18	0.00	0.00e+00	0.0000	8.33e-15	3
0.970	1.38e-07	0.0	1.35e-06	1.00e-02	0.00	0.00e+00	0.0000	8.33e-15	3
0.970	1.38e-07	0.0	1.35e-06	2.00e-02	0.00	0.00e+00	0.0000	8.33e-15	3
0.970	1.38e-07	0.0	1.35e-06	3.00e-02	0.00	0.00e+00	0.0000	8.33e-15	3
0.970	1.38e-07	0.0	1.35e-06	4.00e-02	0.00	0.00e+00	0.0000	8.33e-15	3
0.960	2.74e-07	0.0	1.75e-06	-5.00e-02	0.00	0.00e+00	0.0000	8.33e-15	4
0.960	2.74e-07	0.0	1.75e-06	-4.00e-02	0.00	0.00e+00	0.0000	8.33e-15	4
0.960	2.74e-07	0.0	1.75e-06	-3.00e-02	0.00	0.00e+00	0.0000	8.33e-15	4
0.960	2.74e-07	0.0	1.75e-06	-2.00e-02	0.00	0.00e+00	0.0000	8.33e-15	4
0.960	2.74e-07	0.0	1.75e-06	-1.00e-02	0.00	0.00e+00	0.0000	8.33e-15	4
0.960	2.74e-07	0.0	1.75e-06	3.47e-18	0.00	0.00e+00	0.0000	8.33e-15	4
0.960	2.74e-07	0.0	1.75e-06	1.00e-02	0.00	0.00e+00	0.0000	8.33e-15	4
0.960	2.74e-07	0.0	1.75e-06	2.00e-02	0.00	0.00e+00	0.0000	8.33e-15	4
0.960	2.74e-07	0.0	1.75e-06	3.00e-02	0.00	0.00e+00	0.0000	8.33e-15	4
0.960	2.74e-07	0.0	1.75e-06	4.00e-02	0.00	0.00e+00	0.0000	8.33e-15	4
0.950	4.49e-07	0.0	2.10e-06	-5.00e-02	0.00	0.00e+00	0.0000	8.33e-15	5
0.950	4.49e-07	0.0	2.10e-06	-4.00e-02	0.00	0.00e+00	0.0000	8.33e-15	5
0.950	4.49e-07	0.0	2.10e-06	-3.00e-02	0.00	0.00e+00	0.0000	8.33e-15	5
0.950	4.49e-07	0.0	2.10e-06	-2.00e-02	0.00	0.00e+00	0.0000	8.33e-15	5
0.950	4.49e-07	0.0	2.10e-06	-1.00e-02	0.00	0.00e+00	0.0000	8.33e-15	5
0.950	4.49e-07	0.0	2.10e-06	3.47e-18	0.00	0.00e+00	0.0000	8.33e-15	5
0.950	4.49e-07	0.0	2.10e-06	1.00e-02	0.00	0.00e+00	0.0000	8.33e-15	5
0.950	4.49e-07	0.0	2.10e-06	2.00e-02	0.00	0.00e+00	0.0000	8.33e-15	5
0.950	4.49e-07	0.0	2.10e-06	3.00e-02	0.00	0.00e+00	0.0000	8.33e-15	5
0.950	4.49e-07	0.0	2.10e-06	4.00e-02	0.00	0.00e+00	0.0000	8.33e-15	5
0.940	6.58e-07	0.0	2.38e-06	-5.00e-02	0.00	0.00e+00	0.0000	8.33e-15	6
0.940	6.58e-07	0.0	2.38e-06	-4.00e-02	0.00	0.00e+00	0.0000	8.33e-15	6
0.940	6.58e-07	0.0	2.38e-06	-3.00e-02	0.00	0.00e+00	0.0000	8.33e-15	6
0.940	6.58e-07	0.0	2.38e-06	-2.00e-02	0.00	0.00e+00	0.0000	8.33e-15	6
0.940	6.58e-07	0.0	2.38e-06	-1.00e-02	0.00	0.00e+00	0.0000	8.33e-15	6
0.940	6.58e-07	0.0	2.38e-06	3.47e-18	0.00	0.00e+00	0.0000	8.33e-15	6
0.940	6.58e-07	0.0	2.38e-06	1.00e-02	0.00	0.00e+00	0.0000	8.33e-15	6
0.940	6.58e-07	0.0	2.38e-06	2.00e-02	0.00	0.00e+00	0.0000	8.33e-15	6
0.940	6.58e-07	0.0	2.38e-06	3.00e-02	0.00	0.00e+00	0.0000	8.33e-15	6
0.940	6.58e-07	0.0	2.38e-06	4.00e-02	0.00	0.00e+00	0.0000	8.33e-15	6
0.930	8.97e-07	0.0	2.60e-06	-5.00e-02	0.00	0.00e+00	0.0000	8.33e-15	7
0.930	8.97e-07	0.0	2.60e-06	-4.00e-02	0.00	0.00e+00	0.0000	8.33e-15	7
0.930	8.97e-07	0.0	2.60e-06	-3.00e-02	0.00	0.00e+00	0.0000	8.33e-15	7
0.930	8.97e-07	0.0	2.60e-06	-2.00e-02	0.00	0.00e+00	0.0000	8.33e-15	7
0.930	8.97e-07	0.0	2.60e-06	-1.00e-02	0.00	0.00e+00	0.0000	8.33e-15	7
0.930	8.97e-07	0.0	2.60e-06	3.47e-18	0.00	0.00e+00	0.0000	8.33e-15	7
0.930	8.97e-07	0.0	2.60e-06	1.00e-02	0.00	0.00e+00	0.0000	8.33e-15	7
0.930	8.97e-07	0.0	2.60e-06	2.00e-02	0.00	0.00e+00	0.0000	8.33e-15	7
0.930	8.97e-07	0.0	2.60e-06	3.00e-02	0.00	0.00e+00	0.0000	8.33e-15	7
0.930	8.97e-07	0.0	2.60e-06	4.00e-02	0.00	0.00e+00	0.0000	8.33e-15	7
0.920	1.16e-06	0.0	2.74e-06	-5.00e-02	0.00	0.00e+00	0.0000	8.33e-15	8
0.920	1.16e-06	0.0	2.74e-06	-4.00e-02	0.00	0.00e+00	0.0000	8.33e-15	8
0.920	1.16e-06	0.0	2.74e-06	-3.00e-02	0.00	0.00e+00	0.0000	8.33e-15	8
0.920	1.16e-06	0.0	2.74e-06	-2.00e-02	0.00	0.00e+00	0.0000	8.33e-15	8
0.920	1.16e-06	0.0	2.74e-06	-1.00e-02	0.00	0.00e+00	0.0000	8.33e-15	8
0.920	1.16e-06	0.0	2.74e-06	3.47e-18	0.00	0.00e+00	0.0000	8.33e-15	8
0.920	1.16e-06	0.0	2.74e-06	1.00e-02	0.00	0.00e+00	0.0000	8.33e-15	8
0.920	1.16e-06	0.0	2.74e-06	2.00e-02	0.00	0.00e+00	0.0000	8.33e-15	8
0.920	1.16e-06	0.0	2.74e-06	3.00e-02	0.00	0.00e+00	0.0000	8.33e-15	8
0.920	1.16e-06	0.0	2.74e-06	4.00e-02	0.00	0.00e+00	0.0000	8.33e-15	8
0.910	1.43e-06	0.0	2.80e-06	-5.00e-02	0.00	0.00e+00	0.0000	8.33e-15	9
0.910	1.43e-06	0.0	2.80e-06	-4.00e-02	0.00	0.00e+00	0.0000	8.33e-15	9
0.910	1.43e-06	0.0	2.80e-06	-3.00e-02	0.00	0.00e+00	0.0000	8.33e-15	9
0.910	1.43e-06	0.0	2.80e-06	-2.00e-02	0.00	0.00e+00	0.0000	8.33e-15	9
0.910	1.43e-06	0.0	2.80e-06	-1.00e-02	0.00	0.00e+00	0.0000	8.33e-15	9
0.910	1.43e-06	0.0	2.80e-06	3.47e-18	0.00	0.00e+00	0.0000	8.33e-15	9
0.910	1.43e-06	0.0	2.80e-06	1.00e-02	0.00	0.00e+00	0.0000	8.33e-15	9
0.910	1.43e-06	0.0	2.80e-06	2.00e-02	0.00	0.00e+00	0.0000	8.33e-15	9
0.910	1.43e-06	0.0	2.80e-06	3.00e-02	0.00	0.00e+00	0.0000	8.33e-15	9
0.910	1.43e-06	0.0	2.80e-06	4.00e-02	0.00	0.00e+00	0.0000	8.33e-15	9
0.900	1.71e-06	0.0	2.78e-06	-5.00e-02	0.00	0.00e+00	0.0000	8.33e-15	10
0.900	1.71e-06	0.0	2.78e-06	-4.00e-02	0.00	0.00e+00	0.0000	8.33e-15	10
0.900	1.71e-06	0.0	2.78e-06	-3.00e-02	0.00	0.00e+00	0.0000	8.33e-15	10
0.900	1.71e-06	0.0	2.78e-06	-2.00e-02	0.00	0.00e+00	0.0000	8.33e-15	10
0.900	1.71e-06	0.0	2.78e-06	-1.00e-02	0.00	0.00e+00	0.0000	8.33e-15	10
0.900	1.71e-06	0.0	2.78e-06	3.47e-18	0.00	0.00e+00	0.0000	8.33e-15	10
0.900	1.71e-06	0.0	2.78e-06	1.00e-02	0.00	0.00e+00	0.0000	8.33e-15	10
0.900	1.71e-06	0.0	2.78e-06	2.00e-02	0.00	0.00e+00	0.0000	8.33e-15	10
0.900	1.71e-06	0.0	2.78e-06	3.00e-02	0.00	0.00e+00	0.0000	8.33e-15	10
0.900	1.71e-06	0.0	2.78e-06	4.00e-02	0.00	0.00e+00	0.0000	8.33e-15	10
0.890	1.99e-06	0.0	2.67e-06	-5.00e-02	0.00	0.00e+00	0.0000	8.33e-15	11
0.890	1.99e-06	0.0	2.67e-06	-4.00e-02	0.00	0.00e+00	0.0000	8.33e-15	11
0.890	1.99e-06	0.0	2.67e-06	-3.00e-02	0.00	0.00e+00	0.0000	8.33e-15	11
0.890	1.99e-06	0.0	2.67e-06	-2.00e-02	0.00	0.00e+00	0.0000	8.33e-15	11
0.890	1.99e-06	0.0	2.67e-06	-1.00e-02	0.00	0.00e+00	0.0000	8.33e-15	11
0.890	1.99e-06	0.0	2.67e-06	3.47e-18	0.00	0.00e+00	0.0000	8.33e-15	11
0.890	1.99e-06	0.0	2.67e-06	1.00e-02	0.00	0.00e+00	0.0000	8.33e-15	11
0.890	1.99e-06	0.0	2.67e-06	2.00e-02	0.00	0.00e+00	0.0000	8.33e-15	11
0.890	1.99e-06	0.0	2.67e-06	3.00e-02	0.00	0.00e+00	0.0000	8.33e-15	11
0.890	1.99e-06	0.0	2.67e-06	4.00e-02	0.00	0.00e+00	0.0000	8.33e-15	11
0.880	2.26e-06	0.0	2.48e-06	-5.00e-02	0.00	0.00e+00	0.0000	8.33e-15	12
0.880	2.26e-06	0.0	2.48e-06	-4.00e-02	0.00	0.00e+00	0.0000	8.33e-15	12
0.880	2.26e-06	0.0	2.48e-06	-3.00e-02	0.00	0.00e+00	0.0000	8.33e-15	12
0.880	2.26e-06	0.0	2.48e-06	-2.00e-02	0.00	0.00e+00	0.0000	8.33e-15	12
0.880	2.26e-06	0.0	2.48e-06	-1.00e-02	0.00	0.00e+00	0.0000	8.33e-15	12
0.880	2.26e-06	0.0	2.48e-06	3.47e-18	0.00	0.00e+00	0.0000	8.33e-15	12
0.880	2.26e-06	0.0	2.48e-06	1.00e-02	0.00	0.00e+00	0.0000	8.33e-15	12
0.880	2.26e-06	0.0	2.48e-06	2.00e-02	0.00	0.00e+00	0.0000	8.33e-15	12
0.880	2.26e-06	0.0	2.48e-06	3.00e-02	0.00	0.00e+00	0.0000	8.33e-15	12
0.880	2.26e-06	0.0	2.48e-06	4.00e-02	0.00	0.00e+00	0.0000	8.33e-15	12
0.870	2.50e-06	0.0	2.21e-06	-5.00e-02	0.00	0.00e+00	0.0000	8.33e-15	13
0.870	2.50e-06	0.0	2.21e-06	-4.00e-02	0.00	0.00e+00	0.0000	8.33e-15	13
0.870	2.50e-06	0.0	2.21e-06	-3.00e-02	0.00	0.00e+00	0.0000	8.33e-15	13
0.870	2.50e-06	0.0	2.21e-06	-2.00e-02	0.00	0.00e+00	0.0000	8.33e-15	13
0.870	2.50e-06	0.0	2.21e-06	-1.00e-02	0.00	0.00e+00	0.0000	8.33e-15	13
0.870	2.50e-06	0.0	2.21e-06	3.47e-18	0.00	0.00e+00	0.0000	8.33e-15	13
0.870	2.50e-06	0.0	2.21e-06	1.00e-02	0.00	0.00e+00	0.0000	8.33e-15	13
0.870	2.50e-06	0.0	2.21e-06	2.00e-02	0.00	0.00e+00	0.0000	8.33e-15	13
0.870	2.50e-06	0.0	2.21e-06	3.00e-02	0.00	0.00e+00	0.0000	8.33e-15	13
0.870	2.50e-06	0.0	2.21e-06	4.00e-02	0.00	0.00e+00	0.0000	8.33e-15	13
0.860	2.72e-06	0.0	1.87e-06	-5.00e-02	0.00	0.00e+00	0.0000	8.33e-15	14
0.860	2.72e-06	0.0	1.87e-06	-4.00e-02	0.00	0.00e+00	0.0000	8.33e-15	14
0.860	2.72e-06	0.0	1.87e-06	-3.00e-02	0.00	0.00e+00	0.0000	8.33e-15	14
0.860	2.72e-06	0.0	1.87e-06	-2.00e-02	0.00	0.00e+00	0.0000	8.33e-15	14
0.860	2.72e-06	0.0	1.87e-06	-1.00e-02	0.00	0.00e+00	0.0000	8.33e-15	14
0.860	2.72e-06	0.0	1.87e-06	3.47e-18	0.00	0.00e+00	0.0000	8.33e-15	14
0.860	2.72e-06	0.0	1.87e-06	1.00e-02	0.00	0.00e+00	0.0000	8.33e-15	14
0.860	2.72e-06	0.0	1.87e-06	2.00e-02	0.00	0.00e+00	0.0000	8.33e-15	14
0.860	2.72e-06	0.0	1.87e-06	3.00e-02	0.00	0.00e+00	0.0000	8.33e-15	14
0.860	2.72e-06	0.0	1.87e-06	4.00e-02	0.00	0.00e+00	0.0000	8.33e-15	14
0.850	2.91e-06	0.0	1.47e-06	-5.00e-02	0.00	0.00e+00	0.0000	8.33e-15	15
0.850	2.91e-06	0.0	1.47e-06	-4.00e-02	0.00	0.00e+00	0.0000	8.33e-15	15
0.850	2.91e-06	0.0	1.47e-06	-3.00e-02	0.00	0.00e+00	0.0000	8.33e-15	15
0.850	2.91e-06	0.0	1.47e-06	-2.00e-02	0.00	0.00e+00	0.0000	8.33e-15	15
0.850	2.91e-06	0.0	1.47e-06	-1.00e-02	0.00	0.00e+00	0.0000	8.33e-15	15
0.850	2.91e-06	0.0	1.47e-06	3.47e-18	0.00	0.00e+00	0.0000	8.33e-15	15
0.850	2.91e-06	0.0	1.47e-06	1.00e-02	0.00	0.00e+00	0.0000	8.33e-15	15
0.850	2.91e-06	0.0	1.47e-06	2.00e-02	0.00	0.00e+00	0.0000	8.33e-15	15
0.850	2.91e-06	0.0	1.47e-06	3.00e-02	0.00	0.00e+00	0.0000	8.33e-15	15
0.850	2.91e-06	0.0	1.47e-06	4.00e-02	0.00	0.00e+00	0.0000	8.33e-15	15
0.840	3.06e-06	0.0	1.02e-06	-5.00e-02	0.00	0.00e+00	0.0000	8.33e-15	16
0.840	3.06e-06	0.0	1.02e-06	-4.00e-02	0.00	0.00e+00	0.0000	8.33e-15	16
0.840	3.06e-06	0.0	1.02e-06	-3.00e-02	0.00	0.00e+00	0.0000	8.33e-15	16
0.840	3.06e-06	0.0	1.02e-06	-2.00e-02	0.00	0.00e+00	0.0000	8.33e-15	16
0.840	3.06e-06	0.0	1.02e-06	-1.00e-02	0.00	0.00e+00	0.0000	8.33e-15	16
0.840	3.06e-06	0.0	1.02e-06	3.47e-18	0.00	0.00e+00	0.0000	8.33e-15	16
0.840	3.06e-06	0.0	1.02e-06	1.00e-02	0.00	0.00e+00	0.0000	8.33e-15	16
0.840	3.06e-06	0.0	1.02e-06	2.00e-02	0.00	0.00e+00	0.0000	8.33e-15	16
0.840	3.06e-06	0.0	1.02e-06	3.00e-02	0.00	0.00e+00	0.0000	8.33e-15	16
0.840	3.06e-06	0.0	1.02e-06	4.00e-02	0.00	0.00e+00	0.0000	8.33e-15	16
0.830	3.16e-06	0.0	5.42e-07	-5.00e-02	0.00	0.00e+00	0.0000	8.33e-15	17
0.830	3.16e-06	0.0	5.42e-07	-4.00e-02	0.00	0.00e+00	0.0000	8.33e-15	17
0.830	3.16e-06	0.0	5.42e-07	-3.00e-02	0.00	0.00e+00	0.0000	8.33e-15	17
0.830	3.16e-06	0.0	5.42e-07	-2.00e-02	0.00	0.00e+00	0.0000	8.33e-15	17
0.830	3.16e-06	0.0	5.42e-07	-1.00e-02	0.00	0.00e+00	0.0000	8.33e-15	17
0.830	3.16e-06	0.0	5.42e-07	3.47e-18	0.00	0.00e+00	0.0000	8.33e-15	17
0.830	3.16e-06	0.0	5.42e-07	1.00e-02	0.00	0.00e+00	0.0000	8.33e-15	17
0.830	3.16e-06	0.0	5.42e-07	2.00e-02	0.00	0.00e+00	0.0000	8.33e-15	17
0.830	3.16e-06	0.0	5.42e-07	3.00e-02	0.00	0.00e+00	0.0000	8.33e-15	17
0.830	3.16e-06	0.0	5.42e-07	4.00e-02	0.00	0.00e+00	0.0000	8.33e-15	17
0.820	3.22e-06	0.0	3.85e-08	-5.00e-02	0.00	0.00e+00	0.0000	8.33e-15	18
0.820	3.22e-06	0.0	3.85e-08	-4.00e-02	0.00	0.00e+00	0.0000	8.33e-15	18
0.820	3.22e-06	0.0	3.85e-08	-3.00e-02	0.00	0.00e+00	0.0000	8.33e-15	18
0.820	3.22e-06	0.0	3.85e-08	-2.00e-02	0.00	0.00e+00	0.0000	8.33e-15	18
0.820	3.22e-06	0.0	3.85e-08	-1.00e-02	0.00	0.00e+00	0.0000	8.33e-15	18
0.820	3.22e-06	0.0	3.85e-08	3.47e-18	0.00	0.00e+00	0.0000	8.33e-15	18
0.820	3.22e-06	0.0	3.85e-08	1.00e-02	0.00	0.00e+00	0.0000	8.33e-15	18
0.820	3.22e-06	0.0	3.85e-08	2.00e-02	0.00	0.00e+00	0.0000	8.33e-15	18
0.820	3.22e-06	0.0	3.85e-08	3.00e-02	0.00	0.00e+00	0.0000	8.33e-15	18
0.820	3.22e-06	0.0	3.85e-08	4.00e-02	0.00	0.00e+00	0.0000	8.33e-15	18
0.810	3.22e-06	0.0	-4.72e-07	-5.00e-02	0.00	0.00e+00	0.0000	8.33e-15	19
0.810	3.22e-06	0.0	-4.72e-07	-4.00e-02	0.00	0.00e+00	0.0000	8.33e-15	19
0.810	3.22e-06	0.0	-4.72e-07	-3.00e-02	0.00	0.00e+00	0.0000	8.33e-15	19
0.810	3.22e-06	0.0	-4.72e-07	-2.00e-02	0.00	0.00e+00	0.0000	8.33e-15	19
0.810	3.22e-06	0.0	-4.72e-07	-1.00e-02	0.00	0.00e+00	0.0000	8.33e-15	19
0.810	3.22e-06	0.0	-4.72e-07	3.47e-18	0.00	0.00e+00	0.0000	8.33e-15	19
0.810	3.22e-06	0.0	-4.72e-07	1.00e-02	0.00	0.00e+00	0.0000	8.33e-15	19
0.810	3.22e-06	0.0	-4.72e-07	2.00e-02	0.00	0.00e+00	0.0000	8.33e-15	19
0.810	3.22e-06	0.0	-4.72e-07	3.00e-02	0.00	0.00e+00	0.0000	8.33e-15	19
0.810	3.22e-06	0.0	-4.72e-07	4.00e-02	0.00	0.00e+00	0.0000	8.33e-15	19
0.800	3.17e-06	0.0	-9.73e-07	-5.00e-02	0.00	0.00e+00	0.0000	8.33e-15	20
0.800	3.17e-06	0.0	-9.73e-07	-4.00e-02	0.00	0.00e+00	0.0000	8.33e-15	20
0.800	3.17e-06	0.0	-9.73e-07	-3.00e-02	0.00	0.00e+00	0.0000	8.33e-15	20
0.800	3.17e-06	0.0	-9.73e-07	-2.00e-02	0.00	0.00e+00	0.0000	8.33e-15	20
0.800	3.17e-06	0.0	-9.73e-07	-1.00e-02	0.00	0.00e+00	0.0000	8.33e-15	20
0.800	3.17e-06	0.0	-9.73e-07	3.47e-18	0.00	0.00e+00	0.0000	8.33e-15	20
0.800	3.17e-06	0.0	-9.73e-07	1.00e-02	0.00	0.00e+00	0.0000	8.33e-15	20
0.800	3.17e-06	0.0	-9.73e-07	2.00e-02	0.00	0.00e+00	0.0000	8.33e-15	20
0.800	3.17e-06	0.0	-9.73e-07	3.00e-02	0.00	0.00e+00	0.0000	8.33e-15	20
0.800	3.17e-06	0.0	-9.73e-07	4.00e-02	0.00	0.00e+00	0.0000	8.33e-15	20
0.790	3.08e-06	0.0	-1.45e-06	-5.00e-02	0.00	0.00e+00	0.0000	8.33e-15	21
0.790	3.08e-06	0.0	-1.45e-06	-4.00e-02	0.00	0.00e+00	0.0000	8.33e-15	21
0.790	3.08e-06	0.0	-1.45e-06	-3.00e-02	0.00	0.00e+00	0.0000	8.33e-15	21
0.790	3.08e-06	0.0	-1.45e-06	-2.00e-02	0.00	0.00e+00	0.0000	8.33e-15	21
0.790	3.08e-06	0.0	-1.45e-06	-1.00e-02	0.00	0.00e+00	0.0000	8.33e-15	21
0.790	3.08e-06	0.0	-1.45e-06	3.47e-18	0.00	0.00e+00	0.0000	8.33e-15	21
0.790	3.08e-06	0.0	-1.45e-06	1.00e-02	0.00	0.00e+00	0.0000	8.33e-15	21
0.790	3.08e-06	0.0	-1.45e-06	2.00e-02	0.00	0.00e+00	0.0000	8.33e-15	21
0.790	3.08e-06	0.0	-1.45e-06	3.00e-02	0.00	0.00e+00	0.0000	8.33e-15	21
0.790	3.08e-06	0.0	-1.45e-06	4.00e-02	0.00	0.00e+00	0.0000	8.33e-15	21
0.780	2.93e-06	0.0	-1.89e-06	-5.00e-02	0.00	0.00e+00	0.0000	8.33e-15	22
0.780	2.93e-06	0.0	-1.89e-06	-4.00e-02	0.00	0.00e+00	0.0000	8.33e-15	22
0.780	2.93e-06	0.0	-1.89e-06	-3.00e-02	0.00	0.00e+00	0.0000	8.33e-15	22
0.780	2.93e-06	0.0	-1.89e-06	-2.00e-02	0.00	0.00e+00	0.0000	8.33e-15	22
0.780	2.93e-06	0.0	-1.89e-06	-1.00e-02	0.00	0.00e+00	0.0000	8.33e-15	22
0.780	2.93e-06	0.0	-1.89e-06	3.47e-18	0.00	0.00e+00	0.0000	8.33e-15	22
0.780	2.93e-06	0.0	-1.89e-06	1.00e-02	0.00	0.00e+00	0.0000	8.33e-15	22
0.780	2.93e-06	0.0	-1.89e-06	2.00e-02	0.00	0.00e+00	0.0000	8.33e-15	22
0.780	2.93e-06	0.0	-1.89e-06	3.00e-02	0.00	0.00e+00	0.0000	8.33e-15	22
0.780	2.93e-06	0.0	-1.89e-06	4.00e-02	0.00	0.00e+00	0.0000	8.33e-15	22
0.770	2.74e-06	0.0	-2.27e-06	-5.00e-02	0.00	0.00e+00	0.0000	8.33e-15	23
0.770	2.74e-06	0.0	-2.27e-06	-4.00e-02	0.00	0.00e+00	0.0000	8.33e-15	23
0.770	2.74e-06	0.0	-2.27e-06	-3.00e-02	0.00	0.00e+00	0.0000	8.33e-15	23
0.770	2.74e-06	0.0	-2.27e-06	-2.00e-02	0.00	0.00e+00	0.0000	8.33e-15	23
0.770	2.74e-06	0.0	-2.27e-06	-1.00e-02	0.00	0.00e+00	0.0000	8.33e-15	23
0.770	2.74e-06	0.0	-2.27e-06	3.47e-18	0.00	0.00e+00	0.0000	8.33e-15	23
0.770	2.74e-06	0.0	-2.27e-06	1.00e-02	0.00	0.00e+00	0.0000	8.33e-15	23
0.770	2.74e-06	0.0	-2.27e-06	2.00e-02	0.00	0.00e+00	0.0000	8.33e-15	23
0.770	2.74e-06	0.0	-2.27e-06	3.00e-02	0.00	0.00e+00	0.0000	8.33e-15	23
0.770	2.74e-06	0.0	-2.27e-06	4.00e-02	0.00	0.00e+00	0.0000	8.33e-15	23
0.760	2.51e-06	0.0	-2.59e-06	-5.00e-02	0.00	0.00e+00	0.0000	8.33e-15	24
0.760	2.51e-06	0.0	-2.59e-06	-4.00e-02	0.00	0.00e+00	0.0000	8.33e-15	24
0.760	2.51e-06	0.0	-2.59e-06	-3.00e-02	0.00	0.00e+00	0.0000	8.33e-15	24
0.760	2.51e-06	0.0	-2.59e-06	-2.00e-02	0.00	0.00e+00	0.0000	8.33e-15	24
0.760	2.51e-06	0.0	-2.59e-06	-1.00e-02	0.00	0.00e+00	0.0000	8.33e-15	24
0.760	2.51e-06	0.0	-2.59e-06	3.47e-18	0.00	0.00e+00	0.0000	8.33e-15	24
0.760	2.51e-06	0.0	-2.59e-06	1.00e-02	0.00	0.00e+00	0.0000	8.33e-15	24
0.760	2.51e-06	0.0	-2.59e-06	2.00e-02	0.00	0.00e+00	0.0000	8.33e-15	24
0.760	2.51e-06	0.0	-2.59e-06	3.00e-02	0.00	0.00e+00	0.0000	8.33e-15	24
0.760	2.51e-06	0.0	-2.59e-06	4.00e-02	0.00	0.00e+00	0.0000	8.33e-15	24
0.750	2.26e-06	0.0	-2.84e-06	-5.00e-02	0.00	0.00e+00	0.0000	8.33e-15	25
0.750	2.26e-06	0.0	-2.84e-06	-4.00e-02	0.00	0.00e+00	0.0000	8.33e-15	25
0.750	2.26e-06	0.0	-2.84e-06	-3.00e-02	0.00	0.00e+00	0.0000	8.33e-15	25
0.750	2.26e-06	0.0	-2.84e-06	-2.00e-02	0.00	0.00e+00	0.0000	8.33e-15	25
0.750	2.26e-06	0.0	-2.84e-06	-1.00e-02	0.00	0.00e+00	0.0000	8.33e-15	25
0.750	2.26e-06	0.0	-2.84e-06	3.47e-18	0.00	0.00e+00	0.0000	8.33e-15	25
0.750	2.26e-06	0.0	-2.84e-06	1.00e-02	0.00	0.00e+00	0.0000	8.33e-15	25
0.750	2.26e-06	0.0	-2.84e-06	2.00e-02	0.00	0.00e+00	0.0000	8.33e-15	25
0.750	2.26e-06	0.0	-2.84e-06	3.00e-02	0.00	0.00e+00	0.0000	8.33e-15	25
0.750	2.26e-06	0.0	-2.84e-06	4.00e-02	0.00	0.00e+00	0.0000	8.33e-15	25
0.740	1.97e-06	0.0	-3.00e-06	-5.00e-02	0.00	0.00e+00	0.0000	8.33e-15	26
0.740	1.97e-06	0.0	-3.00e-06	-4.00e-02	0.00	0.00e+00	0.0000	8.33e-15	26
0.740	1.97e-06	0.0	-3.00e-06	-3.00e-02	0.00	0.00e+00	0.0000	8.33e-15	26
0.740	1.97e-06	0.0	-3.00e-06	-2.00e-02	0.00	0.00e+00	0.0000	8.33e-15	26
0.740	1.97e-06	0.0	-3.00e-06	-1.00e-02	0.00	0.00e+00	0.0000	8.33e-15	26
0.740	1.97e-06	0.0	-3.00e-06	3.47e-18	0.00	0.00e+00	0.0000	8.33e-15	26
0.740	1.97e-06	0.0	-3.00e-06	1.00e-02	0.00	0.00e+00	0.0000	8.33e-15	26
0.740	1.97e-06	0.0	-3.00e-06	2.00e-02	0.00	0.00e+00	0.0000	8.33e-15	26
0.740	1.97e-06	0.0	-3.00e-06	3.00e-02	0.00	0.00e+00	0.0000	8.33e-15	26
0.740	1.97e-06	0.0	-3.00e-06	4.00e-02	0.00	0.00e+00	0.0000	8.33e-15	26
0.730	1.67e-06	0.0	-3.07e-06	-5.00e-02	0.00	0.00e+00	0.0000	8.33e-15	27
0.730	1.67e-06	0.0	-3.07e-06	-4.00e-02	0.00	0.00e+00	0.0000	8.33e-15	27
0.730	1.67e-06	0.0	-3.07e-06	-3.00e-02	0.00	0.00e+00	0.0000	8.33e-15	27
0.730	1.67e-06	0.0	-3.07e-06	-2.00e-02	0.00	0.00e+00	0.0000	8.33e-15	27
0.730	1.67e-06	0.0	-3.07e-06	-1.00e-02	0.00	0.00e+00	0.0000	8.33e-15	27
0.730	1.67e-06	0.0	-3.07e-06	3.47e-18	0.00	0.00e+00	0.0000	8.33e-15	27
0.730	1.67e-06	0.0	-3.07e-06	1.00e-02	0.00	0.00e+00	0.0000	8.33e-15	27
0.730	1.67e-06	0.0	-3.07e-06	2.00e-02	0.00	0.00e+00	0.0000	8.33e-15	27
0.730	1.67e-06	0.0	-3.07e-06	3.00e-02	0.00	0.00e+00	0.0000	8.33e-15	27
0.730	1.67e-06	0.0	-3.07e-06	4.00e-02	0.00	0.00e+00	0.0000	8.33e-15	27
0.720	1.37e-06	0.0	-3.05e-06	-5.00e-02	0.00	0.00e+00	0.0000	8.33e-15	28
0.720	1.37e-06	0.0	-3.05e-06	-4.00e-02	0.00	0.00e+00	0.0000	8.33e-15	28
0.720	1.37e-06	0.0	-3.05e-06	-3.00e-02	0.00	0.00e+00	0.0000	8.33e-15	28
0.720	1.37e-06	0.0	-3.05e-06	-2.00e-02	0.00	0.00e+00	0.0000	8.33e-15	28
0.720	1.37e-06	0.0	-3.05e-06	-1.00e-02	0.00	0.00e+00	0.0000	8.33e-15	28
0.720	1.37e-06	0.0	-3.05e-06	3.47e-18	0.00	0.00e+00	0.0000	8.33e-15	28
0.720	1.37e-06	0.0	-3.05e-06	1.00e-02	0.00	0.00e+00	0.0000	8.33e-15	28
0.720	1.37e-06	0.0	-3.05e-06	2.00e-02	0.00	0.00e+00	0.0000	8.33e-15	28
0.720	1.37e-06	0.0	-3.05e-06	3.00e-02	0.00	0.00e+00	0.0000	8.33e-15	28
0.720	1.37e-06	0.0	-3.05e-06	4.00e-02	0.00	0.00e+00	0.0000	8.33e-15	28
0.710	1.06e-06	0.0	-2.93e-06	-5.00e-02	0.00	0.00e+00	0.0000	8.33e-15	29
0.710	1.06e-06	0.0	-2.93e-06	-4.00e-02	0.00	0.00e+00	0.0000	8.33e-15	29
0.710	1.06e-06	0.0	-2.93e-06	-3.00e-02	0.00	0.00e+00	0.0000	8.33e-15	29
0.710	1.06e-06	0.0	-2.93e-06	-2.00e-02	0.00	0.00e+00	0.0000	8.33e-15	29
0.710	1.06e-06	0.0	-2.93e-06	-1.00e-02	0.00	0.00e+00	0.0000	8.33e-15	29
0.710	1.06e-06	0.0	-2.93e-06	3.47e-18	0.00	0.00e+00	0.0000	8.33e-15	29
0.710	1.06e-06	0.0	-2.93e-06	1.00e-02	0.00	0.00e+00	0.0000	8.33e-15	29
0.710	1.06e-06	0.0	-2.93e-06	2.00e-02	0.00	0.00e+00	0.0000	8.33e-15	29
0.710	1.06e-06	0.0	-2.93e-06	3.00e-02	0.00	0.00e+00	0.0000	8.33e-15	29
0.710	1.06e-06	0.0	-2.93e-06	4.00e-02	0.00	0.00e+00	0.0000	8.33e-15	29
0.700	7.67e-07	0.0	-2.73e-06	-5.00e-02	0.00	0.00e+00	0.0000	8.33e-15	30
0.700	7.67e-07	0.0	-2.73e-06	-4.00e-02	0.00	0.00e+00	0.0000	8.33e-15	30
0.700	7.67e-07	0.0	-2.73e-06	-3.00e-02	0.00	0.00e+00	0.0000	8.33e-15	30
0.700	7.67e-07	0.0	-2.73e-06	-2.00e-02	0.00	0.00e+00	0.0000	8.33e-15	30
0.700	7.67e-07	0.0	-2.73e-06	-1.00e-02	0.00	0.00e+00	0.0000	8.33e-15	30
0.700	7.67e-07	0.0	-2.73e-06	3.47e-18	0.00	0.00e+00	0.0000	8.33e-15	30
0.700	7.67e-07	0.0	-2.73e-06	1.00e-02	0.00	0.00e+00	0.0000	8.33e-15	30
0.700	7.67e-07	0.0	-2.73e-06	2.00e-02	0.00	0.00e+00	0.0000	8.33e-15	30
0.700	7.67e-07	0.0	-2.73e-06	3.00e-02	0.00	0.00e+00	0.0000	8.33e-15	30
0.700	7.67e-07	0.0	-2.73e-06	4.00e-02	0.00	0.00e+00	0.0000	8.33e-15	30
0.690	4.94e-07	0.0	-2.44e-06	-5.00e-02	0.00	0.00e+00	0.0000	8.33e-15	31
0.690	4.94e-07	0.0	-2.44e-06	-4.00e-02	0.00	0.00e+00	0.0000	8.33e-15	31
0.690	4.94e-07	0.0	-2.44e-06	-3.00e-02	0.00	0.00e+00	0.0000	8.33e-15	31
0.690	4.94e-07	0.0	-2.44e-06	-2.00e-02	0.00	0.00e+00	0.0000	8.33e-15	31
0.690	4.94e-07	0.0	-2.44e-06	-1.00e-02	0.00	0.00e+00	0.0000	8.33e-15	31
0.690	4.94e-07	0.0	-2.44e-06	3.47e-18	0.00	0.00e+00	0.0000	8.33e-15	31
0.690	4.94e-07	0.0	-2.44e-06	1.00e-02	0.00	0.00e+00	0.0000	8.33e-15	31
0.690	4.94e-07	0.0	-2.44e-06	2.00e-02	0.00	0.00e+00	0.0000	8.33e-15	31
0.690	4.94e-07	0.0	-2.44e-06	3.00e-02	0.00	0.00e+00	0.0000	8.33e-15	31
0.690	4.94e-07	0.0	-2.44e-06	4.00e-02	0.00	0.00e+00	0.0000	8.33e-15	31
0.680	2.50e-07	0.0	-2.08e-06	-5.00e-02	0.00	0.00e+00	0.0000	8.33e-15	32
0.680	2.50e-07	0.0	-2.08e-06	-4.00e-02	0.00	0.00e+00	0.0000	8.33e-15	32
0.680	2.50e-07	0.0	-2.08e-06	-3.00e-02	0.00	0.00e+00	0.0000	8.33e-15	32
0.680	2.50e-07	0.0	-2.08e-06	-2.00e-02	0.00	0.00e+00	0.0000	8.33e-15	32
0.680	2.50e-07	0.0	-2.08e-06	-1.00e-02	0.00	0.00e+00	0.0000	8.33e-15	32
0.680	2.50e-07	0.0	-2.08e-06	3.47e-18	0.00	0.00e+00	0.0000	8.33e-15	32
0.680	2.50e-07	0.0	-2.08e-06	1.00e-02	0.00	0.00e+00	0.0000	8.33e-15	32
0.680	2.50e-07	0.0	-2.08e-06	2.00e-02	0.00	0.00e+00	0.0000	8.33e-15	32
0.680	2.50e-07	0.0	-2.08e-06	3.00e-02	0.00	0.00e+00	0.0000	8.33e-15	32
0.680	2.50e-07	0.0	-2.08e-06	4.00e-02	0.00	0.00e+00	0.0000	8.33e-15	32
0.670	4.20e-08	0.0	-1.65e-06	-5.00e-02	0.00	0.00e+00	0.0000	8.33e-15	33
0.670	4.20e-08	0.0	-1.65e-06	-4.00e-02	0.00	0.00e+00	0.0000	8.33e-15	33
0.670	4.20e-08	0.0	-1.65e-06	-3.00e-02	0.00	0.00e+00	0.0000	8.33e-15	33
0.670	4.20e-08	0.0	-1.65e-06	-2.00e-02	0.00	0.00e+00	0.0000	8.33e-15	33
0.670	4.20e-08	0.0	-1.65e-06	-1.00e-02	0.00	0.00e+00	0.0000	8.33e-15	33
0.670	4.20e-08	0.0	-1.65e-06	3.47e-18	0.00	0.00e+00	0.0000	8.33e-15	33
0.670	4.20e-08	0.0	-1.65e-06	1.00e-02	0.00	0.00e+00	0.0000	8.33e-15	33
0.670	4.20e-08	0.0	-1.65e-06	2.00e-02	0.00	0.00e+00	0.0000	8.33e-15	33
0.670	4.20e-08	0.0	-1.65e-06	3.00e-02	0.00	0.00e+00	0.0000	8.33e-15	33
0.670	4.20e-08	0.0	-1.65e-06	4.00e-02	0.00	0.00e+00	0.0000	8.33e-15	33
0.660	-1.23e-07	0.0	-1.16e-06	-5.00e-02	0.00	0.00e+00	0.0000	8.33e-15	34
0.660	-1.23e-07	0.0	-1.16e-06	-4.00e-02	0.00	0.00e+00	0.0000	8.33e-15	34
0.660	-1.23e-07	0.0	-1.16e-06	-3.00e-02	0.00	0.00e+00	0.0000	8.33e-15	34
0.660	-1.23e-07	0.0	-1.16e-06	-2.00e-02	0.00	0.00e+00	0.0000	8.33e-15	34
0.660	-1.23e-07	0.0	-1.16e-06	-1.00e-02	0.00	0.00e+00	0.0000	8.33e-15	34
0.660	-1.23e-07	0.0	-1.16e-06	3.47e-18	0.00	0.00e+00	0.0000	8.33e-15	34
0.660	-1.23e-07	0.0	-1.16e-06	1.00e-02	0.00	0.00e+00	0.0000	8.33e-15	34
0.660	-1.23e-07	0.0	-1.16e-06	2.00e-02	0.00	0.00e+00	0.0000	8.33e-15	34
0.660	-1.23e-07	0.0	-1.16e-06	3.00e-02	0.00	0.00e+00	0.0000	8.33e-15	34
0.660	-1.23e-07	0.0	-1.16e-06	4.00e-02	0.00	0.00e+00	0.0000	8.33e-15	34
0.650	-2.39e-07	0.0	-6.34e-07	-5.00e-02	0.00	0.00e+00	0.0000	8.33e-15	35
0.650	-2.39e-07	0.0	-6.34e-07	-4.00e-02	0.00	0.00e+00	0.0000	8.33e-15	35
0.650	-2.39e-07	0.0	-6.34e-07	-3.00e-02	0.00	0.00e+00	0.0000	8.33e-15	35
0.650	-2.39e-07	0.0	-6.34e-07	-2.00e-02	0.00	0.00e+00	0.0000	8.33e-15	35
0.650	-2.39e-07	0.0	-6.34e-07	-1.00e-02	0.00	0.00e+00	0.0000	8.33e-15	35
0.650	-2.39e-07	0.0	-6.34e-07	3.47e-18	0.00	0.00e+00	0.0000	8.33e-15	35
0.650	-2.39e-07	0.0	-6.34e-07	1.00e-02	0.00	0.00e+00	0.0000	8.33e-15	35
0.650	-2.39e-07	0.0	-6.34e-07	2.00e-02	0.00	0.00e+00	0.0000	8.33e-15	35
0.650	-2.39e-07	0.0	-6.34e-07	3.00e-02	0.00	0.00e+00	0.0000	8.33e-15	35
0.650	-2.39e-07	0.0	-6.34e-07	4.00e-02	0.00	0.00e+00	0.0000	8.33e-15	35
0.640	-3.02e-07	0.0	-8.38e-08	-5.00e-02	0.00	0.00e+00	0.0000	8.33e-15	36
0.640	-3.02e-07	0.0	-8.38e-08	-4.00e-02	0.00	0.00e+00	0.0000	8.33e-15	36
0.640	-3.02e-07	0.0	-8.38e-08	-3.00e-02	0.00	0.00e+00	0.0000	8.33e-15	36
0.640	-3.02e-07	0.0	-8.38e-08	-2.00e-02	0.00	0.00e+00	0.0000	8.33e-15	36
0.640	-3.02e-07	0.0	-8.38e-08	-1.00e-02	0.00	0.00e+00	0.0000	8.33e-15	36
0.640	-3.02e-07	0.0	-8.38e-08	3.47e-18	0.00	0.00e+00	0.0000	8.33e-15	36
0.640	-3.02e-07	0.0	-8.38e-08	1.00e-02	0.00	0.00e+00	0.0000	8.33e-15	36
0.640	-3.02e-07	0.0	-8.38e-08	2.00e-02	0.00	0.00e+00	0.0000	8.33e-15	36
0.640	-3.02e-07	0.0	-8.38e-08	3.00e-02	0.00	0.00e+00	0.0000	8.33e-15	36
0.640	-3.02e-07	0.0	-8.38e-08	4.00e-02	0.00	0.00e+00	0.0000	8.33e-15	36
0.630	-3.10e-07	0.0	4.75e-07	-5.00e-02	0.00	0.00e+00	0.0000	8.33e-15	37
0.630	-3.10e-07	0.0	4.75e-07	-4.00e-02	0.00	0.00e+00	0.0000	8.33e-15	37
0.630	-3.10e-07	0.0	4.75e-07	-3.00e-02	0.00	0.00e+00	0.0000	8.33e-15	37
0.630	-3.10e-07	0.0	4.75e-07	-2.00e-02	0.00	0.00e+00	0.0000	8.33e-15	37
0.630	-3.10e-07	0.0	4.75e-07	-1.00e-02	0.00	0.00e+00	0.0000	8.33e-15	37
0.630	-3.10e-07	0.0	4.75e-07	3.47e-18	0.00	0.00e+00	0.0000	8.33e-15	37
0.630	-3.10e-07	0.0	4.75e-07	1.00e-02	0.00	0.00e+00	0.0000	8.33e-15	37
0.630	-3.10e-07	0.0	4.75e-07	2.00e-02	0.00	0.00e+00	0.0000	8.33e-15	37
0.630	-3.10e-07	0.0	4.75e-07	3.00e-02	0.00	0.00e+00	0.0000	8.33e-15	37
0.630	-3.10e-07	0.0	4.75e-07	4.00e-02	0.00	0.00e+00	0.0000	8.33e-15	37
0.620	-2.63e-07	0.0	1.02e-06	-5.00e-02	0.00	0.00e+00	0.0000	8.33e-15	38
0.620	-2.63e-07	0.0	1.02e-06	-4.00e-02	0.00	0.00e+00	0.0000	8.33e-15	38
0.620	-2.63e-07	0.0	1.02e-06	-3.00e-02	0.00	0.00e+00	0.0000	8.33e-15	38
0.620	-2.63e-07	0.0	1.02e-06	-2.00e-02	0.00	0.00e+00	0.0000	8.33e-15	38
0.620	-2.63e-07	0.0	1.02e-06	-1.00e-02	0.00	0.00e+00	0.0000	8.33e-15	38
0.620	-2.63e-07	0.0	1.02e-06	3.47e-18	0.00	0.00e+00	0.0000	8.33e-15	38
0.620	-2.63e-07	0.0	1.02e-06	1.00e-02	0.00	0.00e+00	0.0000	8.33e-15	38
0.620	-2.63e-07	0.0	1.02e-06	2.00e-02	0.00	0.00e+00	0.0000	8.33e-15	38
0.620	-2.63e-07	0.0	1.02e-06	3.00e-02	0.00	0.00e+00	0.0000	8.33e-15	38
0.620	-2.63e-07	0.0	1.02e-06	4.00e-02	0.00	0.00e+00	0.0000	8.33e-15	38
0.610	-1.60e-07	0.0	1.55e-06	-5.00e-02	0.00	0.00e+00	0.0000	8.33e-15	39
0.610	-1.60e-07	0.0	1.55e-06	-4.00e-02	0.00	0.00e+00	0.0000	8.33e-15	39
0.610	-1.60e-07	0.0	1.55e-06	-3.00e-02	0.00	0.00e+00	0.0000	8.33e-15	39
0.610	-1.60e-07	0.0	1.55e-06	-2.00e-02	0.00	0.00e+00	0.0000	8.33e-15	39
0.610	-1.60e-07	0.0	1.55e-06	-1.00e-02	0.00	0.00e+00	0.0000	8.33e-15	39
0.610	-1.60e-07	0.0	1.55e-06	3.47e-18	0.00	0.00e+00	0.0000	8.33e-15	39
0.610	-1.60e-07	0.0	1.55e-06	1.00e-02	0.00	0.00e+00	0.0000	8.33e-15	39
0.610	-1.60e-07	0.0	1.55e-06	2.00e-02	0.00	0.00e+00	0.0000	8.33e-15	39
0.610	-1.60e-07	0.0	1.55e-06	3.00e-02	0.00	0.00e+00	0.0000	8.33e-15	39
0.610	-1.60e-07	0.0	1.55e-06	4.00e-02	0.00	0.00e+00	0.0000	8.33e-15	39
0.600	-5.55e-09	0.0	2.03e-06	-5.00e-02	0.00	0.00e+00	0.0000	8.33e-15	40
0.600	-5.55e-09	0.0	2.03e-06	-4.00e-02	0.00	0.00e+00	0.0000	8.33e-15	40
0.600	-5.55e-09	0.0	2.03e-06	-3.00e-02	0.00	0.00e+00	0.0000	8.33e-15	40
0.600	-5.55e-09	0.0	2.03e-06	-2.00e-02	0.00	0.00e+00	0.0000	8.33e-15	40
0.600	-5.55e-09	0.0	2.03e-06	-1.00e-02	0.00	0.00e+00	0.0000	8.33e-15	40
0.600	-5.55e-09	0.0	2.03e-06	3.47e-18	0.00	0.00e+00	0.0000	8.33e-15	40
0.600	-5.55e-09	0.0	2.03e-06	1.00e-02	0.00	0.00e+00	0.0000	8.33e-15	40
0.600	-5.55e-09	0.0	2.03e-06	2.00e-02	0.00	0.00e+00	0.0000	8.33e-15	40
0.600	-5.55e-09	0.0	2.03e-06	3.00e-02	0.00	0.00e+00	0.0000	8.33e-15	40
0.600	-5.55e-09	0.0	2.03e-06	4.00e-02	0.00	0.00e+00	0.0000	8.33e-15	40
0.590	1.98e-07	0.0	2.46e-06	-5.00e-02	0.00	0.00e+00	0.0000	8.33e-15	41
0.590	1.98e-07	0.0	2.46e-06	-4.00e-02	0.00	0.00e+00	0.0000	8.33e-15	41
0.590	1.98e-07	0.0	2.46e-06	-3.00e-02	0.00	0.00e+00	0.0000	8.33e-15	41
0.590	1.98e-07	0.0	2.46e-06	-2.00e-02	0.00	0.00e+00	0.0000	8.33e-15	41
0.590	1.98e-07	0.0	2.46e-06	-1.00e-02	0.00	0.00e+00	0.0000	8.33e-15	41
0.590	1.98e-07	0.0	2.46e-06	3.47e-18	0.00	0.00e+00	0.0000	8.33e-15	41
0.590	1.98e-07	0.0	2.46e-06	1.00e-02	0.00	0.00e+00	0.0000	8.33e-15	41
0.590	1.98e-07	0.0	2.46e-06	2.00e-02	0.00	0.00e+00	0.0000	8.33e-15	41
0.590	1.98e-07	0.0	2.46e-06	3.00e-02	0.00	0.00e+00	0.0000	8.33e-15	41
0.590	1.98e-07	0.0	2.46e-06	4.00e-02	0.00	0.00e+00	0.0000	8.33e-15	41
0.580	4.43e-07	0.0	2.81e-06	-5.00e-02	0.00	0.00e+00	0.0000	8.33e-15	42
0.580	4.43e-07	0.0	2.81e-06	-4.00e-02	0.00	0.00e+00	0.0000	8.33e-15	42
0.580	4.43e-07	0.0	2.81e-06	-3.00e-02	0.00	0.00e+00	0.0000	8.33e-15	42
0.580	4.43e-07	0.0	2.81e-06	-2.00e-02	0.00	0.00e+00	0.0000	8.33e-15	42
0.580	4.43e-07	0.0	2.81e-06	-1.00e-02	0.00	0.00e+00	0.0000	8.33e-15	42
0.580	4.43e-07	0.0	2.81e-06	3.47e-18	0.00	0.00e+00	0.0000	8.33e-15	42
0.580	4.43e-07	0.0	2.81e-06	1.00e-02	0.00	0.00e+00	0.0000	8.33e-15	42
0.580	4.43e-07	0.0	2.81e-06	2.00e-02	0.00	0.00e+00	0.0000	8.33e-15	42
0.580	4.43e-07	0.0	2.81e-06	3.00e-02	0.00	0.00e+00	0.0000	8.33e-15	42
0.580	4.43e-07	0.0	2.81e-06	4.00e-02	0.00	0.00e+00	0.0000	8.33e-15	42
0.570	7.25e-07	0.0	3.09e-06	-5.00e-02	0.00	0.00e+00	0.0000	8.33e-15	43
0.570	7.25e-07	0.0	3.09e-06	-4.00e-02	0.00	0.00e+00	0.0000	8.33e-15	43
0.570	7.25e-07	0.0	3.09e-06	-3.00e-02	0.00	0.00e+00	0.0000	8.33e-15	43
0.570	7.25e-07	0.0	3.09e-06	-2.00e-02	0.00	0.00e+00	0.0000	8.33e-15	43
0.570	7.25e-07	0.0	3.09e-06	-1.00e-02	0.00	0.00e+00	0.0000	8.33e-15	43
0.570	7.25e-07	0.0	3.09e-06	3.47e-18	0.00	0.00e+00	0.0000	8.33e-15	43
0.570	7.25e-07	0.0	3.09e-06	1.00e-02	0.00	0.00e+00	0.0000	8.33e-15	43
0.570	7.25e-07	0.0	3.09e-06	2.00e-02	0.00	0.00e+00	0.0000	8.33e-15	43
0.570	7.25e-07	0.0	3.09e-06	3.00e-02	0.00	0.00e+00	0.0000	8.33e-15	43
0.570	7.25e-07	0.0	3.09e-06	4.00e-02	0.00	0.00e+00	0.0000	8.33e-15	43
0.560	1.03e-06	0.0	3.27e-06	-5.00e-02	0.00	0.00e+00	0.0000	8.33e-15	44
0.560	1.03e-06	0.0	3.27e-06	-4.00e-02	0.00	0.00e+00	0.0000	8.33e-15	44
0.560	1.03e-06	0.0	3.27e-06	-3.00e-02	0.00	0.00e+00	0.0000	8.33e-15	44
0.560	1.03e-06	0.0	3.27e-06	-2.00e-02	0.00	0.00e+00	0.0000	8.33e-15	44
0.560	1.03e-06	0.0	3.27e-06	-1.00e-02	0.00	0.00e+00	0.0000	8.33e-15	44
0.560	1.03e-06	0.0	3.27e-06	3.47e-18	0.00	0.00e+00	0.0000	8.33e-15	44
0.560	1.03e-06	0.0	3.27e-06	1.00e-02	0.00	0.00e+00	0.0000	8.33e-15	44
0.560	1.03e-06	0.0	3.27e-06	2.00e-02	0.00	0.00e+00	0.0000	8.33e-15	44
0.560	1.03e-06	0.0	3.27e-06	3.00e-02	0.00	0.00e+00	0.0000	8.33e-15	44
0.560	1.03e-06	0.0	3.27e-06	4.00e-02	0.00	0.00e+00	0.0000	8.33e-15	44
0.550	1.36e-06	0.0	3.36e-06	-5.00e-02	0.00	0.00e+00	0.0000	8.33e-15	45
0.550	1.36e-06	0.0	3.36e-06	-4.00e-02	0.00	0.00e+00	0.0000	8.33e-15	45
0.550	1.36e-06	0.0	3.36e-06	-3.00e-02	0.00	0.00e+00	0.0000	8.33e-15	45
0.550	1.36e-06	0.0	3.36e-06	-2.00e-02	0.00	0.00e+00	0.0000	8.33e-15	45
0.550	1.36e-06	0.0	3.36e-06	-1.00e-02	0.00	0.00e+00	0.0000	8.33e-15	45
0.550	1.36e-06	0.0	3.36e-06	3.47e-18	0.00	0.00e+00	0.0000	8.33e-15	45
0.550	1.36e-06	0.0	3.36e-06	1.00e-02	0.00	0.00e+00	0.0000	8.33e-15	45
0.550	1.36e-06	0.0	3.36e-06	2.00e-02	0.00	0.00e+00	0.0000	8.33e-15	45
0.550	1.36e-06	0.0	3.36e-06	3.00e-02	0.00	0.00e+00	0.0000	8.33e-15	45
0.550	1.36e-06	0.0	3.36e-06	4.00e-02	0.00	0.00e+00	0.0000	8.33e-15	45
0.540	1.70e-06	0.0	3.34e-06	-5.00e-02	0.00	0.00e+00	0.0000	8.33e-15	46
0.540	1.70e-06	0.0	3.34e-06	-4.00e-02	0.00	0.00e+00	0.0000	8.33e-15	46
0.540	1.70e-06	0.0	3.34e-06	-3.00e-02	0.00	0.00e+00	0.0000	8.33e-15	46
0.540	1.70e-06	0.0	3.34e-06	-2.00e-02	0.00	0.00e+00	0.0000	8.33e-15	46
0.540	1.70e-06	0.0	3.34e-06	-1.00e-02	0.00	0.00e+00	0.0000	8.33e-15	46
0.540	1.70e-06	0.0	3.34e-06	3.47e-18	0.00	0.00e+00	0.0000	8.33e-15	46
0.540	1.70e-06	0.0	3.34e-06	1.00e-02	0.00	0.00e+00	0.0000	8.33e-15	46
0.540	1.70e-06	0.0	3.34e-06	2.00e-02	0.00	0.00e+00	0.0000	8.33e-15	46
0.540	1.70e-06	0.0	3.34e-06	3.00e-02	0.00	0.00e+00	0.0000	8.33e-15	46
0.540	1.70e-06	0.0	3.34e-06	4.00e-02	0.00	0.00e+00	0.0000	8.33e-15	46
0.530	2.03e-06	0.0	3.23e-06	-5.00e-02	0.00	0.00e+00	0.0000	8.33e-15	47
0.530	2.03e-06	0.0	3.23e-06	-4.00e-02	0.00	0.00e+00	0.0000	8.33e-15	47
0.530	2.03e-06	0.0	3.23e-06	-3.00e-02	0.00	0.00e+00	0.0000	8.33e-15	47
0.530	2.03e-06	0.0	3.23e-06	-2.00e-02	0.00	0.00e+00	0.0000	8.33e-15	47
0.530	2.03e-06	0.0	3.23e-06	-1.00e-02	0.00	0.00e+00	0.0000	8.33e-15	47
0.530	2.03e-06	0.0	3.23e-06	3.47e-18	0.00	0.00e+00	0.0000	8.33e-15	47
0.530	2.03e-06	0.0	3.23e-06	1.00e-02	0.00	0.00e+00	0.0000	8.33e-15	47
0.530	2.03e-06	0.0	3.23e-06	2.00e-02	0.00	0.00e+00	0.0000	8.33e-15	47
0.530	2.03e-06	0.0	3.23e-06	3.00e-02	0.00	0.00e+00	0.0000	8.33e-15	47
0.530	2.03e-06	0.0	3.23e-06	4.00e-02	0.00	0.00e+00	0.0000	8.33e-15	47
0.520	2.35e-06	0.0	3.01e-06	-5.00e-02	0.00	0.00e+00	0.0000	8.33e-15	48
0.520	2.35e-06	0.0	3.01e-06	-4.00e-02	0.00	0.00e+00	0.0000	8.33e-15	48
0.520	2.35e-06	0.0	3.01e-06	-3.00e-02	0.00	0.00e+00	0.0000	8.33e-15	48
0.520	2.35e-06	0.0	3.01e-06	-2.00e-02	0.00	0.00e+00	0.0000	8.33e-15	48
0.520	2.35e-06	0.0	3.01e-06	-1.00e-02	0.00	0.00e+00	0.0000	8.33e-15	48
0.520	2.35e-06	0.0	3.01e-06	3.47e-18	0.00	0.00e+00	0.0000	8.33e-15	48
0.520	2.35e-06	0.0	3.01e-06	1.00e-02	0.00	0.00e+00	0.0000	8.33e-15	48
0.520	2.35e-06	0.0	3.01e-06	2.00e-02	0.00	0.00e+00	0.0000	8.33e-15	48
0.520	2.35e-06	0.0	3.01e-06	3.00e-02	0.00	0.00e+00	0.0000	8.33e-15	48
0.520	2.35e-06	0.0	3.01e-06	4.00e-02	0.00	0.00e+00	0.0000	8.33e-15	48
0.510	2.65e-06	0.0	2.70e-06	-5.00e-02	0.00	0.00e+00	0.0000	8.33e-15	49
0.510	2.65e-06	0.0	2.70e-06	-4.00e-02	0.00	0.00e+00	0.0000	8.33e-15	49
0.510	2.65e-06	0.0	2.70e-06	-3.00e-02	0.00	0.00e+00	0.0000	8.33e-15	49
0.510	2.65e-06	0.0	2.70e-06	-2.00e-02	0.00	0.00e+00	0.0000	8.33e-15	49
0.510	2.65e-06	0.0	2.70e-06	-1.00e-02	0.00	0.00e+00	0.0000	8.33e-15	49
0.510	2.65e-06	0.0	2.70e-06	3.47e-18	0.00	0.00e+00	0.0000	8.33e-15	49
0.510	2.65e-06	0.0	2.70e-06	1.00e-02	0.00	0.00e+00	0.0000	8.33e-15	49
0.510	2.65e-06	0.0	2.70e-06	2.00e-02	0.00	0.00e+00	0.0000	8.33e-15	49
0.510	2.65e-06	0.0	2.70e-06	3.00e-02	0.00	0.00e+00	0.0000	8.33e-15	49
0.510	2.65e-06	0.0	2.70e-06	4.00e-02	0.00	0.00e+00	0.0000	8.33e-15	49
0.500	2.92e-06	0.0	2.31e-06	-5.00e-02	0.00	0.00e+00	0.0000	8.33e-15	50
0.500	2.92e-06	0.0	2.31e-06	-4.00e-02	0.00	0.00e+00	0.0000	8.33e-15	50
0.500	2.92e-06	0.0	2.31e-06	-3.00e-02	0.00	0.00e+00	0.0000	8.33e-15	50
0.500	2.92e-06	0.0	2.31e-06	-2.00e-02	0.00	0.00e+00	0.0000	8.33e-15	50
0.500	2.92e-06	0.0	2.31e-06	-1.00e-02	0.00	0.00e+00	0.0000	8.33e-15	50
0.500	2.92e-06	0.0	2.31e-06	3.47e-18	0.00	0.00e+00	0.0000	8.33e-15	50
0.500	2.92e-06	0.0	2.31e-06	1.00e-02	0.00	0.00e+00	0.0000	8.33e-15	50
0.500	2.92e-06	0.0	2.31e-06	2.00e-02	0.00	0.00e+00	0.0000	8.33e-15	50
0.500	2.92e-06	0.0	2.31e-06	3.00e-02	0.00	0.00e+00	0.0000	8.33e-15	50
0.500	2.92e-06	0.0	2.31e-06	4.00e-02	0.00	0.00e+00	0.0000	8.33e-15	50
0.490	3.16e-06	0.0	1.84e-06	-5.00e-02	0.00	0.00e+00	0.0000	8.33e-15	51
0.490	3.16e-06	0.0	1.84e-06	-4.00e-02	0.00	0.00e+00	0.0000	8.33e-15	51
0.490	3.16e-06	0.0	1.84e-06	-3.00e-02	0.00	0.00e+00	0.0000	8.33e-15	51
0.490	3.16e-06	0.0	1.84e-06	-2.00e-02	0.00	0.00e+00	0.0000	8.33e-15	51
0.490	3.16e-06	0.0	1.84e-06	-1.00e-02	0.00	0.00e+00	0.0000	8.33e-15	51
0.490	3.16e-06	0.0	1.84e-06	3.47e-18	0.00	0.00e+00	0.0000	8.33e-15	51
0.490	3.16e-06	0.0	1.84e-06	1.00e-02	0.00	0.00e+00	0.0000	8.33e-15	51
0.490	3.16e-06	0.0	1.84e-06	2.00e-02	0.00	0.00e+00	0.0000	8.33e-15	51
0.490	3.16e-06	0.0	1.84e-06	3.00e-02	0.00	0.00e+00	0.0000	8.33e-15	51
0.490	3.16e-06	0.0	1.84e-06	4.00e-02	0.00	0.00e+00	0.0000	8.33e-15	51
0.480	3.34e-06	0.0	1.31e-06	-5.00e-02	0.00	0.00e+00	0.0000	8.33e-15	52
0.480	3.34e-06	0.0	1.31e-06	-4.00e-02	0.00	0.00e+00	0.0000	8.33e-15	52
0.480	3.34e-06	0.0	1.31e-06	-3.00e-02	0.00	0.00e+00	0.0000	8.33e-15	52
0.480	3.34e-06	0.0	1.31e-06	-2.00e-02	0.00	0.00e+00	0.0000	8.33e-15	52
0.480	3.34e-06	0.0	1.31e-06	-1.00e-02	0.00	0.00e+00	0.0000	8.33e-15	52
0.480	3.34e-06	0.0	1.31e-06	3.47e-18	0.00	0.00e+00	0.0000	8.33e-15	52
0.480	3.34e-06	0.0	1.31e-06	1.00e-02	0.00	0.00e+00	0.0000	8.33e-15	52
0.480	3.34e-06	0.0	1.31e-06	2.00e-02	0.00	0.00e+00	0.0000	8.33e-15	52
0.480	3.34e-06	0.0	1.31e-06	3.00e-02	0.00	0.00e+00	0.0000	8.33e-15	52
0.480	3.34e-06	0.0	1.31e-06	4.00e-02	0.00	0.00e+00	0.0000	8.33e-15	52
0.470	3.47e-06	0.0	7.39e-07	-5.00e-02	0.00	0.00e+00	0.0000	8.33e-15	53
0.470	3.47e-06	0.0	7.39e-07	-4.00e-02	0.00	0.00e+00	0.0000	8.33e-15	53
0.470	3.47e-06	0.0	7.39e-07	-3.00e-02	0.00	0.00e+00	0.0000	8.33e-15	53
0.470	3.47e-06	0.0	7.39e-07	-2.00e-02	0.00	0.00e+00	0.0000	8.33e-15	53
0.470	3.47e-06	0.0	7.39e-07	-1.00e-02	0.00	0.00e+00	0.0000	8.33e-15	53
0.470	3.47e-06	0.0	7.39e-07	3.47e-18	0.00	0.00e+00	0.0000	8.33e-15	53
0.470	3.47e-06	0.0	7.39e-07	1.00e-02	0.00	0.00e+00	0.0000	8.33e-15	53
0.470	3.47e-06	0.0	7.39e-07	2.00e-02	0.00	0.00e+00	0.0000	8.33e-15	53
0.470	3.47e-06	0.0	7.39e-07	3.00e-02	0.00	0.00e+00	0.0000	8.33e-15	53
0.470	3.47e-06	0.0	7.39e-07	4.00e-02	0.00	0.00e+00	0.0000	8.33e-15	53
0.460	3.54e-06	0.0	1.37e-07	-5.00e-02	0.00	0.00e+00	0.0000	8.33e-15	54
0.460	3.54e-06	0.0	1.37e-07	-4.00e-02	0.00	0.00e+00	0.0000	8.33e-15	54
0.460	3.54e-06	0.0	1.37e-07	-3.00e-02	0.00	0.00e+00	0.0000	8.33e-15	54
0.460	3.54e-06	0.0	1.37e-07	-2.00e-02	0.00	0.00e+00	0.0000	8.33e-15	54
0.460	3.54e-06	0.0	1.37e-07	-1.00e-02	0.00	0.00e+00	0.0000	8.33e-15	54
0.460	3.54e-06	0.0	1.37e-07	3.47e-18	0.00	0.00e+00	0.0000	8.33e-15	54
0.460	3.54e-06	0.0	1.37e-07	1.00e-02	0.00	0.00e+00	0.0000	8.33e-15	54
0.460	3.54e-06	0.0	1.37e-07	2.00e-02	0.00	0.00e+00	0.0000	8.33e-15	54
0.460	3.54e-06	0.0	1.37e-07	3.00e-02	0.00	0.00e+00	0.0000	8.33e-15	54
0.460	3.54e-06	0.0	1.37e-07	4.00e-02	0.00	0.00e+00	0.0000	8.33e-15	54
0.450	3.56e-06	0.0	-4.75e-07	-5.00e-02	0.00	0.00e+00	0.0000	8.33e-15	55
0.450	3.56e-06	0.0	-4.75e-07	-4.00e-02	0.00	0.00e+00	0.0000	8.33e-15	55
0.450	3.56e-06	0.0	-4.75e-07	-3.00e-02	0.00	0.00e+00	0.0000	8.33e-15	55
0.450	3.56e-06	0.0	-4.75e-07	-2.00e-02	0.00	0.00e+00	0.0000	8.33e-15	55
0.450	3.56e-06	0.0	-4.75e-07	-1.00e-02	0.00	0.00e+00	0.0000	8.33e-15	55
0.450	3.56e-06	0.0	-4.75e-07	3.47e-18	0.00	0.00e+00	0.0000	8.33e-15	55
0.450	3.56e-06	0.0	-4.75e-07	1.00e-02	0.00	0.00e+00	0.0000	8.33e-15	55
0.450	3.56e-06	0.0	-4.75e-07	2.00e-02	0.00	0.00e+00	0.0000	8.33e-15	55
0.450	3.56e-06	0.0	-4.75e-07	3.00e-02	0.00	0.00e+00	0.0000	8.33e-15	55
0.450	3.56e-06	0.0	-4.75e-07	4.00e-02	0.00	0.00e+00	0.0000	8.33e-15	55
0.440	3.51e-06	0.0	-1.08e-06	-5.00e-02	0.00	0.00e+00	0.0000	8.33e-15	56
0.440	3.51e-06	0.0	-1.08e-06	-4.00e-02	0.00	0.00e+00	0.0000	8.33e-15	56
0.440	3.51e-06	0.0	-1.08e-06	-3.00e-02	0.00	0.00e+00	0.0000	8.33e-15	56
0.440	3.51e-06	0.0	-1.08e-06	-2.00e-02	0.00	0.00e+00	0.0000	8.33e-15	56
0.440	3.51e-06	0.0	-1.08e-06	-1.00e-02	0.00	0.00e+00	0.0000	8.33e-15	56
0.440	3.51e-06	0.0	-1.08e-06	3.47e-18	0.00	0.00e+00	0.0000	8.33e-15	56
0.440	3.51e-06	0.0	-1.08e-06	1.00e-02	0.00	0.00e+00	0.0000	8.33e-15	56
0.440	3.51e-06	0.0	-1.08e-06	2.00e-02	0.00	0.00e+00	0.0000	8.33e-15	56
0.440	3.51e-06	0.0	-1.08e-06	3.00e-02	0.00	0.00e+00	0.0000	8.33e-15	56
0.440	3.51e-06	0.0	-1.08e-06	4.00e-02	0.00	0.00e+00	0.0000	8.33e-15	56
0.430	3.40e-06	0.0	-1.66e-06	-5.00e-02	0.00	0.00e+00	0.0000	8.33e-15	57
0.430	3.40e-06	0.0	-1.66e-06	-4.00e-02	0.00	0.00e+00	0.0000	8.33e-15	57
0.430	3.40e-06	0.0	-1.66e-06	-3.00e-02	0.00	0.00e+00	0.0000	8.33e-15	57
0.430	3.40e-06	0.0	-1.66e-06	-2.00e-02	0.00	0.00e+00	0.0000	8.33e-15	57
0.430	3.40e-06	0.0	-1.66e-06	-1.00e-02	0.00	0.00e+00	0.0000	8.33e-15	57
0.430	3.40e-06	0.0	-1.66e-06	3.47e-18	0.00	0.00e+00	0.0000	8.33e-15	57
0.430	3.40e-06	0.0	-1.66e-06	1.00e-02	0.00	0.00e+00	0.0000	8.33e-15	57
0.430	3.40e-06	0.0	-1.66e-06	2.00e-02	0.00	0.00e+00	0.0000	8.33e-15	57
0.430	3.40e-06	0.0	-1.66e-06	3.00e-02	0.00	0.00e+00	0.0000	8.33e-15	57
0.430	3.40e-06	0.0	-1.66e-06	4.00e-02	0.00	0.00e+00	0.0000	8.33e-15	57
0.420	3.24e-06	0.0	-2.19e-06	-5.00e-02	0.00	0.00e+00	0.0000	8.33e-15	58
0.420	3.24e-06	0.0	-2.19e-06	-4.00e-02	0.00	0.00e+00	0.0000	8.33e-15	58
0.420	3.24e-06	0.0	-2.19e-06	-3.00e-02	0.00	0.00e+00	0.0000	8.33e-15	58
0.420	3.24e-06	0.0	-2.19e-06	-2.00e-02	0.00	0.00e+00	0.0000	8.33e-15	58
0.420	3.24e-06	0.0	-2.19e-06	-1.00e-02	0.00	0.00e+00	0.0000	8.33e-15	58
0.420	3.24e-06	0.0	-2.19e-06	3.47e-18	0.00	0.00e+00	0.0000	8.33e-15	58
0.420	3.24e-06	0.0	-2.19e-06	1.00e-02	0.00	0.00e+00	0.0000	8.33e-15	58
0.420	3.24e-06	0.0	-2.19e-06	2.00e-02	0.00	0.00e+00	0.0000	8.33e-15	58
0.420	3.24e-06	0.0	-2.19e-06	3.00e-02	0.00	0.00e+00	0.0000	8.33e-15	58
0.420	3.24e-06	0.0	-2.19e-06	4.00e-02	0.00	0.00e+00	0.0000	8.33e-15	58
0.410	3.02e-06	0.0	-2.66e-06	-5.00e-02	0.00	0.00e+00	0.0000	8.33e-15	59
0.410	3.02e-06	0.0	-2.66e-06	-4.00e-02	0.00	0.00e+00	0.0000	8.33e-15	59
0.410	3.02e-06	0.0	-2.66e-06	-3.00e-02	0.00	0.00e+00	0.0000	8.33e-15	59
0.410	3.02e-06	0.0	-2.66e-06	-2.00e-02	0.00	0.00e+00	0.0000	8.33e-15	59
0.410	3.02e-06	0.0	-2.66e-06	-1.00e-02	0.00	0.00e+00	0.0000	8.33e-15	59
0.410	3.02e-06	0.0	-2.66e-06	3.47e-18	0.00	0.00e+00	0.0000	8.33e-15	59
0.410	3.02e-06	0.0	-2.66e-06	1.00e-02	0.00	0.00e+00	0.0000	8.33e-15	59
0.410	3.02e-06	0.0	-2.66e-06	2.00e-02	0.00	0.00e+00	0.0000	8.33e-15	59
0.410	3.02e-06	0.0	-2.66e-06	3.00e-02	0.00	0.00e+00	0.0000	8.33e-15	59
0.410	3.02e-06	0.0	-2.66e-06	4.00e-02	0.00	0.00e+00	0.0000	8.33e-15	59
0.400	2.75e-06	0.0	-3.06e-06	-5.00e-02	0.00	0.00e+00	0.0000	8.33e-15	60
0.400	2.75e-06	0.0	-3.06e-06	-4.00e-02	0.00	0.00e+00	0.0000	8.33e-15	60
0.400	2.75e-06	0.0	-3.06e-06	-3.00e-02	0.00	0.00e+00	0.0000	8.33e-15	60
0.400	2.75e-06	0.0	-3.06e-06	-2.00e-02	0.00	0.00e+00	0.0000	8.33e-15	60
0.400	2.75e-06	0.0	-3.06e-06	-1.00e-02	0.00	0.00e+00	0.0000	8.33e-15	60
0.400	2.75e-06	0.0	-3.06e-06	3.47e-18	0.00	0.00e+00	0.0000	8.33e-15	60
0.400	2.75e-06	0.0	-3.06e-06	1.00e-02	0.00	0.00e+00	0.0000	8.33e-15	60
0.400	2.75e-06	0.0	-3.06e-06	2.00e-02	0.00	0.00e+00	0.0000	8.33e-15	60
0.400	2.75e-06	0.0	-3.06e-06	3.00e-02	0.00	0.00e+00	0.0000	8.33e-15	60
0.400	2.75e-06	0.0	-3.06e-06	4.00e-02	0.00	0.00e+00	0.0000	8.33e-15	60
0.390	2.45e-06	0.0	-3.36e-06	-5.00e-02	0.00	0.00e+00	0.0000	8.33e-15	61
0.390	2.45e-06	0.0	-3.36e-06	-4.00e-02	0.00	0.00e+00	0.0000	8.33e-15	61
0.390	2.45e-06	0.0	-3.36e-06	-3.00e-02	0.00	0.00e+00	0.0000	8.33e-15	61
0.390	2.45e-06	0.0	-3.36e-06	-2.00e-02	0.00	0.00e+00	0.0000	8.33e-15	61
0.390	2.45e-06	0.0	-3.36e-06	-1.00e-02	0.00	0.00e+00	0.0000	8.33e-15	61
0.390	2.45e-06	0.0	-3.36e-06	3.47e-18	0.00	0.00e+00	0.0000	8.33e-15	61
0.390	2.45e-06	0.0	-3.36e-06	1.00e-02	0.00	0.00e+00	0.0000	8.33e-15	61
0.390	2.45e-06	0.0	-3.36e-06	2.00e-02	0.00	0.00e+00	0.0000	8.33e-15	61
0.390	2.45e-06	0.0	-3.36e-06	3.00e-02	0.00	0.00e+00	0.0000	8.33e-15	61
0.390	2.45e-06	0.0	-3.36e-06	4.00e-02	0.00	0.00e+00	0.0000	8.33e-15	61
0.380	2.11e-06	0.0	-3.57e-06	-5.00e-02	0.00	0.00e+00	0.0000	8.33e-15	62
0.380	2.11e-06	0.0	-3.57e-06	-4.00e-02	0.00	0.00e+00	0.0000	8.33e-15	62
0.380	2.11e-06	0.0	-3.57e-06	-3.00e-02	0.00	0.00e+00	0.0000	8.33e-15	62
0.380	2.11e-06	0.0	-3.57e-06	-2.00e-02	0.00	0.00e+00	0.0000	8.33e-15	62
0.380	2.11e-06	0.0	-3.57e-06	-1.00e-02	0.00	0.00e+00	0.0000	8.33e-15	62
0.380	2.11e-06	0.0	-3.57e-06	3.47e-18	0.00	0.00e+00	0.0000	8.33e-15	62
0.380	2.11e-06	0.0	-3.57e-06	1.00e-02	0.00	0.00e+00	0.0000	8.33e-15	62
0.380	2.11e-06	0.0	-3.57e-06	2.00e-02	0.00	0.00e+00	0.0000	8.33e-15	62
0.380	2.11e-06	0.0	-3.57e-06	3.00e-02	0.00	0.00e+00	0.0000	8.33e-15	62
0.380	2.11e-06	0.0	-3.57e-06	4.00e-02	0.00	0.00e+00	0.0000	8.33e-15	62
0.370	1.75e-06	0.0	-3.67e-06	-5.00e-02	0.00	0.00e+00	0.0000	8.33e-15	63
0.370	1.75e-06	0.0	-3.67e-06	-4.00e-02	0.00	0.00e+00	0.0000	8.33e-15	63
0.370	1.75e-06	0.0	-3.67e-06	-3.00e-02	0.00	0.00e+00	0.0000	8.33e-15	63
0.370	1.75e-06	0.0	-3.67e-06	-2.00e-02	0.00	0.00e+00	0.0000	8.33e-15	63
0.370	1.75e-06	0.0	-3.67e-06	-1.00e-02	0.00	0.00e+00	0.0000	8.33e-15	63
0.370	1.75e-06	0.0	-3.67e-06	3.47e-18	0.00	0.00e+00	0.0000	8.33e-15	63
0.370	1.75e-06	0.0	-3.67e-06	1.00e-02	0.00	0.00e+00	0.0000	8.33e-15	63
0.370	1.75e-06	0.0	-3.67e-06	2.00e-02	0.00	0.00e+00	0.0000	8.33e-15	63
0.370	1.75e-06	0.0	-3.67e-06	3.00e-02	0.00	0.00e+00	0.0000	8.33e-15	63
0.370	1.75e-06	0.0	-3.67e-06	4.00e-02	0.00	0.00e+00	0.0000	8.33e-15	63
0.360	1.39e-06	0.0	-3.67e-06	-5.00e-02	0.00	0.00e+00	0.0000	8.33e-15	64
0.360	1.39e-06	0.0	-3.67e-06	-4.00e-02	0.00	0.00e+00	0.0000	8.33e-15	64
0.360	1.39e-06	0.0	-3.67e-06	-3.00e-02	0.00	0.00e+00	0.0000	8.33e-15	64
0.360	1.39e-06	0.0	-3.67e-06	-2.00e-02	0.00	0.00e+00	0.0000	8.33e-15	64
0.360	1.39e-06	0.0	-3.67e-06	-1.00e-02	0.00	0.00e+00	0.0000	8.33e-15	64
0.360	1.39e-06	0.0	-3.67e-06	3.47e-18	0.00	0.00e+00	0.0000	8.33e-15	64
0.360	1.39e-06	0.0	-3.67e-06	1.00e-02	0.00	0.00e+00	0.0000	8.33e-15	64
0.360	1.39e-06	0.0	-3.67e-06	2.00e-02	0.00	0.00e+00	0.0000	8.33e-15	64
0.360	1.39e-06	0.0	-3.67e-06	3.00e-02	0.00	0.00e+00	0.0000	8.33e-15	64
0.360	1.39e-06	0.0	-3.67e-06	4.00e-02	0.00	0.00e+00	0.0000	8.33e-15	64
0.350	1.02e-06	0.0	-3.55e-06	-5.00e-02	0.00	0.00e+00	0.0000	8.33e-15	65
0.350	1.02e-06	0.0	-3.55e-06	-4.00e-02	0.00	0.00e+00	0.0000	8.33e-15	65
0.350	1.02e-06	0.0	-3.55e-06	-3.00e-02	0.00	0.00e+00	0.0000	8.33e-15	65
0.350	1.02e-06	0.0	-3.55e-06	-2.00e-02	0.00	0.00e+00	0.0000	8.33e-15	65
0.350	1.02e-06	0.0	-3.55e-06	-1.00e-02	0.00	0.00e+00	0.0000	8.33e-15	65
0.350	1.02e-06	0.0	-3.55e-06	3.47e-18	0.00	0.00e+00	0.0000	8.33e-15	65
0.350	1.02e-06	0.0	-3.55e-06	1.00e-02	0.00	0.00e+00	0.0000	8.33e-15	65
0.350	1.02e-06	0.0	-3.55e-06	2.00e-02	0.00	0.00e+00	0.0000	8.33e-15	65
0.350	1.02e-06	0.0	-3.55e-06	3.00e-02	0.00	0.00e+00	0.0000	8.33e-15	65
0.350	1.02e-06	0.0	-3.55e-06	4.00e-02	0.00	0.00e+00	0.0000	8.33e-15	65
0.340	6.65e-07	0.0	-3.32e-06	-5.00e-02	0.00	0.00e+00	0.0000	8.33e-15	66
0.340	6.65e-07	0.0	-3.32e-06	-4.00e-02	0.00	0.00e+00	0.0000	8.33e-15	66
0.340	6.65e-07	0.0	-3.32e-06	-3.00e-02	0.00	0.00e+00	0.0000	8.33e-15	66
0.340	6.65e-07	0.0	-3.32e-06	-2.00e-02	0.00	0.00e+00	0.0000	8.33e-15	66
0.340	6.65e-07	0.0	-3.32e-06	-1.00e-02	0.00	0.00e+00	0.0000	8.33e-15	66
0.340	6.65e-07	0.0	-3.32e-06	3.47e-18	0.00	0.00e+00	0.0000	8.33e-15	66
0.340	6.65e-07	0.0	-3.32e-06	1.00e-02	0.00	0.00e+00	0.0000	8.33e-15	66
0.340	6.65e-07	0.0	-3.32e-06	2.00e-02	0.00	0.00e+00	0.0000	8.33e-15	66
0.340	6.65e-07	0.0	-3.32e-06	3.00e-02	0.00	0.00e+00	0.0000	8.33e-15	66
0.340	6.65e-07	0.0	-3.32e-06	4.00e-02	0.00	0.00e+00	0.0000	8.33e-15	66
0.330	3.33e-07	0.0	-2.99e-06	-5.00e-02	0.00	0.00e+00	0.0000	8.33e-15	67
0.330	3.33e-07	0.0	-2.99e-06	-4.00e-02	0.00	0.00e+00	0.0000	8.33e-15	67
0.330	3.33e-07	0.0	-2.99e-06	-3.00e-02	0.00	0.00e+00	0.0000	8.33e-15	67
0.330	3.33e-07	0.0	-2.99e-06	-2.00e-02	0.00	0.00e+00	0.0000	8.33e-15	67
0.330	3.33e-07	0.0	-2.99e-06	-1.00e-02	0.00	0.00e+00	0.0000	8.33e-15	67
0.330	3.33e-07	0.0	-2.99e-06	3.47e-18	0.00	0.00e+00	0.0000	8.33e-15	67
0.330	3.33e-07	0.0	-2.99e-06	1.00e-02	0.00	0.00e+00	0.0000	8.33e-15	67
0.330	3.33e-07	0.0	-2.99e-06	2.00e-02	0.00	0.00e+00	0.0000	8.33e-15	67
0.330	3.33e-07	0.0	-2.99e-06	3.00e-02	0.00	0.00e+00	0.0000	8.33e-15	67
0.330	3.33e-07	0.0	-2.99e-06	4.00e-02	0.00	0.00e+00	0.0000	8.33e-15	67
0.320	3.45e-08	0.0	-2.56e-06	-5.00e-02	0.00	0.00e+00	0.0000	8.33e-15	68
0.320	3.45e-08	0.0	-2.56e-06	-4.00e-02	0.00	0.00e+00	0.0000	8.33e-15	68
0.320	3.45e-08	0.0	-2.56e-06	-3.00e-02	0.00	0.00e+00	0.0000	8.33e-15	68
0.320	3.45e-08	0.0	-2.56e-06	-2.00e-02	0.00	0.00e+00	0.0000	8.33e-15	68
0.320	3.45e-08	0.0	-2.56e-06	-1.00e-02	0.00	0.00e+00	0.0000	8.33e-15	68
0.320	3.45e-08	0.0	-2.56e-06	3.47e-18	0.00	0.00e+00	0.0000	8.33e-15	68
0.320	3.45e-08	0.0	-2.56e-06	1.00e-02	0.00	0.00e+00	0.0000	8.33e-15	68
0.320	3.45e-08	0.0	-2.56e-06	2.00e-02	0.00	0.00e+00	0.0000	8.33e-15	68
0.320	3.45e-08	0.0	-2.56e-06	3.00e-02	0.00	0.00e+00	0.0000	8.33e-15	68
0.320	3.45e-08	0.0	-2.56e-06	4.00e-02	0.00	0.00e+00	0.0000	8.33e-15	68
0.310	-2.22e-07	0.0	-2.06e-06	-5.00e-02	0.00	0.00e+00	0.0000	8.33e-15	69
0.310	-2.22e-07	0.0	-2.06e-06	-4.00e-02	0.00	0.00e+00	0.0000	8.33e-15	69
0.310	-2.22e-07	0.0	-2.06e-06	-3.00e-02	0.00	0.00e+00	0.0000	8.33e-15	69
0.310	-2.22e-07	0.0	-2.06e-06	-2.00e-02	0.00	0.00e+00	0.0000	8.33e-15	69
0.310	-2.22e-07	0.0	-2.06e-06	-1.00e-02	0.00	0.00e+00	0.0000	8.33e-15	69
0.310	-2.22e-07	0.0	-2.06e-06	3.47e-18	0.00	0.00e+00	0.0000	8.33e-15	69
0.310	-2.22e-07	0.0	-2.06e-06	1.00e-02	0.00	0.00e+00	0.0000	8.33e-15	69
0.310	-2.22e-07	0.0	-2.06e-06	2.00e-02	0.00	0.00e+00	0.0000	8.33e-15	69
0.310	-2.22e-07	0.0	-2.06e-06	3.00e-02	0.00	0.00e+00	0.0000	8.33e-15	69
0.310	-2.22e-07	0.0	-2.06e-06	4.00e-02	0.00	0.00e+00	0.0000	8.33e-15	69
0.300	-4.28e-07	0.0	-1.48e-06	-5.00e-02	0.00	0.00e+00	0.0000	8.33e-15	70
0.300	-4.28e-07	0.0	-1.48e-06	-4.00e-02	0.00	0.00e+00	0.0000	8.33e-15	70
0.300	-4.28e-07	0.0	-1.48e-06	-3.00e-02	0.00	0.00e+00	0.0000	8.33e-15	70
0.300	-4.28e-07	0.0	-1.48e-06	-2.00e-02	0.00	0.00e+00	0.0000	8.33e-15	70
0.300	-4.28e-07	0.0	-1.48e-06	-1.00e-02	0.00	0.00e+00	0.0000	8.33e-15	70
0.300	-4.28e-07	0.0	-1.48e-06	3.47e-18	0.00	0.00e+00	0.0000	8.33e-15	70
0.300	-4.28e-07	0.0	-1.48e-06	1.00e-02	0.00	0.00e+00	0.0000	8.33e-15	70
0.300	-4.28e-07	0.0	-1.48e-06	2.00e-02	0.00	0.00e+00	0.0000	8.33e-15	70
0.300	-4.28e-07	0.0	-1.48e-06	3.00e-02	0.00	0.00e+00	0.0000	8.33e-15	70
0.300	-4.28e-07	0.0	-1.48e-06	4.00e-02	0.00	0.00e+00	0.0000	8.33e-15	70
0.290	-5.76e-07	0.0	-8.58e-07	-5.00e-02	0.00	0.00e+00	0.0000	8.33e-15	71
0.290	-5.76e-07	0.0	-8.58e-07	-4.00e-02	0.00	0.00e+00	0.0000	8.33e-15	71
0.290	-5.76e-07	0.0	-8.58e-07	-3.00e-02	0.00	0.00e+00	0.0000	8.33e-15	71
0.290	-5.76e-07	0.0	-8.58e-07	-2.00e-02	0.00	0.00e+00	0.0000	8.33e-15	71
0.290	-5.76e-07	0.0	-8.58e-07	-1.00e-02	0.00	0.00e+00	0.0000	8.33e-15	71
0.290	-5.76e-07	0.0	-8.58e-07	3.47e-18	0.00	0.00e+00	0.0000	8.33e-15	71
0.290	-5.76e-07	0.0	-8.58e-07	1.00e-02	0.00	0.00e+00	0.0000	8.33e-15	71
0.290	-5.76e-07	0.0	-8.58e-07	2.00e-02	0.00	0.00e+00	0.0000	8.33e-15	71
0.290	-5.76e-07	0.0	-8.58e-07	3.00e-02	0.00	0.00e+00	0.0000	8.33e-15	71
0.290	-5.76e-07	0.0	-8.58e-07	4.00e-02	0.00	0.00e+00	0.0000	8.33e-15	71
0.280	-6.62e-07	0.0	-2.00e-07	-5.00e-02	0.00	0.00e+00	0.0000	8.33e-15	72
0.280	-6.62e-07	0.0	-2.00e-07	-4.00e-02	0.00	0.00e+00	0.0000	8.33e-15	72
0.280	-6.62e-07	0.0	-2.00e-07	-3.00e-02	0.00	0.00e+00	0.0000	8.33e-15	72
0.280	-6.62e-07	0.0	-2.00e-07	-2.00e-02	0.00	0.00e+00	0.0000	8.33e-15	72
0.280	-6.62e-07	0.0	-2.00e-07	-1.00e-02	0.00	0.00e+00	0.0000	8.33e-15	72
0.280	-6.62e-07	0.0	-2.00e-07	3.47e-18	0.00	0.00e+00	0.0000	8.33e-15	72
0.280	-6.62e-07	0.0	-2.00e-07	1.00e-02	0.00	0.00e+00	0.0000	8.33e-15	72
0.280	-6.62e-07	0.0	-2.00e-07	2.00e-02	0.00	0.00e+00	0.0000	8.33e-15	72
0.280	-6.62e-07	0.0	-2.00e-07	3.00e-02	0.00	0.00e+00	0.0000	8.33e-15	72
0.280	-6.62e-07	0.0	-2.00e-07	4.00e-02	0.00	0.00e+00	0.0000	8.33e-15	72
0.270	-6.82e-07	0.0	4.70e-07	-5.00e-02	0.00	0.00e+00	0.0000	8.33e-15	73
0.270	-6.82e-07	0.0	4.70e-07	-4.00e-02	0.00	0.00e+00	0.0000	8.33e-15	73
0.270	-6.82e-07	0.0	4.70e-07	-3.00e-02	0.00	0.00e+00	0.0000	8.33e-15	73
0.270	-6.82e-07	0.0	4.70e-07	-2.00e-02	0.00	0.00e+00	0.0000	8.33e-15	73
0.270	-6.82e-07	0.0	4.70e-07	-1.00e-02	0.00	0.00e+00	0.0000	8.33e-15	73
0.270	-6.82e-07	0.0	4.70e-07	3.47e-18	0.00	0.00e+00	0.0000	8.33e-15	73
0.270	-6.82e-07	0.0	4.70e-07	1.00e-02	0.00	0.00e+00	0.0000	8.33e-15	73
0.270	-6.82e-07	0.0	4.70e-07	2.00e-02	0.00	0.00e+00	0.0000	8.33e-15	73
0.270	-6.82e-07	0.0	4.70e-07	3.00e-02	0.00	0.00e+00	0.0000	8.33e-15	73
0.270	-6.82e-07	0.0	4.70e-07	4.00e-02	0.00	0.00e+00	0.0000	8.33e-15	73
0.260	-6.35e-07	0.0	1.13e-06	-5.00e-02	0.00	0.00e+00	0.0000	8.33e-15	74
0.260	-6.35e-07	0.0	1.13e-06	-4.00e-02	0.00	0.00e+00	0.0000	8.33e-15	74
0.260	-6.35e-07	0.0	1.13e-06	-3.00e-02	0.00	0.00e+00	0.0000	8.33e-15	74
0.260	-6.35e-07	0.0	1.13e-06	-2.00e-02	0.00	0.00e+00	0.0000	8.33e-15	74
0.260	-6.35e-07	0.0	1.13e-06	-1.00e-02	0.00	0.00e+00	0.0000	8.33e-15	74
0.260	-6.35e-07	0.0	1.13e-06	3.47e-18	0.00	0.00e+00	0.0000	8.33e-15	74
0.260	-6.35e-07	0.0	1.13e-06	1.00e-02	0.00	0.00e+00	0.0000	8.33e-15	74
0.260	-6.35e-07	0.0	1.13e-06	2.00e-02	0.00	0.00e+00	0.0000	8.33e-15	74
0.260	-6.35e-07	0.0	1.13e-06	3.00e-02	0.00	0.00e+00	0.0000	8.33e-15	74
0.260	-6.35e-07	0.0	1.13e-06	4.00e-02	0.00	0.00e+00	0.0000	8.33e-15	74
0.250	-5.21e-07	0.0	1.77e-06	-5.00e-02	0.00	0.00e+00	0.0000	8.33e-15	75
0.250	-5.21e-07	0.0	1.77e-06	-4.00e-02	0.00	0.00e+00	0.0000	8.33e-15	75
0.250	-5.21e-07	0.0	1.77e-06	-3.00e-02	0.00	0.00e+00	0.0000	8.33e-15	75
0.250	-5.21e-07	0.0	1.77e-06	-2.00e-02	0.00	0.00e+00	0.0000	8.33e-15	75
0.250	-5.21e-07	0.0	1.77e-06	-1.00e-02	0.00	0.00e+00	0.0000	8.33e-15	75
0.250	-5.21e-07	0.0	1.77e-06	3.47e-18	0.00	0.00e+00	0.0000	8.33e-15	75
0.250	-5.21e-07	0.0	1.77e-06	1.00e-02	0.00	0.00e+00	0.0000	8.33e-15	75
0.250	-5.21e-07	0.0	1.77e-06	2.00e-02	0.00	0.00e+00	0.0000	8.33e-15	75
0.250	-5.21e-07	0.0	1.77e-06	3.00e-02	0.00	0.00e+00	0.0000	8.33e-15	75
0.250	-5.21e-07	0.0	1.77e-06	4.00e-02	0.00	0.00e+00	0.0000	8.33e-15	75
0.240	-3.45e-07	0.0	2.36e-06	-5.00e-02	0.00	0.00e+00	0.0000	8.33e-15	76
0.240	-3.45e-07	0.0	2.36e-06	-4.00e-02	0.00	0.00e+00	0.0000	8.33e-15	76
0.240	-3.45e-07	0.0	2.36e-06	-3.00e-02	0.00	0.00e+00	0.0000	8.33e-15	76
0.240	-3.45e-07	0.0	2.36e-06	-2.00e-02	0.00	0.00e+00	0.0000	8.33e-15	76
0.240	-3.45e-07	0.0	2.36e-06	-1.00e-02	0.00	0.00e+00	0.0000	8.33e-15	76
0.240	-3.45e-07	0.0	2.36e-06	3.47e-18	0.00	0.00e+00	0.0000	8.33e-15	76
0.240	-3.45e-07	0.0	2.36e-06	1.00e-02	0.00	0.00e+00	0.0000	8.33e-15	76
0.240	-3.45e-07	0.0	2.36e-06	2.00e-02	0.00	0.00e+00	0.0000	8.33e-15	76
0.240	-3.45e-07	0.0	2.36e-06	3.00e-02	0.00	0.00e+00	0.0000	8.33e-15	76
0.240	-3.45e-07	0.0	2.36e-06	4.00e-02	0.00	0.00e+00	0.0000	8.33e-15	76
0.230	-1.09e-07	0.0	2.88e-06	-5.00e-02	0.00	0.00e+00	0.0000	8.33e-15	77
0.230	-1.09e-07	0.0	2.88e-06	-4.00e-02	0.00	0.00e+00	0.0000	8.33e-15	77
0.230	-1.09e-07	0.0	2.88e-06	-3.00e-02	0.00	0.00e+00	0.0000	8.33e-15	77
0.230	-1.09e-07	0.0	2.88e-06	-2.00e-02	0.00	0.00e+00	0.0000	8.33e-15	77
0.230	-1.09e-07	0.0	2.88e-06	-1.00e-02	0.00	0.00e+00	0.0000	8.33e-15	77
0.230	-1.09e-07	0.0	2.88e-06	3.47e-18	0.00	0.00e+00	0.0000	8.33e-15	77
0.230	-1.09e-07	0.0	2.88e-06	1.00e-02	0.00	0.00e+00	0.0000	8.33e-15	77
0.230	-1.09e-07	0.0	2.88e-06	2.00e-02	0.00	0.00e+00	0.0000	8.33e-15	77
0.230	-1.09e-07	0.0	2.88e-06	3.00e-02	0.00	0.00e+00	0.0000	8.33e-15	77
0.230	-1.09e-07	0.0	2.88e-06	4.00e-02	0.00	0.00e+00	0.0000	8.33e-15	77
0.220	1.79e-07	0.0	3.32e-06	-5.00e-02	0.00	0.00e+00	0.0000	8.33e-15	78
0.220	1.79e-07	0.0	3.32e-06	-4.00e-02	0.00	0.00e+00	0.0000	8.33e-15	78
0.220	1.79e-07	0.0	3.32e-06	-3.00e-02	0.00	0.00e+00	0.0000	8.33e-15	78
0.220	1.79e-07	0.0	3.32e-06	-2.00e-02	0.00	0.00e+00	0.0000	8.33e-15	78
0.220	1.79e-07	0.0	3.32e-06	-1.00e-02	0.00	0.00e+00	0.0000	8.33e-15	78
0.220	1.79e-07	0.0	3.32e-06	3.47e-18	0.00	0.00e+00	0.0000	8.33e-15	78
0.220	1.79e-07	0.0	3.32e-06	1.00e-02	0.00	0.00e+00	0.0000	8.33e-15	78
0.220	1.79e-07	0.0	3.32e-06	2.00e-02	0.00	0.00e+00	0.0000	8.33e-15	78
0.220	1.79e-07	0.0	3.32e-06	3.00e-02	0.00	0.00e+00	0.0000	8.33e-15	78
0.220	1.79e-07	0.0	3.32e-06	4.00e-02	0.00	0.00e+00	0.0000	8.33e-15	78
0.210	5.10e-07	0.0	3.66e-06	-5.00e-02	0.00	0.00e+00	0.0000	8.33e-15	79
0.210	5.10e-07	0.0	3.66e-06	-4.00e-02	0.00	0.00e+00	0.0000	8.33e-15	79
0.210	5.10e-07	0.0	3.66e-06	-3.00e-02	0.00	0.00e+00	0.0000	8.33e-15	79
0.210	5.10e-07	0.0	3.66e-06	-2.00e-02	0.00	0.00e+00	0.0000	8.33e-15	79
0.210	5.10e-07	0.0	3.66e-06	-1.00e-02	0.00	0.00e+00	0.0000	8.33e-15	79
0.210	5.10e-07	0.0	3.66e-06	3.47e-18	0.00	0.00e+00	0.0000	8.33e-15	79
0.210	5.10e-07	0.0	3.66e-06	1.00e-02	0.00	0.00e+00	0.0000	8.33e-15	79
0.210	5.10e-07	0.0	3.66e-06	2.00e-02	0.00	0.00e+00	0.0000	8.33e-15	79
0.210	5.10e-07	0.0	3.66e-06	3.00e-02	0.00	0.00e+00	0.0000	8.33e-15	79
0.210	5.10e-07	0.0	3.66e-06	4.00e-02	0.00	0.00e+00	0.0000	8.33e-15	79
0.200	8.77e-07	0.0	3.90e-06	-5.00e-02	0.00	0.00e+00	0.0000	8.33e-15	80
0.200	8.77e-07	0.0	3.90e-06	-4.00e-02	0.00	0.00e+00	0.0000	8.33e-15	80
0.200	8.77e-07	0.0	3.90e-06	-3.00e-02	0.00	0.00e+00	0.0000	8.33e-15	80
0.200	8.77e-07	0.0	3.90e-06	-2.00e-02	0.00	0.00e+00	0.0000	8.33e-15	80
0.200	8.77e-07	0.0	3.90e-06	-1.00e-02	0.00	0.00e+00	0.0000	8.33e-15	80
0.200	8.77e-07	0.0	3.90e-06	3.47e-18	0.00	0.00e+00	0.0000	8.33e-15	80
0.200	8.77e-07	0.0	3.90e-06	1.00e-02	0.00	0.00e+00	0.0000	8.33e-15	80
0.200	8.77e-07	0.0	3.90e-06	2.00e-02	0.00	0.00e+00	0.0000	8.33e-15	80
0.200	8.77e-07	0.0	3.90e-06	3.00e-02	0.00	0.00e+00	0.0000	8.33e-15	80
0.200	8.77e-07	0.0	3.90e-06	4.00e-02	0.00	0.00e+00	0.0000	8.33e-15	80
0.190	1.27e-06	0.0	4.02e-06	-5.00e-02	0.00	0.00e+00	0.0000	8.33e-15	81
0.190	1.27e-06	0.0	4.02e-06	-4.00e-02	0.00	0.00e+00	0.0000	8.33e-15	81
0.190	1.27e-06	0.0	4.02e-06	-3.00e-02	0.00	0.00e+00	0.0000	8.33e-15	81
0.190	1.27e-06	0.0	4.02e-06	-2.00e-02	0.00	0.00e+00	0.0000	8.33e-15	81
0.190	1.27e-06	0.0	4.02e-06	-1.00e-02	0.00	0.00e+00	0.0000	8.33e-15	81
0.190	1.27e-06	0.0	4.02e-06	3.47e-18	0.00	0.00e+00	0.0000	8.33e-15	81
0.190	1.27e-06	0.0	4.02e-06	1.00e-02	0.00	0.00e+00	0.0000	8.33e-15	81
0.190	1.27e-06	0.0	4.02e-06	2.00e-02	0.00	0.00e+00	0.0000	8.33e-15	81
0.190	1.27e-06	0.0	4.02e-06	3.00e-02	0.00	0.00e+00	0.0000	8.33e-15	81
0.190	1.27e-06	0.0	4.02e-06	4.00e-02	0.00	0.00e+00	0.0000	8.33e-15	81
0.180	1.67e-06	0.0	4.02e-06	-5.00e-02	0.00	0.00e+00	0.0000	8.33e-15	82
0.180	1.67e-06	0.0	4.02e-06	-4.00e-02	0.00	0.00e+00	0.0000	8.33e-15	82
0.180	1.67e-06	0.0	4.02e-06	-3.00e-02	0.00	0.00e+00	0.0000	8.33e-15	82
0.180	1.67e-06	0.0	4.02e-06	-2.00e-02	0.00	0.00e+00	0.0000	8.33e-15	82
0.180	1.67e-06	0.0	4.02e-06	-1.00e-02	0.00	0.00e+00	0.0000	8.33e-15	82
0.180	1.67e-06	0.0	4.02e-06	3.47e-18	0.00	0.00e+00	0.0000	8.33e-15	82
0.180	1.67e-06	0.0	4.02e-06	1.00e-02	0.00	0.00e+00	0.0000	8.33e-15	82
0.180	1.67e-06	0.0	4.02e-06	2.00e-02	0.00	0.00e+00	0.0000	8.33e-15	82
0.180	1.67e-06	0.0	4.02e-06	3.00e-02	0.00	0.00e+00	0.0000	8.33e-15	82
0.180	1.67e-06	0.0	4.02e-06	4.00e-02	0.00	0.00e+00	0.0000	8.33e-15	82
0.170	2.07e-06	0.0	3.90e-06	-5.00e-02	0.00	0.00e+00	0.0000	8.33e-15	83
0.170	2.07e-06	0.0	3.90e-06	-4.00e-02	0.00	0.00e+00	0.0000	8.33e-15	83
0.170	2.07e-06	0.0	3.90e-06	-3.00e-02	0.00	0.00e+00	0.0000	8.33e-15	83
0.170	2.07e-06	0.0	3.90e-06	-2.00e-02	0.00	0.00e+00	0.0000	8.33e-15	83
0.170	2.07e-06	0.0	3.90e-06	-1.00e-02	0.00	0.00e+00	0.0000	8.33e-15	83
0.170	2.07e-06	0.0	3.90e-06	3.47e-18	0.00	0.00e+00	0.0000	8.33e-15	83
0.170	2.07e-06	0.0	3.90e-06	1.00e-02	0.00	0.00e+00	0.0000	8.33e-15	83
0.170	2.07e-06	0.0	3.90e-06	2.00e-02	0.00	0.00e+00	0.0000	8.33e-15	83
0.170	2.07e-06	0.0	3.90e-06	3.00e-02	0.00	0.00e+00	0.0000	8.33e-15	83
0.170	2.07e-06	0.0	3.90e-06	4.00e-02	0.00	0.00e+00	0.0000	8.33e-15	83
0.160	2.46e-06	0.0	3.66e-06	-5.00e-02	0.00	0.00e+00	0.0000	8.33e-15	84
0.160	2.46e-06	0.0	3.66e-06	-4.00e-02	0.00	0.00e+00	0.0000	8.33e-15	84
0.160	2.46e-06	0.0	3.66e-06	-3.00e-02	0.00	0.00e+00	0.0000	8.33e-15	84
0.160	2.46e-06	0.0	3.66e-06	-2.00e-02	0.00	0.00e+00	0.0000	8.33e-15	84
0.160	2.46e-06	0.0	3.66e-06	-1.00e-02	0.00	0.00e+00	0.0000	8.33e-15	84
0.160	2.46e-06	0.0	3.66e-06	3.47e-18	0.00	0.00e+00	0.0000	8.33e-15	84
0.160	2.46e-06	0.0	3.66e-06	1.00e-02	0.00	0.00e+00	0.0000	8.33e-15	84
0.160	2.46e-06	0.0	3.66e-06	2.00e-02	0.00	0.00e+00	0.0000	8.33e-15	84
0.160	2.46e-06	0.0	3.66e-06	3.00e-02	0.00	0.00e+00	0.0000	8.33e-15	84
0.160	2.46e-06	0.0	3.66e-06	4.00e-02	0.00	0.00e+00	0.0000	8.33e-15	84
0.150	2.83e-06	0.0	3.30e-06	-5.00e-02	0.00	0.00e+00	0.0000	8.33e-15	85
0.150	2.83e-06	0.0	3.30e-06	-4.00e-02	0.00	0.00e+00	0.0000	8.33e-15	85
0.150	2.83e-06	0.0	3.30e-06	-3.00e-02	0.00	0.00e+00	0.0000	8.33e-15	85
0.150	2.83e-06	0.0	3.30e-06	-2.00e-02	0.00	0.00e+00	0.0000	8.33e-15	85
0.150	2.83e-06	0.0	3.30e-06	-1.00e-02	0.00	0.00e+00	0.0000	8.33e-15	85
0.150	2.83e-06	0.0	3.30e-06	3.47e-18	0.00	0.00e+00	0.0000	8.33e-15	85
0.150	2.83e-06	0.0	3.30e-06	1.00e-02	0.00	0.00e+00	0.0000	8.33e-15	85
0.150	2.83e-06	0.0	3.30e-06	2.00e-02	0.00	0.00e+00	0.0000	8.33e-15	85
0.150	2.83e-06	0.0	3.30e-06	3.00e-02	0.00	0.00e+00	0.0000	8.33e-15	85
0.150	2.83e-06	0.0	3.30e-06	4.00e-02	0.00	0.00e+00	0.0000	8.33e-15	85
0.140	3.16e-06	0.0	2.85e-06	-5.00e-02	0.00	0.00e+00	0.0000	8.33e-15	86
0.140	3.16e-06	0.0	2.85e-06	-4.00e-02	0.00	0.00e+00	0.0000	8.33e-15	86
0.140	3.16e-06	0.0	2.85e-06	-3.00e-02	0.00	0.00e+00	0.0000	8.33e-15	86
0.140	3.16e-06	0.0	2.85e-06	-2.00e-02	0.00	0.00e+00	0.0000	8.33e-15	86
0.140	3.16e-06	0.0	2.85e-06	-1.00e-02	0.00	0.00e+00	0.0000	8.33e-15	86
0.140	3.16e-06	0.0	2.85e-06	3.47e-18	0.00	0.00e+00	0.0000	8.33e-15	86
0.140	3.16e-06	0.0	2.85e-06	1.00e-02	0.00	0.00e+00	0.0000	8.33e-15	86
0.140	3.16e-06	0.0	2.85e-06	2.00e-02	0.00	0.00e+00	0.0000	8.33e-15	86
0.140	3.16e-06	0.0	2.85e-06	3.00e-02	0.00	0.00e+00	0.0000	8.33e-15	86
0.140	3.16e-06	0.0	2.85e-06	4.00e-02	0.00	0.00e+00	0.0000	8.33e-15	86
0.130	3.44e-06	0.0	2.30e-06	-5.00e-02	0.00	0.00e+00	0.0000	8.33e-15	87
0.130	3.44e-06	0.0	2.30e-06	-4.00e-02	0.00	0.00e+00	0.0000	8.33e-15	87
0.130	3.44e-06	0.0	2.30e-06	-3.00e-02	0.00	0.00e+00	0.0000	8.33e-15	87
0.130	3.44e-06	0.0	2.30e-06	-2.00e-02	0.00	0.00e+00	0.0000	8.33e-15	87
0.130	3.44e-06	0.0	2.30e-06	-1.00e-02	0.00	0.00e+00	0.0000	8.33e-15	87
0.130	3.44e-06	0.0	2.30e-06	3.47e-18	0.00	0.00e+00	0.0000	8.33e-15	87
0.130	3.44e-06	0.0	2.30e-06	1.00e-02	0.00	0.00e+00	0.0000	8.33e-15	87
0.130	3.44e-06	0.0	2.30e-06	2.00e-02	0.00	0.00e+00	0.0000	8.33e-15	87
0.130	3.44e-06	0.0	2.30e-06	3.00e-02	0.00	0.00e+00	0.0000	8.33e-15	87
0.130	3.44e-06	0.0	2.30e-06	4.00e-02	0.00	0.00e+00	0.0000	8.33e-15	87
0.120	3.67e-06	0.0	1.67e-06	-5.00e-02	0.00	0.00e+00	0.0000	8.33e-15	88
0.120	3.67e-06	0.0	1.67e-06	-4.00e-02	0.00	0.00e+00	0.0000	8.33e-15	88
0.120	3.67e-06	0.0	1.67e-06	-3.00e-02	0.00	0.00e+00	0.0000	8.33e-15	88
0.120	3.67e-06	0.0	1.67e-06	-2.00e-02	0.00	0.00e+00	0.0000	8.33e-15	88
0.120	3.67e-06	0.0	1.67e-06	-1.00e-02	0.00	0.00e+00	0.0000	8.33e-15	88
0.120	3.67e-06	0.0	1.67e-06	3.47e-18	0.00	0.00e+00	0.0000	8.33e-15	88
0.120	3.67e-06	0.0	1.67e-06	1.00e-02	0.00	0.00e+00	0.0000	8.33e-15	88
0.120	3.67e-06	0.0	1.67e-06	2.00e-02	0.00	0.00e+00	0.0000	8.33e-15	88
0.120	3.67e-06	0.0	1.67e-06	3.00e-02	0.00	0.00e+00	0.0000	8.33e-15	88
0.120	3.67e-06	0.0	1.67e-06	4.00e-02	0.00	0.00e+00	0.0000	8.33e-15	88
0.110	3.84e-06	0.0	9.92e-07	-5.00e-02	0.00	0.00e+00	0.0000	8.33e-15	89
0.110	3.84e-06	0.0	9.92e-07	-4.00e-02	0.00	0.00e+00	0.0000	8.33e-15	89
0.110	3.84e-06	0.0	9.92e-07	-3.00e-02	0.00	0.00e+00	0.0000	8.33e-15	89
0.110	3.84e-06	0.0	9.92e-07	-2.00e-02	0.00	0.00e+00	0.0000	8.33e-15	89
0.110	3.84e-06	0.0	9.92e-07	-1.00e-02	0.00	0.00e+00	0.0000	8.33e-15	89
0.110	3.84e-06	0.0	9.92e-07	3.47e-18	0.00	0.00e+00	0.0000	8.33e-15	89
0.110	3.84e-06	0.0	9.92e-07	1.00e-02	0.00	0.00e+00	0.0000	8.33e-15	89
0.110	3.84e-06	0.0	9.92e-07	2.00e-02	0.00	0.00e+00	0.0000	8.33e-15	89
0.110	3.84e-06	0.0	9.92e-07	3.00e-02	0.00	0.00e+00	0.0000	8.33e-15	89
0.110	3.84e-06	0.0	9.92e-07	4.00e-02	0.00	0.00e+00	0.0000	8.33e-15	89
0.100	3.94e-06	0.0	2.74e-07	-5.00e-02	0.00	0.00e+00	0.0000	8.33e-15	90
0.100	3.94e-06	0.0	2.74e-07	-4.00e-02	0.00	0.00e+00	0.0000	8.33e-15	90
0.100	3.94e-06	0.0	2.74e-07	-3.00e-02	0.00	0.00e+00	0.0000	8.33e-15	90
0.100	3.94e-06	0.0	2.74e-07	-2.00e-02	0.00	0.00e+00	0.0000	8.33e-15	90
0.100	3.94e-06	0.0	2.74e-07	-1.00e-02	0.00	0.00e+00	0.0000	8.33e-15	90
0.100	3.94e-06	0.0	2.74e-07	3.47e-18	0.00	0.00e+00	0.0000	8.33e-15	90
0.100	3.94e-06	0.0	2.74e-07	1.00e-02	0.00	0.00e+00	0.0000	8.33e-15	90
0.100	3.94e-06	0.0	2.74e-07	2.00e-02	0.00	0.00e+00	0.0000	8.33e-15	90
0.100	3.94e-06	0.0	2.74e-07	3.00e-02	0.00	0.00e+00	0.0000	8.33e-15	90
0.100	3.94e-06	0.0	2.74e-07	4.00e-02	0.00	0.00e+00	0.0000	8.33e-15	90
0.090	3.96e-06	0.0	-4.60e-07	-5.00e-02	0.00	0.00e+00	0.0000	8.33e-15	91
0.090	3.96e-06	0.0	-4.60e-07	-4.00e-02	0.00	0.00e+00	0.0000	8.33e-15	91
0.090	3.96e-06	0.0	-4.60e-07	-3.00e-02	0.00	0.00e+00	0.0000	8.33e-15	91
0.090	3.96e-06	0.0	-4.60e-07	-2.00e-02	0.00	0.00e+00	0.0000	8.33e-15	91
0.090	3.96e-06	0.0	-4.60e-07	-1.00e-02	0.00	0.00e+00	0.0000	8.33e-15	91
0.090	3.96e-06	0.0	-4.60e-07	3.47e-18	0.00	0.00e+00	0.0000	8.33e-15	91
0.090	3.96e-06	0.0	-4.60e-07	1.00e-02	0.00	0.00e+00	0.0000	8.33e-15	91
0.090	3.96e-06	0.0	-4.60e-07	2.00e-02	0.00	0.00e+00	0.0000	8.33e-15	91
0.090	3.96e-06	0.0	-4.60e-07	3.00e-02	0.00	0.00e+00	0.0000	8.33e-15	91
0.090	3.96e-06	0.0	-4.60e-07	4.00e-02	0.00	0.00e+00	0.0000	8.33e-15	91
0.080	3.92e-06	0.0	-1.19e-06	-5.00e-02	0.00	0.00e+00	0.0000	8.33e-15	92
0.080	3.92e-06	0.0	-1.19e-06	-4.00e-02	0.00	0.00e+00	0.0000	8.33e-15	92
0.080	3.92e-06	0.0	-1.19e-06	-3.00e-02	0.00	0.00e+00	0.0000	8.33e-15	92
0.080	3.92e-06	0.0	-1.19e-06	-2.00e-02	0.00	0.00e+00	0.0000	8.33e-15	92
0.080	3.92e-06	0.0	-1.19e-06	-1.00e-02	0.00	0.00e+00	0.0000	8.33e-15	92
0.080	3.92e-06	0.0	-1.19e-06	3.47e-18	0.00	0.00e+00	0.0000	8.33e-15	92
0.080	3.92e-06	0.0	-1.19e-06	1.00e-02	0.00	0.00e+00	0.0000	8.33e-15	92
0.080	3.92e-06	0.0	-1.19e-06	2.00e-02	0.00	0.00e+00	0.0000	8.33e-15	92
0.080	3.92e-06	0.0	-1.19e-06	3.00e-02	0.00	0.00e+00	0.0000	8.33e-15	92
0.080	3.92e-06	0.0	-1.19e-06	4.00e-02	0.00	0.00e+00	0.0000	8.33e-15	92
0.070	3.80e-06	0.0	-1.89e-06	-5.00e-02	0.00	0.00e+00	0.0000	8.33e-15	93
0.070	3.80e-06	0.0	-1.89e-06	-4.00e-02	0.00	0.00e+00	0.0000	8.33e-15	93
0.070	3.80e-06	0.0	-1.89e-06	-3.00e-02	0.00	0.00e+00	0.0000	8.33e-15	93
0.070	3.80e-06	0.0	-1.89e-06	-2.00e-02	0.00	0.00e+00	0.0000	8.33e-15	93
0.070	3.80e-06	0.0	-1.89e-06	-1.00e-02	0.00	0.00e+00	0.0000	8.33e-15	93
0.070	3.80e-06	0.0	-1.89e-06	3.47e-18	0.00	0.00e+00	0.0000	8.33e-15	93
0.070	3.80e-06	0.0	-1.89e-06	1.00e-02	0.00	0.00e+00	0.0000	8.33e-15	93
0.070	3.80e-06	0.0	-1.89e-06	2.00e-02	0.00	0.00e+00	0.0000	8.33e-15	93
0.070	3.80e-06	0.0	-1.89e-06	3.00e-02	0.00	0.00e+00	0.0000	8.33e-15	93
0.070	3.80e-06	0.0	-1.89e-06	4.00e-02	0.00	0.00e+00	0.0000	8.33e-15	93
0.060	3.61e-06	0.0	-2.53e-06	-5.00e-02	0.00	0.00e+00	0.0000	8.33e-15	94
0.060	3.61e-06	0.0	-2.53e-06	-4.00e-02	0.00	0.00e+00	0.0000	8.33e-15	94
0.060	3.61e-06	0.0	-2.53e-06	-3.00e-02	0.00	0.00e+00	0.0000	8.33e-15	94
0.060	3.61e-06	0.0	-2.53e-06	-2.00e-02	0.00	0.00e+00	0.0000	8.33e-15	94
0.060	3.61e-06	0.0	-2.53e-06	-1.00e-02	0.00	0.00e+00	0.0000	8.33e-15	94
0.060	3.61e-06	0.0	-2.53e-06	3.47e-18	0.00	0.00e+00	0.0000	8.33e-15	94
0.060	3.61e-06	0.0	-2.53e-06	1.00e-02	0.00	0.00e+00	0.0000	8.33e-15	94
0.060	3.61e-06	0.0	-2.53e-06	2.00e-02	0.00	0.00e+00	0.0000	8.33e-15	94
0.060	3.61e-06	0.0	-2.53e-06	3.00e-02	0.00	0.00e+00	0.0000	8.33e-15	94
0.060	3.61e-06	0.0	-2.53e-06	4.00e-02	0.00	0.00e+00	0.0000	8.33e-15	94
0.050	3.36e-06	0.0	-3.11e-06	-5.00e-02	0.00	0.00e+00	0.0000	8.33e-15	95
0.050	3.36e-06	0.0	-3.11e-06	-4.00e-02	0.00	0.00e+00	0.0000	8.33e-15	95
0.050	3.36e-06	0.0	-3.11e-06	-3.00e-02	0.00	0.00e+00	0.0000	8.33e-15	95
0.050	3.36e-06	0.0	-3.11e-06	-2.00e-02	0.00	0.00e+00	0.0000	8.33e-15	95
0.050	3.36e-06	0.0	-3.11e-06	-1.00e-02	0.00	0.00e+00	0.0000	8.33e-15	95
0.050	3.36e-06	0.0	-3.11e-06	3.47e-18	0.00	0.00e+00	0.0000	8.33e-15	95
0.050	3.36e-06	0.0	-3.11e-06	1.00e-02	0.00	0.00e+00	0.0000	8.33e-15	95
0.050	3.36e-06	0.0	-3.11e-06	2.00e-02	0.00	0.00e+00	0.0000	8.33e-15	95
0.050	3.36e-06	0.0	-3.11e-06	3.00e-02	0.00	0.00e+00	0.0000	8.33e-15	95
0.050	3.36e-06	0.0	-3.11e-06	4.00e-02	0.00	0.00e+00	0.0000	8.33e-15	95
0.040	3.05e-06	0.0	-3.60e-06	-5.00e-02	0.00	0.00e+00	0.0000	8.33e-15	96
0.040	3.05e-06	0.0	-3.60e-06	-4.00e-02	0.00	0.00e+00	0.0000	8.33e-15	96
0.040	3.05e-06	0.0	-3.60e-06	-3.00e-02	0.00	0.00e+00	0.0000	8.33e-15	96
0.040	3.05e-06	0.0	-3.60e-06	-2.00e-02	0.00	0.00e+00	0.0000	8.33e-15	96
0.040	3.05e-06	0.0	-3.60e-06	-1.00e-02	0.00	0.00e+00	0.0000	8.33e-15	96
0.040	3.05e-06	0.0	-3.60e-06	3.47e-18	0.00	0.00e+00	0.0000	8.33e-15	96
0.040	3.05e-06	0.0	-3.60e-06	1.00e-02	0.00	0.00e+00	0.0000	8.33e-15	96
0.040	3.05e-06	0.0	-3.60e-06	2.00e-02	0.00	0.00e+00	0.0000	8.33e-15	96
0.040	3.05e-06	0.0	-3.60e-06	3.00e-02	0.00	0.00e+00	0.0000	8.33e-15	96
0.040	3.05e-06	0.0	-3.60e-06	4.00e-02	0.00	0.00e+00	0.0000	8.33e-15	96
0.030	2.69e-06	0.0	-3.99e-06	-5.00e-02	0.00	0.00e+00	0.0000	8.33e-15	97
0.030	2.69e-06	0.0	-3.99e-06	-4.00e-02	0.00	0.00e+00	0.0000	8.33e-15	97
0.030	2.69e-06	0.0	-3.99e-06	-3.00e-02	0.00	0.00e+00	0.0000	8.33e-15	97
0.030	2.69e-06	0.0	-3.99e-06	-2.00e-02	0.00	0.00e+00	0.0000	8.33e-15	97
0.030	2.69e-06	0.0	-3.99e-06	-1.00e-02	0.00	0.00e+00	0.0000	8.33e-15	97
0.030	2.69e-06	0.0	-3.99e-06	3.47e-18	0.00	0.00e+00	0.0000	8.33e-15	97
0.030	2.69e-06	0.0	-3.99e-06	1.00e-02	0.00	0.00e+00	0.0000	8.33e-15	97
0.030	2.69e-06	0.0	-3.99e-06	2.00e-02	0.00	0.00e+00	0.0000	8.33e-15	97
0.030	2.69e-06	0.0	-3.99e-06	3.00e-02	0.00	0.00e+00	0.0000	8.33e-15	97
0.030	2.69e-06	0.0	-3.99e-06	4.00e-02	0.00	0.00e+00	0.0000	8.33e-15	97
0.020	2.29e-06	0.0	-4.25e-06	-5.00e-02	0.00	0.00e+00	0.0000	8.33e-15	98
0.020	2.29e-06	0.0	-4.25e-06	-4.00e-02	0.00	0.00e+00	0.0000	8.33e-15	98
0.020	2.29e-06	0.0	-4.25e-06	-3.00e-02	0.00	0.00e+00	0.0000	8.33e-15	98
0.020	2.29e-06	0.0	-4.25e-06	-2.00e-02	0.00	0.00e+00	0.0000	8.33e-15	98
0.020	2.29e-06	0.0	-4.25e-06	-1.00e-02	0.00	0.00e+00	0.0000	8.33e-15	98
0.020	2.29e-06	0.0	-4.25e-06	3.47e-18	0.00	0.00e+00	0.0000	8.33e-15	98
0.020	2.29e-06	0.0	-4.25e-06	1.00e-02	0.00	0.00e+00	0.0000	8.33e-15	98
0.020	2.29e-06	0.0	-4.25e-06	2.00e-02	0.00	0.00e+00	0.0000	8.33e-15	98
0.020	2.29e-06	0.0	-4.25e-06	3.00e-02	0.00	0.00e+00	0.0000	8.33e-15	98
0.020	2.29e-06	0.0	-4.25e-06	4.00e-02	0.00	0.00e+00	0.0000	8.33e-15	98
0.010	1.86e-06	0.0	-4.40e-06	-5.00e-02	0.00	0.00e+00	0.0000	8.33e-15	99
0.010	1.86e-06	0.0	-4.40e-06	-4.00e-02	0.00	0.00e+00	0.0000	8.33e-15	99
0.010	1.86e-06	0.0	-4.40e-06	-3.00e-02	0.00	0.00e+00	0.0000	8.33e-15	99
0.010	1.86e-06	0.0	-4.40e-06	-2.00e-02	0.00	0.00e+00	0.0000	8.33e-15	99
0.010	1.86e-06	0.0	-4.40e-06	-1.00e-02	0.00	0.00e+00	0.0000	8.33e-15	99
0.010	1.86e-06	0.0	-4.40e-06	3.47e-18	0.00	0.00e+00	0.0000	8.33e-15	99
0.010	1.86e-06	0.0	-4.40e-06	1.00e-02	0.00	0.00e+00	0.0000	8.33e-15	99
0.010	1.86e-06	0.0	-4.40e-06	2.00e-02	0.00	0.00e+00	0.0000	8.33e-15	99
0.010	1.86e-06	0.0	-4.40e-06	3.00e-02	0.00	0.00e+00	0.0000	8.33e-15	99
0.010	1.86e-06	0.0	-4.40e-06	4.00e-02	0.00	0.00e+00	0.0000	8.33e-15	99
