1.000	0.00e+00	-100.0	0.00e+00	-5.00e-04	0.00	-0.00e+00	0.0600	8.33e-17	0
1.000	0.00e+00	-100.0	0.00e+00	-4.00e-04	0.00	-0.00e+00	0.0600	8.33e-17	0
1.000	0.00e+00	-100.0	0.00e+00	-3.00e-04	0.00	-0.00e+00	0.0600	8.33e-17	0
1.000	0.00e+00	-100.0	0.00e+00	-2.00e-04	0.00	-0.00e+00	0.0600	8.33e-17	0
1.000	0.00e+00	-100.0	0.00e+00	-1.00e-04	0.00	-0.00e+00	0.0600	8.33e-17	0
1.000	0.00e+00	-100.0	0.00e+00	-2.71e-20	0.00	-0.00e+00	0.0600	8.33e-17	0
1.000	0.00e+00	-100.0	0.00e+00	1.00e-04	0.00	-0.00e+00	0.0600	8.33e-17	0
1.000	0.00e+00	-100.0	0.00e+00	2.00e-04	0.00	-0.00e+00	0.0600	8.33e-17	0
1.000	0.00e+00	-100.0	0.00e+00	3.00e-04	0.00	-0.00e+00	0.0600	8.33e-17	0
1.000	0.00e+00	-100.0	0.00e+00	4.00e-04	0.00	-0.00e+00	0.0600	8.33e-17	0
1.000	0.00e+00	-100.0	0.00e+00	5.00e-04	0.00	-0.00e+00	0.0600	8.33e-17	0
0.990	-2.07e-12	-100.0	-4.61e-11	-5.00e-04	0.00	-0.00e+00	0.0600	8.33e-17	10
0.990	-2.07e-12	-100.0	-4.61e-11	-4.00e-04	0.00	-0.00e+00	0.0600	8.33e-17	10
0.990	-2.07e-12	-100.0	-4.61e-11	-3.00e-04	0.00	-0.00e+00	0.0600	8.33e-17	10
0.990	-2.07e-12	-100.0	-4.61e-11	-2.00e-04	0.00	-0.00e+00	0.0600	8.33e-17	10
0.990	-2.07e-12	-100.0	-4.61e-11	-1.00e-04	0.00	-0.00e+00	0.0600	8.33e-17	10
0.990	-2.07e-12	-100.0	-4.61e-11	-2.71e-20	0.00	-0.00e+00	0.0600	8.33e-17	10
0.990	-2.07e-12	-100.0	-4.61e-11	1.00e-04	0.00	-0.00e+00	0.0600	8.33e-17	10
0.990	-2.07e-12	-100.0	-4.61e-11	2.00e-04	0.00	-0.00e+00	0.0600	8.33e-17	10
0.990	-2.07e-12	-100.0	-4.61e-11	3.00e-04	0.00	-0.00e+00	0.0600	8.33e-17	10
0.990	-2.07e-12	-100.0	-4.61e-11	4.00e-04	0.00	-0.00e+00	0.0600	8.33e-17	10
0.990	-2.07e-12	-100.0	-4.61e-11	5.00e-04	0.00	-0.00e+00	0.0600	8.33e-17	10
0.980	-8.75e-12	-100.0	-9.21e-11	-5.00e-04	0.00	-0.00e+00	0.0600	8.33e-17	20
0.980	-8.75e-12	-100.0	-9.21e-11	-4.00e-04	0.00	-0.00e+00	0.0600	8.33e-17	20
0.980	-8.75e-12	-100.0	-9.21e-11	-3.00e-04	0.00	-0.00e+00	0.0600	8.33e-17	20
0.980	-8.75e-12	-100.0	-9.21e-11	-2.00e-04	0.00	-0.00e+00	0.0600	8.33e-17	20
0.980	-8.75e-12	-100.0	-9.21e-11	-1.00e-04	0.00	-0.00e+00	0.0600	8.33e-17	20
0.980	-8.75e-12	-100.0	-9.21e-11	-2.71e-20	0.00	-0.00e+00	0.0600	8.33e-17	20
0.980	-8.75e-12	-100.0	-9.21e-11	1.00e-04	0.00	-0.00e+00	0.0600	8.33e-17	20
0.980	-8.75e-12	-100.0	-9.21e-11	2.00e-04	0.00	-0.00e+00	0.0600	8.33e-17	20
0.980	-8.75e-12	-100.0	-9.21e-11	3.00e-04	0.00	-0.00e+00	0.0600	8.33e-17	20
0.980	-8.75e-12	-100.0	-9.21e-11	4.00e-04	0.00	-0.00e+00	0.0600	8.33e-17	20
0.980	-8.75e-12	-100.0	-9.21e-11	5.00e-04	0.00	-0.00e+00	0.0600	8.33e-17	20
0.970	-2.00e-11	-100.0	-1.38e-10	-5.00e-04	0.00	-0.00e+00	0.0600	8.33e-17	30
0.970	-2.00e-11	-100.0	-1.38e-10	-4.00e-04	0.00	-0.00e+00	0.0600	8.33e-17	30
0.970	-2.00e-11	-100.0	-1.38e-10	-3.00e-04	0.00	-0.00e+00	0.0600	8.33e-17	30
0.970	-2.00e-11	-100.0	-1.38e-10	-2.00e-04	0.00	-0.00e+00	0.0600	8.33e-17	30
0.970	-2.00e-11	-100.0	-1.38e-10	-1.00e-04	0.00	-0.00e+00	0.0600	8.33e-17	30
0.970	-2.00e-11	-100.0	-1.38e-10	-2.71e-20	0.00	-0.00e+00	0.0600	8.33e-17	30
0.970	-2.00e-11	-100.0	-1.38e-10	1.00e-04	0.00	-0.00e+00	0.0600	8.33e-17	30
0.970	-2.00e-11	-100.0	-1.38e-10	2.00e-04	0.00	-0.00e+00	0.0600	8.33e-17	30
0.970	-2.00e-11	-100.0	-1.38e-10	3.00e-04	0.00	-0.00e+00	0.0600	8.33e-17	30
0.970	-2.00e-11	-100.0	-1.38e-10	4.00e-04	0.00	-0.00e+00	0.0600	8.33e-17	30
0.970	-2.00e-11	-100.0	-1.38e-10	5.00e-04	0.00	-0.00e+00	0.0600	8.33e-17	30
0.960	-3.59e-11	-100.0	-1.84e-10	-5.00e-04	0.00	-0.00e+00	0.0600	8.33e-17	40
0.960	-3.59e-11	-100.0	-1.84e-10	-4.00e-04	0.00	-0.00e+00	0.0600	8.33e-17	40
0.960	-3.59e-11	-100.0	-1.84e-10	-3.00e-04	0.00	-0.00e+00	0.0600	8.33e-17	40
0.960	-3.59e-11	-100.0	-1.84e-10	-2.00e-04	0.00	-0.00e+00	0.0600	8.33e-17	40
0.960	-3.59e-11	-100.0	-1.84e-10	-1.00e-04	0.00	-0.00e+00	0.0600	8.33e-17	40
0.960	-3.59e-11	-100.0	-1.84e-10	-2.71e-20	0.00	-0.00e+00	0.0600	8.33e-17	40
0.960	-3.59e-11	-100.0	-1.84e-10	1.00e-04	0.00	-0.00e+00	0.0600	8.33e-17	40
0.960	-3.59e-11	-100.0	-1.84e-10	2.00e-04	0.00	-0.00e+00	0.0600	8.33e-17	40
0.960	-3.59e-11	-100.0	-1.84e-10	3.00e-04	0.00	-0.00e+00	0.0600	8.33e-17	40
0.960	-3.59e-11	-100.0	-1.84e-10	4.00e-04	0.00	-0.00e+00	0.0600	8.33e-17	40
0.960	-3.59e-11	-100.0	-1.84e-10	5.00e-04	0.00	-0.00e+00	0.0600	8.33e-17	40
0.950	-5.64e-11	-100.0	-2.30e-10	-5.00e-04	0.00	-0.00e+00	0.0600	8.33e-17	50
0.950	-5.64e-11	-100.0	-2.30e-10	-4.00e-04	0.00	-0.00e+00	0.0600	8.33e-17	50
0.950	-5.64e-11	-100.0	-2.30e-10	-3.00e-04	0.00	-0.00e+00	0.0600	8.33e-17	50
0.950	-5.64e-11	-100.0	-2.30e-10	-2.00e-04	0.00	-0.00e+00	0.0600	8.33e-17	50
0.950	-5.64e-11	-100.0	-2.30e-10	-1.00e-04	0.00	-0.00e+00	0.0600	8.33e-17	50
0.950	-5.64e-11	-100.0	-2.30e-10	-2.71e-20	0.00	-0.00e+00	0.0600	8.33e-17	50
0.950	-5.64e-11	-100.0	-2.30e-10	1.00e-04	0.00	-0.00e+00	0.0600	8.33e-17	50
0.950	-5.64e-11	-100.0	-2.30e-10	2.00e-04	0.00	-0.00e+00	0.0600	8.33e-17	50
0.950	-5.64e-11	-100.0	-2.30e-10	3.00e-04	0.00	-0.00e+00	0.0600	8.33e-17	50
0.950	-5.64e-11	-100.0	-2.30e-10	4.00e-04	0.00	-0.00e+00	0.0600	8.33e-17	50
0.950	-5.64e-11	-100.0	-2.30e-10	5.00e-04	0.00	-0.00e+00	0.0600	8.33e-17	50
0.940	-8.15e-11	-100.0	-2.76e-10	-5.00e-04	0.00	-0.00e+00	0.0600	8.33e-17	60
0.940	-8.15e-11	-100.0	-2.76e-10	-4.00e-04	0.00	-0.00e+00	0.0600	8.33e-17	60
0.940	-8.15e-11	-100.0	-2.76e-10	-3.00e-04	0.00	-0.00e+00	0.0600	8.33e-17	60
0.940	-8.15e-11	-100.0	-2.76e-10	-2.00e-04	0.00	-0.00e+00	0.0600	8.33e-17	60
0.940	-8.15e-11	-100.0	-2.76e-10	-1.00e-04	0.00	-0.00e+00	0.0600	8.33e-17	60
0.940	-8.15e-11	-100.0	-2.76e-10	-2.71e-20	0.00	-0.00e+00	0.0600	8.33e-17	60
0.940	-8.15e-11	-100.0	-2.76e-10	1.00e-04	0.00	-0.00e+00	0.0600	8.33e-17	60
0.940	-8.15e-11	-100.0	-2.76e-10	2.00e-04	0.00	-0.00e+00	0.0600	8.33e-17	60
0.940	-8.15e-11	-100.0	-2.76e-10	3.00e-04	0.00	-0.00e+00	0.0600	8.33e-17	60
0.940	-8.15e-11	-100.0	-2.76e-10	4.00e-04	0.00	-0.00e+00	0.0600	8.33e-17	60
0.940	-8.15e-11	-100.0	-2.76e-10	5.00e-04	0.00	-0.00e+00	0.0600	8.33e-17	60
0.930	-1.11e-10	-100.0	-3.22e-10	-5.00e-04	0.00	-0.00e+00	0.0600	8.33e-17	70
0.930	-1.11e-10	-100.0	-3.22e-10	-4.00e-04	0.00	-0.00e+00	0.0600	8.33e-17	70
0.930	-1.11e-10	-100.0	-3.22e-10	-3.00e-04	0.00	-0.00e+00	0.0600	8.33e-17	70
0.930	-1.11e-10	-100.0	-3.22e-10	-2.00e-04	0.00	-0.00e+00	0.0600	8.33e-17	70
0.930	-1.11e-10	-100.0	-3.22e-10	-1.00e-04	0.00	-0.00e+00	0.0600	8.33e-17	70
0.930	-1.11e-10	-100.0	-3.22e-10	-2.71e-20	0.00	-0.00e+00	0.0600	8.33e-17	70
0.930	-1.11e-10	-100.0	-3.22e-10	1.00e-04	0.00	-0.00e+00	0.0600	8.33e-17	70
0.930	-1.11e-10	-100.0	-3.22e-10	2.00e-04	0.00	-0.00e+00	0.0600	8.33e-17	70
0.930	-1.11e-10	-100.0	-3.22e-10	3.00e-04	0.00	-0.00e+00	0.0600	8.33e-17	70
0.930	-1.11e-10	-100.0	-3.22e-10	4.00e-04	0.00	-0.00e+00	0.0600	8.33e-17	70
0.930	-1.11e-10	-100.0	-3.22e-10	5.00e-04	0.00	-0.00e+00	0.0600	8.33e-17	70
0.920	-1.46e-10	-100.0	-3.69e-10	-5.00e-04	0.00	-0.00e+00	0.0600	8.33e-17	80
0.920	-1.46e-10	-100.0	-3.69e-10	-4.00e-04	0.00	-0.00e+00	0.0600	8.33e-17	80
0.920	-1.46e-10	-100.0	-3.69e-10	-3.00e-04	0.00	-0.00e+00	0.0600	8.33e-17	80
0.920	-1.46e-10	-100.0	-3.69e-10	-2.00e-04	0.00	-0.00e+00	0.0600	8.33e-17	80
0.920	-1.46e-10	-100.0	-3.69e-10	-1.00e-04	0.00	-0.00e+00	0.0600	8.33e-17	80
0.920	-1.46e-10	-100.0	-3.69e-10	-2.71e-20	0.00	-0.00e+00	0.0600	8.33e-17	80
0.920	-1.46e-10	-100.0	-3.69e-10	1.00e-04	0.00	-0.00e+00	0.0600	8.33e-17	80
0.920	-1.46e-10	-100.0	-3.69e-10	2.00e-04	0.00	-0.00e+00	0.0600	8.33e-17	80
0.920	-1.46e-10	-100.0	-3.69e-10	3.00e-04	0.00	-0.00e+00	0.0600	8.33e-17	80
0.920	-1.46e-10	-100.0	-3.69e-10	4.00e-04	0.00	-0.00e+00	0.0600	8.33e-17	80
0.920	-1.46e-10	-100.0	-3.69e-10	5.00e-04	0.00	-0.00e+00	0.0600	8.33e-17	80
0.910	-1.84e-10	-100.0	-4.15e-10	-5.00e-04	0.00	-0.00e+00	0.0600	8.33e-17	90
0.910	-1.84e-10	-100.0	-4.15e-10	-4.00e-04	0.00	-0.00e+00	0.0600	8.33e-17	90
0.910	-1.84e-10	-100.0	-4.15e-10	-3.00e-04	0.00	-0.00e+00	0.0600	8.33e-17	90
0.910	-1.84e-10	-100.0	-4.15e-10	-2.00e-04	0.00	-0.00e+00	0.0600	8.33e-17	90
0.910	-1.84e-10	-100.0	-4.15e-10	-1.00e-04	0.00	-0.00e+00	0.0600	8.33e-17	90
0.910	-1.84e-10	-100.0	-4.15e-10	-2.71e-20	0.00	-0.00e+00	0.0600	8.33e-17	90
0.910	-1.84e-10	-100.0	-4.15e-10	1.00e-04	0.00	-0.00e+00	0.0600	8.33e-17	90
0.910	-1.84e-10	-100.0	-4.15e-10	2.00e-04	0.00	-0.00e+00	0.0600	8.33e-17	90
0.910	-1.84e-10	-100.0	-4.15e-10	3.00e-04	0.00	-0.00e+00	0.0600	8.33e-17	90
0.910	-1.84e-10	-100.0	-4.15e-10	4.00e-04	0.00	-0.00e+00	0.0600	8.33e-17	90
0.910	-1.84e-10	-100.0	-4.15e-10	5.00e-04	0.00	-0.00e+00	0.0600	8.33e-17	90
0.900	-2.28e-10	-100.0	-4.61e-10	-5.00e-04	0.00	-0.00e+00	0.0600	8.33e-17	100
0.900	-2.28e-10	-100.0	-4.61e-10	-4.00e-04	0.00	-0.00e+00	0.0600	8.33e-17	100
0.900	-2.28e-10	-100.0	-4.61e-10	-3.00e-04	0.00	-0.00e+00	0.0600	8.33e-17	100
0.900	-2.28e-10	-100.0	-4.61e-10	-2.00e-04	0.00	-0.00e+00	0.0600	8.33e-17	100
0.900	-2.28e-10	-100.0	-4.61e-10	-1.00e-04	0.00	-0.00e+00	0.0600	8.33e-17	100
0.900	-2.28e-10	-100.0	-4.61e-10	-2.71e-20	0.00	-0.00e+00	0.0600	8.33e-17	100
0.900	-2.28e-10	-100.0	-4.61e-10	1.00e-04	0.00	-0.00e+00	0.0600	8.33e-17	100
0.900	-2.28e-10	-100.0	-4.61e-10	2.00e-04	0.00	-0.00e+00	0.0600	8.33e-17	100
0.900	-2.28e-10	-100.0	-4.61e-10	3.00e-04	0.00	-0.00e+00	0.0600	8.33e-17	100
0.900	-2.28e-10	-100.0	-4.61e-10	4.00e-04	0.00	-0.00e+00	0.0600	8.33e-17	100
0.900	-2.28e-10	-100.0	-4.61e-10	5.00e-04	0.00	-0.00e+00	0.0600	8.33e-17	100
0.890	-2.76e-10	-100.0	-5.07e-10	-5.00e-04	0.00	-0.00e+00	0.0600	8.33e-17	110
0.890	-2.76e-10	-100.0	-5.07e-10	-4.00e-04	0.00	-0.00e+00	0.0600	8.33e-17	110
0.890	-2.76e-10	-100.0	-5.07e-10	-3.00e-04	0.00	-0.00e+00	0.0600	8.33e-17	110
0.890	-2.76e-10	-100.0	-5.07e-10	-2.00e-04	0.00	-0.00e+00	0.0600	8.33e-17	110
0.890	-2.76e-10	-100.0	-5.07e-10	-1.00e-04	0.00	-0.00e+00	0.0600	8.33e-17	110
0.890	-2.76e-10	-100.0	-5.07e-10	-2.71e-20	0.00	-0.00e+00	0.0600	8.33e-17	110
0.890	-2.76e-10	-100.0	-5.07e-10	1.00e-04	0.00	-0.00e+00	0.0600	8.33e-17	110
0.890	-2.76e-10	-100.0	-5.07e-10	2.00e-04	0.00	-0.00e+00	0.0600	8.33e-17	110
0.890	-2.76e-10	-100.0	-5.07e-10	3.00e-04	0.00	-0.00e+00	0.0600	8.33e-17	110
0.890	-2.76e-10	-100.0	-5.07e-10	4.00e-04	0.00	-0.00e+00	0.0600	8.33e-17	110
0.890	-2.76e-10	-100.0	-5.07e-10	5.00e-04	0.00	-0.00e+00	0.0600	8.33e-17	110
0.880	-3.29e-10	-100.0	-5.53e-10	-5.00e-04	0.00	-0.00e+00	0.0600	8.33e-17	120
0.880	-3.29e-10	-100.0	-5.53e-10	-4.00e-04	0.00	-0.00e+00	0.0600	8.33e-17	120
0.880	-3.29e-10	-100.0	-5.53e-10	-3.00e-04	0.00	-0.00e+00	0.0600	8.33e-17	120
0.880	-3.29e-10	-100.0	-5.53e-10	-2.00e-04	0.00	-0.00e+00	0.0600	8.33e-17	120
0.880	-3.29e-10	-100.0	-5.53e-10	-1.00e-04	0.00	-0.00e+00	0.0600	8.33e-17	120
0.880	-3.29e-10	-100.0	-5.53e-10	-2.71e-20	0.00	-0.00e+00	0.0600	8.33e-17	120
0.880	-3.29e-10	-100.0	-5.53e-10	1.00e-04	0.00	-0.00e+00	0.0600	8.33e-17	120
0.880	-3.29e-10	-100.0	-5.53e-10	2.00e-04	0.00	-0.00e+00	0.0600	8.33e-17	120
0.880	-3.29e-10	-100.0	-5.53e-10	3.00e-04	0.00	-0.00e+00	0.0600	8.33e-17	120
0.880	-3.29e-10	-100.0	-5.53e-10	4.00e-04	0.00	-0.00e+00	0.0600	8.33e-17	120
0.880	-3.29e-10	-100.0	-5.53e-10	5.00e-04	0.00	-0.00e+00	0.0600	8.33e-17	120
0.870	-3.86e-10	-100.0	-5.99e-10	-5.00e-04	0.00	-0.00e+00	0.0600	8.33e-17	130
0.870	-3.86e-10	-100.0	-5.99e-10	-4.00e-04	0.00	-0.00e+00	0.0600	8.33e-17	130
0.870	-3.86e-10	-100.0	-5.99e-10	-3.00e-04	0.00	-0.00e+00	0.0600	8.33e-17	130
0.870	-3.86e-10	-100.0	-5.99e-10	-2.00e-04	0.00	-0.00e+00	0.0600	8.33e-17	130
0.870	-3.86e-10	-100.0	-5.99e-10	-1.00e-04	0.00	-0.00e+00	0.0600	8.33e-17	130
0.870	-3.86e-10	-100.0	-5.99e-10	-2.71e-20	0.00	-0.00e+00	0.0600	8.33e-17	130
0.870	-3.86e-10	-100.0	-5.99e-10	1.00e-04	0.00	-0.00e+00	0.0600	8.33e-17	130
0.870	-3.86e-10	-100.0	-5.99e-10	2.00e-04	0.00	-0.00e+00	0.0600	8.33e-17	130
0.870	-3.86e-10	-100.0	-5.99e-10	3.00e-04	0.00	-0.00e+00	0.0600	8.33e-17	130
0.870	-3.86e-10	-100.0	-5.99e-10	4.00e-04	0.00	-0.00e+00	0.0600	8.33e-17	130
0.870	-3.86e-10	-100.0	-5.99e-10	5.00e-04	0.00	-0.00e+00	0.0600	8.33e-17	130
0.860	-4.48e-10	-100.0	-6.45e-10	-5.00e-04	0.00	-0.00e+00	0.0600	8.33e-17	140
0.860	-4.48e-10	-100.0	-6.45e-10	-4.00e-04	0.00	-0.00e+00	0.0600	8.33e-17	140
0.860	-4.48e-10	-100.0	-6.45e-10	-3.00e-04	0.00	-0.00e+00	0.0600	8.33e-17	140
0.860	-4.48e-10	-100.0	-6.45e-10	-2.00e-04	0.00	-0.00e+00	0.0600	8.33e-17	140
0.860	-4.48e-10	-100.0	-6.45e-10	-1.00e-04	0.00	-0.00e+00	0.0600	8.33e-17	140
0.860	-4.48e-10	-100.0	-6.45e-10	-2.71e-20	0.00	-0.00e+00	0.0600	8.33e-17	140
0.860	-4.48e-10	-100.0	-6.45e-10	1.00e-04	0.00	-0.00e+00	0.0600	8.33e-17	140
0.860	-4.48e-10	-100.0	-6.45e-10	2.00e-04	0.00	-0.00e+00	0.0600	8.33e-17	140
0.860	-4.48e-10	-100.0	-6.45e-10	3.00e-04	0.00	-0.00e+00	0.0600	8.33e-17	140
0.860	-4.48e-10	-100.0	-6.45e-10	4.00e-04	0.00	-0.00e+00	0.0600	8.33e-17	140
0.860	-4.48e-10	-100.0	-6.45e-10	5.00e-04	0.00	-0.00e+00	0.0600	8.33e-17	140
0.850	-5.15e-10	-100.0	-6.91e-10	-5.00e-04	0.00	-0.00e+00	0.0600	8.33e-17	150
0.850	-5.15e-10	-100.0	-6.91e-10	-4.00e-04	0.00	-0.00e+00	0.0600	8.33e-17	150
0.850	-5.15e-10	-100.0	-6.91e-10	-3.00e-04	0.00	-0.00e+00	0.0600	8.33e-17	150
0.850	-5.15e-10	-100.0	-6.91e-10	-2.00e-04	0.00	-0.00e+00	0.0600	8.33e-17	150
0.850	-5.15e-10	-100.0	-6.91e-10	-1.00e-04	0.00	-0.00e+00	0.0600	8.33e-17	150
0.850	-5.15e-10	-100.0	-6.91e-10	-2.71e-20	0.00	-0.00e+00	0.0600	8.33e-17	150
0.850	-5.15e-10	-100.0	-6.91e-10	1.00e-04	0.00	-0.00e+00	0.0600	8.33e-17	150
0.850	-5.15e-10	-100.0	-6.91e-10	2.00e-04	0.00	-0.00e+00	0.0600	8.33e-17	150
0.850	-5.15e-10	-100.0	-6.91e-10	3.00e-04	0.00	-0.00e+00	0.0600	8.33e-17	150
0.850	-5.15e-10	-100.0	-6.91e-10	4.00e-04	0.00	-0.00e+00	0.0600	8.33e-17	150
0.850	-5.15e-10	-100.0	-6.91e-10	5.00e-04	0.00	-0.00e+00	0.0600	8.33e-17	150
0.840	-5.86e-10	-100.0	-7.37e-10	-5.00e-04	0.00	-0.00e+00	0.0600	8.33e-17	160
0.840	-5.86e-10	-100.0	-7.37e-10	-4.00e-04	0.00	-0.00e+00	0.0600	8.33e-17	160
0.840	-5.86e-10	-100.0	-7.37e-10	-3.00e-04	0.00	-0.00e+00	0.0600	8.33e-17	160
0.840	-5.86e-10	-100.0	-7.37e-10	-2.00e-04	0.00	-0.00e+00	0.0600	8.33e-17	160
0.840	-5.86e-10	-100.0	-7.37e-10	-1.00e-04	0.00	-0.00e+00	0.0600	8.33e-17	160
0.840	-5.86e-10	-100.0	-7.37e-10	-2.71e-20	0.00	-0.00e+00	0.0600	8.33e-17	160
0.840	-5.86e-10	-100.0	-7.37e-10	1.00e-04	0.00	-0.00e+00	0.0600	8.33e-17	160
0.840	-5.86e-10	-100.0	-7.37e-10	2.00e-04	0.00	-0.00e+00	0.0600	8.33e-17	160
0.840	-5.86e-10	-100.0	-7.37e-10	3.00e-04	0.00	-0.00e+00	0.0600	8.33e-17	160
0.840	-5.86e-10	-100.0	-7.37e-10	4.00e-04	0.00	-0.00e+00	0.0600	8.33e-17	160
0.840	-5.86e-10	-100.0	-7.37e-10	5.00e-04	0.00	-0.00e+00	0.0600	8.33e-17	160
0.830	-6.62e-10	-100.0	-7.83e-10	-5.00e-04	0.00	-0.00e+00	0.0600	8.33e-17	170
0.830	-6.62e-10	-100.0	-7.83e-10	-4.00e-04	0.00	-0.00e+00	0.0600	8.33e-17	170
0.830	-6.62e-10	-100.0	-7.83e-10	-3.00e-04	0.00	-0.00e+00	0.0600	8.33e-17	170
0.830	-6.62e-10	-100.0	-7.83e-10	-2.00e-04	0.00	-0.00e+00	0.0600	8.33e-17	170
0.830	-6.62e-10	-100.0	-7.83e-10	-1.00e-04	0.00	-0.00e+00	0.0600	8.33e-17	170
0.830	-6.62e-10	-100.0	-7.83e-10	-2.71e-20	0.00	-0.00e+00	0.0600	8.33e-17	170
0.830	-6.62e-10	-100.0	-7.83e-10	1.00e-04	0.00	-0.00e+00	0.0600	8.33e-17	170
0.830	-6.62e-10	-100.0	-7.83e-10	2.00e-04	0.00	-0.00e+00	0.0600	8.33e-17	170
0.830	-6.62e-10	-100.0	-7.83e-10	3.00e-04	0.00	-0.00e+00	0.0600	8.33e-17	170
0.830	-6.62e-10	-100.0	-7.83e-10	4.00e-04	0.00	-0.00e+00	0.0600	8.33e-17	170
0.830	-6.62e-10	-100.0	-7.83e-10	5.00e-04	0.00	-0.00e+00	0.0600	8.33e-17	170
0.820	-7.42e-10	-100.0	-8.29e-10	-5.00e-04	0.00	-0.00e+00	0.0600	8.33e-17	180
0.820	-7.42e-10	-100.0	-8.29e-10	-4.00e-04	0.00	-0.00e+00	0.0600	8.33e-17	180
0.820	-7.42e-10	-100.0	-8.29e-10	-3.00e-04	0.00	-0.00e+00	0.0600	8.33e-17	180
0.820	-7.42e-10	-100.0	-8.29e-10	-2.00e-04	0.00	-0.00e+00	0.0600	8.33e-17	180
0.820	-7.42e-10	-100.0	-8.29e-10	-1.00e-04	0.00	-0.00e+00	0.0600	8.33e-17	180
0.820	-7.42e-10	-100.0	-8.29e-10	-2.71e-20	0.00	-0.00e+00	0.0600	8.33e-17	180
0.820	-7.42e-10	-100.0	-8.29e-10	1.00e-04	0.00	-0.00e+00	0.0600	8.33e-17	180
0.820	-7.42e-10	-100.0	-8.29e-10	2.00e-04	0.00	-0.00e+00	0.0600	8.33e-17	180
0.820	-7.42e-10	-100.0	-8.29e-10	3.00e-04	0.00	-0.00e+00	0.0600	8.33e-17	180
0.820	-7.42e-10	-100.0	-8.29e-10	4.00e-04	0.00	-0.00e+00	0.0600	8.33e-17	180
0.820	-7.42e-10	-100.0	-8.29e-10	5.00e-04	0.00	-0.00e+00	0.0600	8.33e-17	180
0.810	-8.27e-10	-100.0	-8.75e-10	-5.00e-04	0.00	-0.00e+00	0.0600	8.33e-17	190
0.810	-8.27e-10	-100.0	-8.75e-10	-4.00e-04	0.00	-0.00e+00	0.0600	8.33e-17	190
0.810	-8.27e-10	-100.0	-8.75e-10	-3.00e-04	0.00	-0.00e+00	0.0600	8.33e-17	190
0.810	-8.27e-10	-100.0	-8.75e-10	-2.00e-04	0.00	-0.00e+00	0.0600	8.33e-17	190
0.810	-8.27e-10	-100.0	-8.75e-10	-1.00e-04	0.00	-0.00e+00	0.0600	8.33e-17	190
0.810	-8.27e-10	-100.0	-8.75e-10	-2.71e-20	0.00	-0.00e+00	0.0600	8.33e-17	190
0.810	-8.27e-10	-100.0	-8.75e-10	1.00e-04	0.00	-0.00e+00	0.0600	8.33e-17	190
0.810	-8.27e-10	-100.0	-8.75e-10	2.00e-04	0.00	-0.00e+00	0.0600	8.33e-17	190
0.810	-8.27e-10	-100.0	-8.75e-10	3.00e-04	0.00	-0.00e+00	0.0600	8.33e-17	190
0.810	-8.27e-10	-100.0	-8.75e-10	4.00e-04	0.00	-0.00e+00	0.0600	8.33e-17	190
0.810	-8.27e-10	-100.0	-8.75e-10	5.00e-04	0.00	-0.00e+00	0.0600	8.33e-17	190
0.800	-9.17e-10	-100.0	-9.21e-10	-5.00e-04	0.00	-0.00e+00	0.0600	8.33e-17	200
0.800	-9.17e-10	-100.0	-9.21e-10	-4.00e-04	0.00	-0.00e+00	0.0600	8.33e-17	200
0.800	-9.17e-10	-100.0	-9.21e-10	-3.00e-04	0.00	-0.00e+00	0.0600	8.33e-17	200
0.800	-9.17e-10	-100.0	-9.21e-10	-2.00e-04	0.00	-0.00e+00	0.0600	8.33e-17	200
0.800	-9.17e-10	-100.0	-9.21e-10	-1.00e-04	0.00	-0.00e+00	0.0600	8.33e-17	200
0.800	-9.17e-10	-100.0	-9.21e-10	-2.71e-20	0.00	-0.00e+00	0.0600	8.33e-17	200
0.800	-9.17e-10	-100.0	-9.21e-10	1.00e-04	0.00	-0.00e+00	0.0600	8.33e-17	200
0.800	-9.17e-10	-100.0	-9.21e-10	2.00e-04	0.00	-0.00e+00	0.0600	8.33e-17	200
0.800	-9.17e-10	-100.0	-9.21e-10	3.00e-04	0.00	-0.00e+00	0.0600	8.33e-17	200
0.800	-9.17e-10	-100.0	-9.21e-10	4.00e-04	0.00	-0.00e+00	0.0600	8.33e-17	200
0.800	-9.17e-10	-100.0	-9.21e-10	5.00e-04	0.00	-0.00e+00	0.0600	8.33e-17	200
0.790	-1.01e-09	-100.0	-9.67e-10	-5.00e-04	0.00	-0.00e+00	0.0600	8.33e-17	210
0.790	-1.01e-09	-100.0	-9.67e-10	-4.00e-04	0.00	-0.00e+00	0.0600	8.33e-17	210
0.790	-1.01e-09	-100.0	-9.67e-10	-3.00e-04	0.00	-0.00e+00	0.0600	8.33e-17	210
0.790	-1.01e-09	-100.0	-9.67e-10	-2.00e-04	0.00	-0.00e+00	0.0600	8.33e-17	210
0.790	-1.01e-09	-100.0	-9.67e-10	-1.00e-04	0.00	-0.00e+00	0.0600	8.33e-17	210
0.790	-1.01e-09	-100.0	-9.67e-10	-2.71e-20	0.00	-0.00e+00	0.0600	8.33e-17	210
0.790	-1.01e-09	-100.0	-9.67e-10	1.00e-04	0.00	-0.00e+00	0.0600	8.33e-17	210
0.790	-1.01e-09	-100.0	-9.67e-10	2.00e-04	0.00	-0.00e+00	0.0600	8.33e-17	210
0.790	-1.01e-09	-100.0	-9.67e-10	3.00e-04	0.00	-0.00e+00	0.0600	8.33e-17	210
0.790	-1.01e-09	-100.0	-9.67e-10	4.00e-04	0.00	-0.00e+00	0.0600	8.33e-17	210
0.790	-1.01e-09	-100.0	-9.67e-10	5.00e-04	0.00	-0.00e+00	0.0600	8.33e-17	210
0.780	-1.11e-09	-100.0	-1.01e-09	-5.00e-04	0.00	-0.00e+00	0.0600	8.33e-17	220
0.780	-1.11e-09	-100.0	-1.01e-09	-4.00e-04	0.00	-0.00e+00	0.0600	8.33e-17	220
0.780	-1.11e-09	-100.0	-1.01e-09	-3.00e-04	0.00	-0.00e+00	0.0600	8.33e-17	220
0.780	-1.11e-09	-100.0	-1.01e-09	-2.00e-04	0.00	-0.00e+00	0.0600	8.33e-17	220
0.780	-1.11e-09	-100.0	-1.01e-09	-1.00e-04	0.00	-0.00e+00	0.0600	8.33e-17	220
0.780	-1.11e-09	-100.0	-1.01e-09	-2.71e-20	0.00	-0.00e+00	0.0600	8.33e-17	220
0.780	-1.11e-09	-100.0	-1.01e-09	1.00e-04	0.00	-0.00e+00	0.0600	8.33e-17	220
0.780	-1.11e-09	-100.0	-1.01e-09	2.00e-04	0.00	-0.00e+00	0.0600	8.33e-17	220
0.780	-1.11e-09	-100.0	-1.01e-09	3.00e-04	0.00	-0.00e+00	0.0600	8.33e-17	220
0.780	-1.11e-09	-100.0	-1.01e-09	4.00e-04	0.00	-0.00e+00	0.0600	8.33e-17	220
0.780	-1.11e-09	-100.0	-1.01e-09	5.00e-04	0.00	-0.00e+00	0.0600	8.33e-17	220
0.770	-1.21e-09	-100.0	-1.06e-09	-5.00e-04	0.00	-0.00e+00	0.0600	8.33e-17	230
0.770	-1.21e-09	-100.0	-1.06e-09	-4.00e-04	0.00	-0.00e+00	0.0600	8.33e-17	230
0.770	-1.21e-09	-100.0	-1.06e-09	-3.00e-04	0.00	-0.00e+00	0.0600	8.33e-17	230
0.770	-1.21e-09	-100.0	-1.06e-09	-2.00e-04	0.00	-0.00e+00	0.0600	8.33e-17	230
0.770	-1.21e-09	-100.0	-1.06e-09	-1.00e-04	0.00	-0.00e+00	0.0600	8.33e-17	230
0.770	-1.21e-09	-100.0	-1.06e-09	-2.71e-20	0.00	-0.00e+00	0.0600	8.33e-17	230
0.770	-1.21e-09	-100.0	-1.06e-09	1.00e-04	0.00	-0.00e+00	0.0600	8.33e-17	230
0.770	-1.21e-09	-100.0	-1.06e-09	2.00e-04	0.00	-0.00e+00	0.0600	8.33e-17	230
0.770	-1.21e-09	-100.0	-1.06e-09	3.00e-04	0.00	-0.00e+00	0.0600	8.33e-17	230
0.770	-1.21e-09	-100.0	-1.06e-09	4.00e-04	0.00	-0.00e+00	0.0600	8.33e-17	230
0.770	-1.21e-09	-100.0	-1.06e-09	5.00e-04	0.00	-0.00e+00	0.0600	8.33e-17	230
0.760	-1.32e-09	-100.0	-1.11e-09	-5.00e-04	0.00	-0.00e+00	0.0600	8.33e-17	240
0.760	-1.32e-09	-100.0	-1.11e-09	-4.00e-04	0.00	-0.00e+00	0.0600	8.33e-17	240
0.760	-1.32e-09	-100.0	-1.11e-09	-3.00e-04	0.00	-0.00e+00	0.0600	8.33e-17	240
0.760	-1.32e-09	-100.0	-1.11e-09	-2.00e-04	0.00	-0.00e+00	0.0600	8.33e-17	240
0.760	-1.32e-09	-100.0	-1.11e-09	-1.00e-04	0.00	-0.00e+00	0.0600	8.33e-17	240
0.760	-1.32e-09	-100.0	-1.11e-09	-2.71e-20	0.00	-0.00e+00	0.0600	8.33e-17	240
0.760	-1.32e-09	-100.0	-1.11e-09	1.00e-04	0.00	-0.00e+00	0.0600	8.33e-17	240
0.760	-1.32e-09	-100.0	-1.11e-09	2.00e-04	0.00	-0.00e+00	0.0600	8.33e-17	240
0.760	-1.32e-09	-100.0	-1.11e-09	3.00e-04	0.00	-0.00e+00	0.0600	8.33e-17	240
0.760	-1.32e-09	-100.0	-1.11e-09	4.00e-04	0.00	-0.00e+00	0.0600	8.33e-17	240
0.760	-1.32e-09	-100.0	-1.11e-09	5.00e-04	0.00	-0.00e+00	0.0600	8.33e-17	240
0.750	-1.43e-09	-100.0	-1.15e-09	-5.00e-04	0.00	-0.00e+00	0.0600	8.33e-17	250
0.750	-1.43e-09	-100.0	-1.15e-09	-4.00e-04	0.00	-0.00e+00	0.0600	8.33e-17	250
0.750	-1.43e-09	-100.0	-1.15e-09	-3.00e-04	0.00	-0.00e+00	0.0600	8.33e-17	250
0.750	-1.43e-09	-100.0	-1.15e-09	-2.00e-04	0.00	-0.00e+00	0.0600	8.33e-17	250
0.750	-1.43e-09	-100.0	-1.15e-09	-1.00e-04	0.00	-0.00e+00	0.0600	8.33e-17	250
0.750	-1.43e-09	-100.0	-1.15e-09	-2.71e-20	0.00	-0.00e+00	0.0600	8.33e-17	250
0.750	-1.43e-09	-100.0	-1.15e-09	1.00e-04	0.00	-0.00e+00	0.0600	8.33e-17	250
0.750	-1.43e-09	-100.0	-1.15e-09	2.00e-04	0.00	-0.00e+00	0.0600	8.33e-17	250
0.750	-1.43e-09	-100.0	-1.15e-09	3.00e-04	0.00	-0.00e+00	0.0600	8.33e-17	250
0.750	-1.43e-09	-100.0	-1.15e-09	4.00e-04	0.00	-0.00e+00	0.0600	8.33e-17	250
0.750	-1.43e-09	-100.0	-1.15e-09	5.00e-04	0.00	-0.00e+00	0.0600	8.33e-17	250
0.740	-1.55e-09	-100.0	-1.20e-09	-5.00e-04	0.00	-0.00e+00	0.0600	8.33e-17	260
0.740	-1.55e-09	-100.0	-1.20e-09	-4.00e-04	0.00	-0.00e+00	0.0600	8.33e-17	260
0.740	-1.55e-09	-100.0	-1.20e-09	-3.00e-04	0.00	-0.00e+00	0.0600	8.33e-17	260
0.740	-1.55e-09	-100.0	-1.20e-09	-2.00e-04	0.00	-0.00e+00	0.0600	8.33e-17	260
0.740	-1.55e-09	-100.0	-1.20e-09	-1.00e-04	0.00	-0.00e+00	0.0600	8.33e-17	260
0.740	-1.55e-09	-100.0	-1.20e-09	-2.71e-20	0.00	-0.00e+00	0.0600	8.33e-17	260
0.740	-1.55e-09	-100.0	-1.20e-09	1.00e-04	0.00	-0.00e+00	0.0600	8.33e-17	260
0.740	-1.55e-09	-100.0	-1.20e-09	2.00e-04	0.00	-0.00e+00	0.0600	8.33e-17	260
0.740	-1.55e-09	-100.0	-1.20e-09	3.00e-04	0.00	-0.00e+00	0.0600	8.33e-17	260
0.740	-1.55e-09	-100.0	-1.20e-09	4.00e-04	0.00	-0.00e+00	0.0600	8.33e-17	260
0.740	-1.55e-09	-100.0	-1.20e-09	5.00e-04	0.00	-0.00e+00	0.0600	8.33e-17	260
0.730	-1.67e-09	-100.0	-1.24e-09	-5.00e-04	0.00	-0.00e+00	0.0600	8.33e-17	270
0.730	-1.67e-09	-100.0	-1.24e-09	-4.00e-04	0.00	-0.00e+00	0.0600	8.33e-17	270
0.730	-1.67e-09	-100.0	-1.24e-09	-3.00e-04	0.00	-0.00e+00	0.0600	8.33e-17	270
0.730	-1.67e-09	-100.0	-1.24e-09	-2.00e-04	0.00	-0.00e+00	0.0600	8.33e-17	270
0.730	-1.67e-09	-100.0	-1.24e-09	-1.00e-04	0.00	-0.00e+00	0.0600	8.33e-17	270
0.730	-1.67e-09	-100.0	-1.24e-09	-2.71e-20	0.00	-0.00e+00	0.0600	8.33e-17	270
0.730	-1.67e-09	-100.0	-1.24e-09	1.00e-04	0.00	-0.00e+00	0.0600	8.33e-17	270
0.730	-1.67e-09	-100.0	-1.24e-09	2.00e-04	0.00	-0.00e+00	0.0600	8.33e-17	270
0.730	-1.67e-09	-100.0	-1.24e-09	3.00e-04	0.00	-0.00e+00	0.0600	8.33e-17	270
0.730	-1.67e-09	-100.0	-1.24e-09	4.00e-04	0.00	-0.00e+00	0.0600	8.33e-17	270
0.730	-1.67e-09	-100.0	-1.24e-09	5.00e-04	0.00	-0.00e+00	0.0600	8.33e-17	270
0.720	-1.80e-09	-100.0	-1.29e-09	-5.00e-04	0.00	-0.00e+00	0.0600	8.33e-17	280
0.720	-1.80e-09	-100.0	-1.29e-09	-4.00e-04	0.00	-0.00e+00	0.0600	8.33e-17	280
0.720	-1.80e-09	-100.0	-1.29e-09	-3.00e-04	0.00	-0.00e+00	0.0600	8.33e-17	280
0.720	-1.80e-09	-100.0	-1.29e-09	-2.00e-04	0.00	-0.00e+00	0.0600	8.33e-17	280
0.720	-1.80e-09	-100.0	-1.29e-09	-1.00e-04	0.00	-0.00e+00	0.0600	8.33e-17	280
0.720	-1.80e-09	-100.0	-1.29e-09	-2.71e-20	0.00	-0.00e+00	0.0600	8.33e-17	280
0.720	-1.80e-09	-100.0	-1.29e-09	1.00e-04	0.00	-0.00e+00	0.0600	8.33e-17	280
0.720	-1.80e-09	-100.0	-1.29e-09	2.00e-04	0.00	-0.00e+00	0.0600	8.33e-17	280
0.720	-1.80e-09	-100.0	-1.29e-09	3.00e-04	0.00	-0.00e+00	0.0600	8.33e-17	280
0.720	-1.80e-09	-100.0	-1.29e-09	4.00e-04	0.00	-0.00e+00	0.0600	8.33e-17	280
0.720	-1.80e-09	-100.0	-1.29e-09	5.00e-04	0.00	-0.00e+00	0.0600	8.33e-17	280
0.710	-1.93e-09	-100.0	-1.33e-09	-5.00e-04	0.00	-0.00e+00	0.0600	8.33e-17	290
0.710	-1.93e-09	-100.0	-1.33e-09	-4.00e-04	0.00	-0.00e+00	0.0600	8.33e-17	290
0.710	-1.93e-09	-100.0	-1.33e-09	-3.00e-04	0.00	-0.00e+00	0.0600	8.33e-17	290
0.710	-1.93e-09	-100.0	-1.33e-09	-2.00e-04	0.00	-0.00e+00	0.0600	8.33e-17	290
0.710	-1.93e-09	-100.0	-1.33e-09	-1.00e-04	0.00	-0.00e+00	0.0600	8.33e-17	290
0.710	-1.93e-09	-100.0	-1.33e-09	-2.71e-20	0.00	-0.00e+00	0.0600	8.33e-17	290
0.710	-1.93e-09	-100.0	-1.33e-09	1.00e-04	0.00	-0.00e+00	0.0600	8.33e-17	290
0.710	-1.93e-09	-100.0	-1.33e-09	2.00e-04	0.00	-0.00e+00	0.0600	8.33e-17	290
0.710	-1.93e-09	-100.0	-1.33e-09	3.00e-04	0.00	-0.00e+00	0.0600	8.33e-17	290
0.710	-1.93e-09	-100.0	-1.33e-09	4.00e-04	0.00	-0.00e+00	0.0600	8.33e-17	290
0.710	-1.93e-09	-100.0	-1.33e-09	5.00e-04	0.00	-0.00e+00	0.0600	8.33e-17	290
0.700	-2.07e-09	-100.0	-1.38e-09	-5.00e-04	0.00	-0.00e+00	0.0600	8.33e-17	300
0.700	-2.07e-09	-100.0	-1.38e-09	-4.00e-04	0.00	-0.00e+00	0.0600	8.33e-17	300
0.700	-2.07e-09	-100.0	-1.38e-09	-3.00e-04	0.00	-0.00e+00	0.0600	8.33e-17	300
0.700	-2.07e-09	-100.0	-1.38e-09	-2.00e-04	0.00	-0.00e+00	0.0600	8.33e-17	300
0.700	-2.07e-09	-100.0	-1.38e-09	-1.00e-04	0.00	-0.00e+00	0.0600	8.33e-17	300
0.700	-2.07e-09	-100.0	-1.38e-09	-2.71e-20	0.00	-0.00e+00	0.0600	8.33e-17	300
0.700	-2.07e-09	-100.0	-1.38e-09	1.00e-04	0.00	-0.00e+00	0.0600	8.33e-17	300
0.700	-2.07e-09	-100.0	-1.38e-09	2.00e-04	0.00	-0.00e+00	0.0600	8.33e-17	300
0.700	-2.07e-09	-100.0	-1.38e-09	3.00e-04	0.00	-0.00e+00	0.0600	8.33e-17	300
0.700	-2.07e-09	-100.0	-1.38e-09	4.00e-04	0.00	-0.00e+00	0.0600	8.33e-17	300
0.700	-2.07e-09	-100.0	-1.38e-09	5.00e-04	0.00	-0.00e+00	0.0600	8.33e-17	300
0.690	-2.20e-09	-100.0	-1.42e-09	-5.00e-04	0.00	-0.00e+00	0.0600	8.33e-17	310
0.690	-2.20e-09	-100.0	-1.42e-09	-4.00e-04	0.00	-0.00e+00	0.0600	8.33e-17	310
0.690	-2.20e-09	-100.0	-1.42e-09	-3.00e-04	0.00	-0.00e+00	0.0600	8.33e-17	310
0.690	-2.20e-09	-100.0	-1.42e-09	-2.00e-04	0.00	-0.00e+00	0.0600	8.33e-17	310
0.690	-2.20e-09	-100.0	-1.42e-09	-1.00e-04	0.00	-0.00e+00	0.0600	8.33e-17	310
0.690	-2.20e-09	-100.0	-1.42e-09	-2.71e-20	0.00	-0.00e+00	0.0600	8.33e-17	310
0.690	-2.20e-09	-100.0	-1.42e-09	1.00e-04	0.00	-0.00e+00	0.0600	8.33e-17	310
0.690	-2.20e-09	-100.0	-1.42e-09	2.00e-04	0.00	-0.00e+00	0.0600	8.33e-17	310
0.690	-2.20e-09	-100.0	-1.42e-09	3.00e-04	0.00	-0.00e+00	0.0600	8.33e-17	310
0.690	-2.20e-09	-100.0	-1.42e-09	4.00e-04	0.00	-0.00e+00	0.0600	8.33e-17	310
0.690	-2.20e-09	-100.0	-1.42e-09	5.00e-04	0.00	-0.00e+00	0.0600	8.33e-17	310
0.680	-2.35e-09	-100.0	-1.46e-09	-5.00e-04	0.00	-0.00e+00	0.0600	8.33e-17	320
0.680	-2.35e-09	-100.0	-1.46e-09	-4.00e-04	0.00	-0.00e+00	0.0600	8.33e-17	320
0.680	-2.35e-09	-100.0	-1.46e-09	-3.00e-04	0.00	-0.00e+00	0.0600	8.33e-17	320
0.680	-2.35e-09	-100.0	-1.46e-09	-2.00e-04	0.00	-0.00e+00	0.0600	8.33e-17	320
0.680	-2.35e-09	-100.0	-1.46e-09	-1.00e-04	0.00	-0.00e+00	0.0600	8.33e-17	320
0.680	-2.35e-09	-100.0	-1.46e-09	-2.71e-20	0.00	-0.00e+00	0.0600	8.33e-17	320
0.680	-2.35e-09	-100.0	-1.46e-09	1.00e-04	0.00	-0.00e+00	0.0600	8.33e-17	320
0.680	-2.35e-09	-100.0	-1.46e-09	2.00e-04	0.00	-0.00e+00	0.0600	8.33e-17	320
0.680	-2.35e-09	-100.0	-1.46e-09	3.00e-04	0.00	-0.00e+00	0.0600	8.33e-17	320
0.680	-2.35e-09	-100.0	-1.46e-09	4.00e-04	0.00	-0.00e+00	0.0600	8.33e-17	320
0.680	-2.35e-09	-100.0	-1.46e-09	5.00e-04	0.00	-0.00e+00	0.0600	8.33e-17	320
0.670	-2.50e-09	-100.0	-1.50e-09	-5.00e-04	0.00	-0.00e+00	0.0600	8.33e-17	330
0.670	-2.50e-09	-100.0	-1.50e-09	-4.00e-04	0.00	-0.00e+00	0.0600	8.33e-17	330
0.670	-2.50e-09	-100.0	-1.50e-09	-3.00e-04	0.00	-0.00e+00	0.0600	8.33e-17	330
0.670	-2.50e-09	-100.0	-1.50e-09	-2.00e-04	0.00	-0.00e+00	0.0600	8.33e-17	330
0.670	-2.50e-09	-100.0	-1.50e-09	-1.00e-04	0.00	-0.00e+00	0.0600	8.33e-17	330
0.670	-2.50e-09	-100.0	-1.50e-09	-2.71e-20	0.00	-0.00e+00	0.0600	8.33e-17	330
0.670	-2.50e-09	-100.0	-1.50e-09	1.00e-04	0.00	-0.00e+00	0.0600	8.33e-17	330
0.670	-2.50e-09	-100.0	-1.50e-09	2.00e-04	0.00	-0.00e+00	0.0600	8.33e-17	330
0.670	-2.50e-09	-100.0	-1.50e-09	3.00e-04	0.00	-0.00e+00	0.0600	8.33e-17	330
0.670	-2.50e-09	-100.0	-1.50e-09	4.00e-04	0.00	-0.00e+00	0.0600	8.33e-17	330
0.670	-2.50e-09	-100.0	-1.50e-09	5.00e-04	0.00	-0.00e+00	0.0600	8.33e-17	330
0.660	-2.65e-09	-100.0	-1.54e-09	-5.00e-04	0.00	-0.00e+00	0.0600	8.33e-17	340
0.660	-2.65e-09	-100.0	-1.54e-09	-4.00e-04	0.00	-0.00e+00	0.0600	8.33e-17	340
0.660	-2.65e-09	-100.0	-1.54e-09	-3.00e-04	0.00	-0.00e+00	0.0600	8.33e-17	340
0.660	-2.65e-09	-100.0	-1.54e-09	-2.00e-04	0.00	-0.00e+00	0.0600	8.33e-17	340
0.660	-2.65e-09	-100.0	-1.54e-09	-1.00e-04	0.00	-0.00e+00	0.0600	8.33e-17	340
0.660	-2.65e-09	-100.0	-1.54e-09	-2.71e-20	0.00	-0.00e+00	0.0600	8.33e-17	340
0.660	-2.65e-09	-100.0	-1.54e-09	1.00e-04	0.00	-0.00e+00	0.0600	8.33e-17	340
0.660	-2.65e-09	-100.0	-1.54e-09	2.00e-04	0.00	-0.00e+00	0.0600	8.33e-17	340
0.660	-2.65e-09	-100.0	-1.54e-09	3.00e-04	0.00	-0.00e+00	0.0600	8.33e-17	340
0.660	-2.65e-09	-100.0	-1.54e-09	4.00e-04	0.00	-0.00e+00	0.0600	8.33e-17	340
0.660	-2.65e-09	-100.0	-1.54e-09	5.00e-04	0.00	-0.00e+00	0.0600	8.33e-17	340
0.650	-2.80e-09	-100.0	-1.57e-09	-5.00e-04	0.00	-0.00e+00	0.0600	8.33e-17	350
0.650	-2.80e-09	-100.0	-1.57e-09	-4.00e-04	0.00	-0.00e+00	0.0600	8.33e-17	350
0.650	-2.80e-09	-100.0	-1.57e-09	-3.00e-04	0.00	-0.00e+00	0.0600	8.33e-17	350
0.650	-2.80e-09	-100.0	-1.57e-09	-2.00e-04	0.00	-0.00e+00	0.0600	8.33e-17	350
0.650	-2.80e-09	-100.0	-1.57e-09	-1.00e-04	0.00	-0.00e+00	0.0600	8.33e-17	350
0.650	-2.80e-09	-100.0	-1.57e-09	-2.71e-20	0.00	-0.00e+00	0.0600	8.33e-17	350
0.650	-2.80e-09	-100.0	-1.57e-09	1.00e-04	0.00	-0.00e+00	0.0600	8.33e-17	350
0.650	-2.80e-09	-100.0	-1.57e-09	2.00e-04	0.00	-0.00e+00	0.0600	8.33e-17	350
0.650	-2.80e-09	-100.0	-1.57e-09	3.00e-04	0.00	-0.00e+00	0.0600	8.33e-17	350
0.650	-2.80e-09	-100.0	-1.57e-09	4.00e-04	0.00	-0.00e+00	0.0600	8.33e-17	350
0.650	-2.80e-09	-100.0	-1.57e-09	5.00e-04	0.00	-0.00e+00	0.0600	8.33e-17	350
0.640	-2.96e-09	-100.0	-1.60e-09	-5.00e-04	0.00	-0.00e+00	0.0600	8.33e-17	360
0.640	-2.96e-09	-100.0	-1.60e-09	-4.00e-04	0.00	-0.00e+00	0.0600	8.33e-17	360
0.640	-2.96e-09	-100.0	-1.60e-09	-3.00e-04	0.00	-0.00e+00	0.0600	8.33e-17	360
0.640	-2.96e-09	-100.0	-1.60e-09	-2.00e-04	0.00	-0.00e+00	0.0600	8.33e-17	360
0.640	-2.96e-09	-100.0	-1.60e-09	-1.00e-04	0.00	-0.00e+00	0.0600	8.33e-17	360
0.640	-2.96e-09	-100.0	-1.60e-09	-2.71e-20	0.00	-0.00e+00	0.0600	8.33e-17	360
0.640	-2.96e-09	-100.0	-1.60e-09	1.00e-04	0.00	-0.00e+00	0.0600	8.33e-17	360
0.640	-2.96e-09	-100.0	-1.60e-09	2.00e-04	0.00	-0.00e+00	0.0600	8.33e-17	360
0.640	-2.96e-09	-100.0	-1.60e-09	3.00e-04	0.00	-0.00e+00	0.0600	8.33e-17	360
0.640	-2.96e-09	-100.0	-1.60e-09	4.00e-04	0.00	-0.00e+00	0.0600	8.33e-17	360
0.640	-2.96e-09	-100.0	-1.60e-09	5.00e-04	0.00	-0.00e+00	0.0600	8.33e-17	360
0.630	-3.12e-09	-100.0	-1.63e-09	-5.00e-04	0.00	-0.00e+00	0.0600	8.33e-17	370
0.630	-3.12e-09	-100.0	-1.63e-09	-4.00e-04	0.00	-0.00e+00	0.0600	8.33e-17	370
0.630	-3.12e-09	-100.0	-1.63e-09	-3.00e-04	0.00	-0.00e+00	0.0600	8.33e-17	370
0.630	-3.12e-09	-100.0	-1.63e-09	-2.00e-04	0.00	-0.00e+00	0.0600	8.33e-17	370
0.630	-3.12e-09	-100.0	-1.63e-09	-1.00e-04	0.00	-0.00e+00	0.0600	8.33e-17	370
0.630	-3.12e-09	-100.0	-1.63e-09	-2.71e-20	0.00	-0.00e+00	0.0600	8.33e-17	370
0.630	-3.12e-09	-100.0	-1.63e-09	1.00e-04	0.00	-0.00e+00	0.0600	8.33e-17	370
0.630	-3.12e-09	-100.0	-1.63e-09	2.00e-04	0.00	-0.00e+00	0.0600	8.33e-17	370
0.630	-3.12e-09	-100.0	-1.63e-09	3.00e-04	0.00	-0.00e+00	0.0600	8.33e-17	370
0.630	-3.12e-09	-100.0	-1.63e-09	4.00e-04	0.00	-0.00e+00	0.0600	8.33e-17	370
0.630	-3.12e-09	-100.0	-1.63e-09	5.00e-04	0.00	-0.00e+00	0.0600	8.33e-17	370
0.620	-3.29e-09	-100.0	-1.64e-09	-5.00e-04	0.00	-0.00e+00	0.0600	8.33e-17	380
0.620	-3.29e-09	-100.0	-1.64e-09	-4.00e-04	0.00	-0.00e+00	0.0600	8.33e-17	380
0.620	-3.29e-09	-100.0	-1.64e-09	-3.00e-04	0.00	-0.00e+00	0.0600	8.33e-17	380
0.620	-3.29e-09	-100.0	-1.64e-09	-2.00e-04	0.00	-0.00e+00	0.0600	8.33e-17	380
0.620	-3.29e-09	-100.0	-1.64e-09	-1.00e-04	0.00	-0.00e+00	0.0600	8.33e-17	380
0.620	-3.29e-09	-100.0	-1.64e-09	-2.71e-20	0.00	-0.00e+00	0.0600	8.33e-17	380
0.620	-3.29e-09	-100.0	-1.64e-09	1.00e-04	0.00	-0.00e+00	0.0600	8.33e-17	380
0.620	-3.29e-09	-100.0	-1.64e-09	2.00e-04	0.00	-0.00e+00	0.0600	8.33e-17	380
0.620	-3.29e-09	-100.0	-1.64e-09	3.00e-04	0.00	-0.00e+00	0.0600	8.33e-17	380
0.620	-3.29e-09	-100.0	-1.64e-09	4.00e-04	0.00	-0.00e+00	0.0600	8.33e-17	380
0.620	-3.29e-09	-100.0	-1.64e-09	5.00e-04	0.00	-0.00e+00	0.0600	8.33e-17	380
0.610	-3.45e-09	-100.0	-1.64e-09	-5.00e-04	0.00	-0.00e+00	0.0600	8.33e-17	390
0.610	-3.45e-09	-100.0	-1.64e-09	-4.00e-04	0.00	-0.00e+00	0.0600	8.33e-17	390
0.610	-3.45e-09	-100.0	-1.64e-09	-3.00e-04	0.00	-0.00e+00	0.0600	8.33e-17	390
0.610	-3.45e-09	-100.0	-1.64e-09	-2.00e-04	0.00	-0.00e+00	0.0600	8.33e-17	390
0.610	-3.45e-09	-100.0	-1.64e-09	-1.00e-04	0.00	-0.00e+00	0.0600	8.33e-17	390
0.610	-3.45e-09	-100.0	-1.64e-09	-2.71e-20	0.00	-0.00e+00	0.0600	8.33e-17	390
0.610	-3.45e-09	-100.0	-1.64e-09	1.00e-04	0.00	-0.00e+00	0.0600	8.33e-17	390
0.610	-3.45e-09	-100.0	-1.64e-09	2.00e-04	0.00	-0.00e+00	0.0600	8.33e-17	390
0.610	-3.45e-09	-100.0	-1.64e-09	3.00e-04	0.00	-0.00e+00	0.0600	8.33e-17	390
0.610	-3.45e-09	-100.0	-1.64e-09	4.00e-04	0.00	-0.00e+00	0.0600	8.33e-17	390
0.610	-3.45e-09	-100.0	-1.64e-09	5.00e-04	0.00	-0.00e+00	0.0600	8.33e-17	390
0.600	-3.62e-09	-100.0	-1.63e-09	-5.00e-04	0.00	-0.00e+00	0.0600	8.33e-17	400
0.600	-3.62e-09	-100.0	-1.63e-09	-4.00e-04	0.00	-0.00e+00	0.0600	8.33e-17	400
0.600	-3.62e-09	-100.0	-1.63e-09	-3.00e-04	0.00	-0.00e+00	0.0600	8.33e-17	400
0.600	-3.62e-09	-100.0	-1.63e-09	-2.00e-04	0.00	-0.00e+00	0.0600	8.33e-17	400
0.600	-3.62e-09	-100.0	-1.63e-09	-1.00e-04	0.00	-0.00e+00	0.0600	8.33e-17	400
0.600	-3.62e-09	-100.0	-1.63e-09	-2.71e-20	0.00	-0.00e+00	0.0600	8.33e-17	400
0.600	-3.62e-09	-100.0	-1.63e-09	1.00e-04	0.00	-0.00e+00	0.0600	8.33e-17	400
0.600	-3.62e-09	-100.0	-1.63e-09	2.00e-04	0.00	-0.00e+00	0.0600	8.33e-17	400
0.600	-3.62e-09	-100.0	-1.63e-09	3.00e-04	0.00	-0.00e+00	0.0600	8.33e-17	400
0.600	-3.62e-09	-100.0	-1.63e-09	4.00e-04	0.00	-0.00e+00	0.0600	8.33e-17	400
0.600	-3.62e-09	-100.0	-1.63e-09	5.00e-04	0.00	-0.00e+00	0.0600	8.33e-17	400
0.590	-3.78e-09	-100.0	-1.60e-09	-5.00e-04	0.00	-0.00e+00	0.0600	8.33e-17	410
0.590	-3.78e-09	-100.0	-1.60e-09	-4.00e-04	0.00	-0.00e+00	0.0600	8.33e-17	410
0.590	-3.78e-09	-100.0	-1.60e-09	-3.00e-04	0.00	-0.00e+00	0.0600	8.33e-17	410
0.590	-3.78e-09	-100.0	-1.60e-09	-2.00e-04	0.00	-0.00e+00	0.0600	8.33e-17	410
0.590	-3.78e-09	-100.0	-1.60e-09	-1.00e-04	0.00	-0.00e+00	0.0600	8.33e-17	410
0.590	-3.78e-09	-100.0	-1.60e-09	-2.71e-20	0.00	-0.00e+00	0.0600	8.33e-17	410
0.590	-3.78e-09	-100.0	-1.60e-09	1.00e-04	0.00	-0.00e+00	0.0600	8.33e-17	410
0.590	-3.78e-09	-100.0	-1.60e-09	2.00e-04	0.00	-0.00e+00	0.0600	8.33e-17	410
0.590	-3.78e-09	-100.0	-1.60e-09	3.00e-04	0.00	-0.00e+00	0.0600	8.33e-17	410
0.590	-3.78e-09	-100.0	-1.60e-09	4.00e-04	0.00	-0.00e+00	0.0600	8.33e-17	410
0.590	-3.78e-09	-100.0	-1.60e-09	5.00e-04	0.00	-0.00e+00	0.0600	8.33e-17	410
0.580	-3.94e-09	-100.0	-1.56e-09	-5.00e-04	0.00	-0.00e+00	0.0600	8.33e-17	420
0.580	-3.94e-09	-100.0	-1.56e-09	-4.00e-04	0.00	-0.00e+00	0.0600	8.33e-17	420
0.580	-3.94e-09	-100.0	-1.56e-09	-3.00e-04	0.00	-0.00e+00	0.0600	8.33e-17	420
0.580	-3.94e-09	-100.0	-1.56e-09	-2.00e-04	0.00	-0.00e+00	0.0600	8.33e-17	420
0.580	-3.94e-09	-100.0	-1.56e-09	-1.00e-04	0.00	-0.00e+00	0.0600	8.33e-17	420
0.580	-3.94e-09	-100.0	-1.56e-09	-2.71e-20	0.00	-0.00e+00	0.0600	8.33e-17	420
0.580	-3.94e-09	-100.0	-1.56e-09	1.00e-04	0.00	-0.00e+00	0.0600	8.33e-17	420
0.580	-3.94e-09	-100.0	-1.56e-09	2.00e-04	0.00	-0.00e+00	0.0600	8.33e-17	420
0.580	-3.94e-09	-100.0	-1.56e-09	3.00e-04	0.00	-0.00e+00	0.0600	8.33e-17	420
0.580	-3.94e-09	-100.0	-1.56e-09	4.00e-04	0.00	-0.00e+00	0.0600	8.33e-17	420
0.580	-3.94e-09	-100.0	-1.56e-09	5.00e-04	0.00	-0.00e+00	0.0600	8.33e-17	420
0.570	-4.09e-09	-100.0	-1.48e-09	-5.00e-04	0.00	-0.00e+00	0.0600	8.33e-17	430
0.570	-4.09e-09	-100.0	-1.48e-09	-4.00e-04	0.00	-0.00e+00	0.0600	8.33e-17	430
0.570	-4.09e-09	-100.0	-1.48e-09	-3.00e-04	0.00	-0.00e+00	0.0600	8.33e-17	430
0.570	-4.09e-09	-100.0	-1.48e-09	-2.00e-04	0.00	-0.00e+00	0.0600	8.33e-17	430
0.570	-4.09e-09	-100.0	-1.48e-09	-1.00e-04	0.00	-0.00e+00	0.0600	8.33e-17	430
0.570	-4.09e-09	-100.0	-1.48e-09	-2.71e-20	0.00	-0.00e+00	0.0600	8.33e-17	430
0.570	-4.09e-09	-100.0	-1.48e-09	1.00e-04	0.00	-0.00e+00	0.0600	8.33e-17	430
0.570	-4.09e-09	-100.0	-1.48e-09	2.00e-04	0.00	-0.00e+00	0.0600	8.33e-17	430
0.570	-4.09e-09	-100.0	-1.48e-09	3.00e-04	0.00	-0.00e+00	0.0600	8.33e-17	430
0.570	-4.09e-09	-100.0	-1.48e-09	4.00e-04	0.00	-0.00e+00	0.0600	8.33e-17	430
0.570	-4.09e-09	-100.0	-1.48e-09	5.00e-04	0.00	-0.00e+00	0.0600	8.33e-17	430
0.560	-4.23e-09	-100.0	-1.37e-09	-5.00e-04	0.00	-0.00e+00	0.0600	8.33e-17	440
0.560	-4.23e-09	-100.0	-1.37e-09	-4.00e-04	0.00	-0.00e+00	0.0600	8.33e-17	440
0.560	-4.23e-09	-100.0	-1.37e-09	-3.00e-04	0.00	-0.00e+00	0.0600	8.33e-17	440
0.560	-4.23e-09	-100.0	-1.37e-09	-2.00e-04	0.00	-0.00e+00	0.0600	8.33e-17	440
0.560	-4.23e-09	-100.0	-1.37e-09	-1.00e-04	0.00	-0.00e+00	0.0600	8.33e-17	440
0.560	-4.23e-09	-100.0	-1.37e-09	-2.71e-20	0.00	-0.00e+00	0.0600	8.33e-17	440
0.560	-4.23e-09	-100.0	-1.37e-09	1.00e-04	0.00	-0.00e+00	0.0600	8.33e-17	440
0.560	-4.23e-09	-100.0	-1.37e-09	2.00e-04	0.00	-0.00e+00	0.0600	8.33e-17	440
0.560	-4.23e-09	-100.0	-1.37e-09	3.00e-04	0.00	-0.00e+00	0.0600	8.33e-17	440
0.560	-4.23e-09	-100.0	-1.37e-09	4.00e-04	0.00	-0.00e+00	0.0600	8.33e-17	440
0.560	-4.23e-09	-100.0	-1.37e-09	5.00e-04	0.00	-0.00e+00	0.0600	8.33e-17	440
0.550	-4.36e-09	-100.0	-1.22e-09	-5.00e-04	0.00	-0.00e+00	0.0600	8.33e-17	450
0.550	-4.36e-09	-100.0	-1.22e-09	-4.00e-04	0.00	-0.00e+00	0.0600	8.33e-17	450
0.550	-4.36e-09	-100.0	-1.22e-09	-3.00e-04	0.00	-0.00e+00	0.0600	8.33e-17	450
0.550	-4.36e-09	-100.0	-1.22e-09	-2.00e-04	0.00	-0.00e+00	0.0600	8.33e-17	450
0.550	-4.36e-09	-100.0	-1.22e-09	-1.00e-04	0.00	-0.00e+00	0.0600	8.33e-17	450
0.550	-4.36e-09	-100.0	-1.22e-09	-2.71e-20	0.00	-0.00e+00	0.0600	8.33e-17	450
0.550	-4.36e-09	-100.0	-1.22e-09	1.00e-04	0.00	-0.00e+00	0.0600	8.33e-17	450
0.550	-4.36e-09	-100.0	-1.22e-09	2.00e-04	0.00	-0.00e+00	0.0600	8.33e-17	450
0.550	-4.36e-09	-100.0	-1.22e-09	3.00e-04	0.00	-0.00e+00	0.0600	8.33e-17	450
0.550	-4.36e-09	-100.0	-1.22e-09	4.00e-04	0.00	-0.00e+00	0.0600	8.33e-17	450
0.550	-4.36e-09	-100.0	-1.22e-09	5.00e-04	0.00	-0.00e+00	0.0600	8.33e-17	450
0.540	-4.48e-09	-100.0	-1.03e-09	-5.00e-04	0.00	-0.00e+00	0.0600	8.33e-17	460
0.540	-4.48e-09	-100.0	-1.03e-09	-4.00e-04	0.00	-0.00e+00	0.0600	8.33e-17	460
0.540	-4.48e-09	-100.0	-1.03e-09	-3.00e-04	0.00	-0.00e+00	0.0600	8.33e-17	460
0.540	-4.48e-09	-100.0	-1.03e-09	-2.00e-04	0.00	-0.00e+00	0.0600	8.33e-17	460
0.540	-4.48e-09	-100.0	-1.03e-09	-1.00e-04	0.00	-0.00e+00	0.0600	8.33e-17	460
0.540	-4.48e-09	-100.0	-1.03e-09	-2.71e-20	0.00	-0.00e+00	0.0600	8.33e-17	460
0.540	-4.48e-09	-100.0	-1.03e-09	1.00e-04	0.00	-0.00e+00	0.0600	8.33e-17	460
0.540	-4.48e-09	-100.0	-1.03e-09	2.00e-04	0.00	-0.00e+00	0.0600	8.33e-17	460
0.540	-4.48e-09	-100.0	-1.03e-09	3.00e-04	0.00	-0.00e+00	0.0600	8.33e-17	460
0.540	-4.48e-09	-100.0	-1.03e-09	4.00e-04	0.00	-0.00e+00	0.0600	8.33e-17	460
0.540	-4.48e-09	-100.0	-1.03e-09	5.00e-04	0.00	-0.00e+00	0.0600	8.33e-17	460
0.530	-4.57e-09	-100.0	-7.84e-10	-5.00e-04	0.00	-0.00e+00	0.0600	8.33e-17	470
0.530	-4.57e-09	-100.0	-7.84e-10	-4.00e-04	0.00	-0.00e+00	0.0600	8.33e-17	470
0.530	-4.57e-09	-100.0	-7.84e-10	-3.00e-04	0.00	-0.00e+00	0.0600	8.33e-17	470
0.530	-4.57e-09	-100.0	-7.84e-10	-2.00e-04	0.00	-0.00e+00	0.0600	8.33e-17	470
0.530	-4.57e-09	-100.0	-7.84e-10	-1.00e-04	0.00	-0.00e+00	0.0600	8.33e-17	470
0.530	-4.57e-09	-100.0	-7.84e-10	-2.71e-20	0.00	-0.00e+00	0.0600	8.33e-17	470
0.530	-4.57e-09	-100.0	-7.84e-10	1.00e-04	0.00	-0.00e+00	0.0600	8.33e-17	470
0.530	-4.57e-09	-100.0	-7.84e-10	2.00e-04	0.00	-0.00e+00	0.0600	8.33e-17	470
0.530	-4.57e-09	-100.0	-7.84e-10	3.00e-04	0.00	-0.00e+00	0.0600	8.33e-17	470
0.530	-4.57e-09	-100.0	-7.84e-10	4.00e-04	0.00	-0.00e+00	0.0600	8.33e-17	470
0.530	-4.57e-09	-100.0	-7.84e-10	5.00e-04	0.00	-0.00e+00	0.0600	8.33e-17	470
0.520	-4.63e-09	-100.0	-4.75e-10	-5.00e-04	0.00	-0.00e+00	0.0600	8.33e-17	480
0.520	-4.63e-09	-100.0	-4.75e-10	-4.00e-04	0.00	-0.00e+00	0.0600	8.33e-17	480
0.520	-4.63e-09	-100.0	-4.75e-10	-3.00e-04	0.00	-0.00e+00	0.0600	8.33e-17	480
0.520	-4.63e-09	-100.0	-4.75e-10	-2.00e-04	0.00	-0.00e+00	0.0600	8.33e-17	480
0.520	-4.63e-09	-100.0	-4.75e-10	-1.00e-04	0.00	-0.00e+00	0.0600	8.33e-17	480
0.520	-4.63e-09	-100.0	-4.75e-10	-2.71e-20	0.00	-0.00e+00	0.0600	8.33e-17	480
0.520	-4.63e-09	-100.0	-4.75e-10	1.00e-04	0.00	-0.00e+00	0.0600	8.33e-17	480
0.520	-4.63e-09	-100.0	-4.75e-10	2.00e-04	0.00	-0.00e+00	0.0600	8.33e-17	480
0.520	-4.63e-09	-100.0	-4.75e-10	3.00e-04	0.00	-0.00e+00	0.0600	8.33e-17	480
0.520	-4.63e-09	-100.0	-4.75e-10	4.00e-04	0.00	-0.00e+00	0.0600	8.33e-17	480
0.520	-4.63e-09	-100.0	-4.75e-10	5.00e-04	0.00	-0.00e+00	0.0600	8.33e-17	480
0.510	-4.67e-09	-100.0	-9.69e-11	-5.00e-04	0.00	-0.00e+00	0.0600	8.33e-17	490
0.510	-4.67e-09	-100.0	-9.69e-11	-4.00e-04	0.00	-0.00e+00	0.0600	8.33e-17	490
0.510	-4.67e-09	-100.0	-9.69e-11	-3.00e-04	0.00	-0.00e+00	0.0600	8.33e-17	490
0.510	-4.67e-09	-100.0	-9.69e-11	-2.00e-04	0.00	-0.00e+00	0.0600	8.33e-17	490
0.510	-4.67e-09	-100.0	-9.69e-11	-1.00e-04	0.00	-0.00e+00	0.0600	8.33e-17	490
0.510	-4.67e-09	-100.0	-9.69e-11	-2.71e-20	0.00	-0.00e+00	0.0600	8.33e-17	490
0.510	-4.67e-09	-100.0	-9.69e-11	1.00e-04	0.00	-0.00e+00	0.0600	8.33e-17	490
0.510	-4.67e-09	-100.0	-9.69e-11	2.00e-04	0.00	-0.00e+00	0.0600	8.33e-17	490
0.510	-4.67e-09	-100.0	-9.69e-11	3.00e-04	0.00	-0.00e+00	0.0600	8.33e-17	490
0.510	-4.67e-09	-100.0	-9.69e-11	4.00e-04	0.00	-0.00e+00	0.0600	8.33e-17	490
0.510	-4.67e-09	-100.0	-9.69e-11	5.00e-04	0.00	-0.00e+00	0.0600	8.33e-17	490
0.500	-4.66e-09	-100.0	3.60e-10	-5.00e-04	0.00	-0.00e+00	0.0600	8.33e-17	500
0.500	-4.66e-09	-100.0	3.60e-10	-4.00e-04	0.00	-0.00e+00	0.0600	8.33e-17	500
0.500	-4.66e-09	-100.0	3.60e-10	-3.00e-04	0.00	-0.00e+00	0.0600	8.33e-17	500
0.500	-4.66e-09	-100.0	3.60e-10	-2.00e-04	0.00	-0.00e+00	0.0600	8.33e-17	500
0.500	-4.66e-09	-100.0	3.60e-10	-1.00e-04	0.00	-0.00e+00	0.0600	8.33e-17	500
0.500	-4.66e-09	-100.0	3.60e-10	-2.71e-20	0.00	-0.00e+00	0.0600	8.33e-17	500
0.500	-4.66e-09	-100.0	3.60e-10	1.00e-04	0.00	-0.00e+00	0.0600	8.33e-17	500
0.500	-4.66e-09	-100.0	3.60e-10	2.00e-04	0.00	-0.00e+00	0.0600	8.33e-17	500
0.500	-4.66e-09	-100.0	3.60e-10	3.00e-04	0.00	-0.00e+00	0.0600	8.33e-17	500
0.500	-4.66e-09	-100.0	3.60e-10	4.00e-04	0.00	-0.00e+00	0.0600	8.33e-17	500
0.500	-4.66e-09	-100.0	3.60e-10	5.00e-04	0.00	-0.00e+00	0.0600	8.33e-17	500
0.490	-4.60e-09	-100.0	9.05e-10	-5.00e-04	0.00	-0.00e+00	0.0600	8.33e-17	510
0.490	-4.60e-09	-100.0	9.05e-10	-4.00e-04	0.00	-0.00e+00	0.0600	8.33e-17	510
0.490	-4.60e-09	-100.0	9.05e-10	-3.00e-04	0.00	-0.00e+00	0.0600	8.33e-17	510
0.490	-4.60e-09	-100.0	9.05e-10	-2.00e-04	0.00	-0.00e+00	0.0600	8.33e-17	510
0.490	-4.60e-09	-100.0	9.05e-10	-1.00e-04	0.00	-0.00e+00	0.0600	8.33e-17	510
0.490	-4.60e-09	-100.0	9.05e-10	-2.71e-20	0.00	-0.00e+00	0.0600	8.33e-17	510
0.490	-4.60e-09	-100.0	9.05e-10	1.00e-04	0.00	-0.00e+00	0.0600	8.33e-17	510
0.490	-4.60e-09	-100.0	9.05e-10	2.00e-04	0.00	-0.00e+00	0.0600	8.33e-17	510
0.490	-4.60e-09	-100.0	9.05e-10	3.00e-04	0.00	-0.00e+00	0.0600	8.33e-17	510
0.490	-4.60e-09	-100.0	9.05e-10	4.00e-04	0.00	-0.00e+00	0.0600	8.33e-17	510
0.490	-4.60e-09	-100.0	9.05e-10	5.00e-04	0.00	-0.00e+00	0.0600	8.33e-17	510
0.480	-4.48e-09	-100.0	1.54e-09	-5.00e-04	0.00	-0.00e+00	0.0600	8.33e-17	520
0.480	-4.48e-09	-100.0	1.54e-09	-4.00e-04	0.00	-0.00e+00	0.0600	8.33e-17	520
0.480	-4.48e-09	-100.0	1.54e-09	-3.00e-04	0.00	-0.00e+00	0.0600	8.33e-17	520
0.480	-4.48e-09	-100.0	1.54e-09	-2.00e-04	0.00	-0.00e+00	0.0600	8.33e-17	520
0.480	-4.48e-09	-100.0	1.54e-09	-1.00e-04	0.00	-0.00e+00	0.0600	8.33e-17	520
0.480	-4.48e-09	-100.0	1.54e-09	-2.71e-20	0.00	-0.00e+00	0.0600	8.33e-17	520
0.480	-4.48e-09	-100.0	1.54e-09	1.00e-04	0.00	-0.00e+00	0.0600	8.33e-17	520
0.480	-4.48e-09	-100.0	1.54e-09	2.00e-04	0.00	-0.00e+00	0.0600	8.33e-17	520
0.480	-4.48e-09	-100.0	1.54e-09	3.00e-04	0.00	-0.00e+00	0.0600	8.33e-17	520
0.480	-4.48e-09	-100.0	1.54e-09	4.00e-04	0.00	-0.00e+00	0.0600	8.33e-17	520
0.480	-4.48e-09	-100.0	1.54e-09	5.00e-04	0.00	-0.00e+00	0.0600	8.33e-17	520
0.470	-4.29e-09	-100.0	2.28e-09	-5.00e-04	0.00	-0.00e+00	0.0600	8.33e-17	530
0.470	-4.29e-09	-100.0	2.28e-09	-4.00e-04	0.00	-0.00e+00	0.0600	8.33e-17	530
0.470	-4.29e-09	-100.0	2.28e-09	-3.00e-04	0.00	-0.00e+00	0.0600	8.33e-17	530
0.470	-4.29e-09	-100.0	2.28e-09	-2.00e-04	0.00	-0.00e+00	0.0600	8.33e-17	530
0.470	-4.29e-09	-100.0	2.28e-09	-1.00e-04	0.00	-0.00e+00	0.0600	8.33e-17	530
0.470	-4.29e-09	-100.0	2.28e-09	-2.71e-20	0.00	-0.00e+00	0.0600	8.33e-17	530
0.470	-4.29e-09	-100.0	2.28e-09	1.00e-04	0.00	-0.00e+00	0.0600	8.33e-17	530
0.470	-4.29e-09	-100.0	2.28e-09	2.00e-04	0.00	-0.00e+00	0.0600	8.33e-17	530
0.470	-4.29e-09	-100.0	2.28e-09	3.00e-04	0.00	-0.00e+00	0.0600	8.33e-17	530
0.470	-4.29e-09	-100.0	2.28e-09	4.00e-04	0.00	-0.00e+00	0.0600	8.33e-17	530
0.470	-4.29e-09	-100.0	2.28e-09	5.00e-04	0.00	-0.00e+00	0.0600	8.33e-17	530
0.460	-4.03e-09	-100.0	3.13e-09	-5.00e-04	0.00	-0.00e+00	0.0600	8.33e-17	540
0.460	-4.03e-09	-100.0	3.13e-09	-4.00e-04	0.00	-0.00e+00	0.0600	8.33e-17	540
0.460	-4.03e-09	-100.0	3.13e-09	-3.00e-04	0.00	-0.00e+00	0.0600	8.33e-17	540
0.460	-4.03e-09	-100.0	3.13e-09	-2.00e-04	0.00	-0.00e+00	0.0600	8.33e-17	540
0.460	-4.03e-09	-100.0	3.13e-09	-1.00e-04	0.00	-0.00e+00	0.0600	8.33e-17	540
0.460	-4.03e-09	-100.0	3.13e-09	-2.71e-20	0.00	-0.00e+00	0.0600	8.33e-17	540
0.460	-4.03e-09	-100.0	3.13e-09	1.00e-04	0.00	-0.00e+00	0.0600	8.33e-17	540
0.460	-4.03e-09	-100.0	3.13e-09	2.00e-04	0.00	-0.00e+00	0.0600	8.33e-17	540
0.460	-4.03e-09	-100.0	3.13e-09	3.00e-04	0.00	-0.00e+00	0.0600	8.33e-17	540
0.460	-4.03e-09	-100.0	3.13e-09	4.00e-04	0.00	-0.00e+00	0.0600	8.33e-17	540
0.460	-4.03e-09	-100.0	3.13e-09	5.00e-04	0.00	-0.00e+00	0.0600	8.33e-17	540
0.450	-3.67e-09	-100.0	4.08e-09	-5.00e-04	0.00	-0.00e+00	0.0600	8.33e-17	550
0.450	-3.67e-09	-100.0	4.08e-09	-4.00e-04	0.00	-0.00e+00	0.0600	8.33e-17	550
0.450	-3.67e-09	-100.0	4.08e-09	-3.00e-04	0.00	-0.00e+00	0.0600	8.33e-17	550
0.450	-3.67e-09	-100.0	4.08e-09	-2.00e-04	0.00	-0.00e+00	0.0600	8.33e-17	550
0.450	-3.67e-09	-100.0	4.08e-09	-1.00e-04	0.00	-0.00e+00	0.0600	8.33e-17	550
0.450	-3.67e-09	-100.0	4.08e-09	-2.71e-20	0.00	-0.00e+00	0.0600	8.33e-17	550
0.450	-3.67e-09	-100.0	4.08e-09	1.00e-04	0.00	-0.00e+00	0.0600	8.33e-17	550
0.450	-3.67e-09	-100.0	4.08e-09	2.00e-04	0.00	-0.00e+00	0.0600	8.33e-17	550
0.450	-3.67e-09	-100.0	4.08e-09	3.00e-04	0.00	-0.00e+00	0.0600	8.33e-17	550
0.450	-3.67e-09	-100.0	4.08e-09	4.00e-04	0.00	-0.00e+00	0.0600	8.33e-17	550
0.450	-3.67e-09	-100.0	4.08e-09	5.00e-04	0.00	-0.00e+00	0.0600	8.33e-17	550
0.440	-3.22e-09	-100.0	5.14e-09	-5.00e-04	0.00	-0.00e+00	0.0600	8.33e-17	560
0.440	-3.22e-09	-100.0	5.14e-09	-4.00e-04	0.00	-0.00e+00	0.0600	8.33e-17	560
0.440	-3.22e-09	-100.0	5.14e-09	-3.00e-04	0.00	-0.00e+00	0.0600	8.33e-17	560
0.440	-3.22e-09	-100.0	5.14e-09	-2.00e-04	0.00	-0.00e+00	0.0600	8.33e-17	560
0.440	-3.22e-09	-100.0	5.14e-09	-1.00e-04	0.00	-0.00e+00	0.0600	8.33e-17	560
0.440	-3.22e-09	-100.0	5.14e-09	-2.71e-20	0.00	-0.00e+00	0.0600	8.33e-17	560
0.440	-3.22e-09	-100.0	5.14e-09	1.00e-04	0.00	-0.00e+00	0.0600	8.33e-17	560
0.440	-3.22e-09	-100.0	5.14e-09	2.00e-04	0.00	-0.00e+00	0.0600	8.33e-17	560
0.440	-3.22e-09	-100.0	5.14e-09	3.00e-04	0.00	-0.00e+00	0.0600	8.33e-17	560
0.440	-3.22e-09	-100.0	5.14e-09	4.00e-04	0.00	-0.00e+00	0.0600	8.33e-17	560
0.440	-3.22e-09	-100.0	5.14e-09	5.00e-04	0.00	-0.00e+00	0.0600	8.33e-17	560
0.430	-2.65e-09	-100.0	6.30e-09	-5.00e-04	0.00	-0.00e+00	0.0600	8.33e-17	570
0.430	-2.65e-09	-100.0	6.30e-09	-4.00e-04	0.00	-0.00e+00	0.0600	8.33e-17	570
0.430	-2.65e-09	-100.0	6.30e-09	-3.00e-04	0.00	-0.00e+00	0.0600	8.33e-17	570
0.430	-2.65e-09	-100.0	6.30e-09	-2.00e-04	0.00	-0.00e+00	0.0600	8.33e-17	570
0.430	-2.65e-09	-100.0	6.30e-09	-1.00e-04	0.00	-0.00e+00	0.0600	8.33e-17	570
0.430	-2.65e-09	-100.0	6.30e-09	-2.71e-20	0.00	-0.00e+00	0.0600	8.33e-17	570
0.430	-2.65e-09	-100.0	6.30e-09	1.00e-04	0.00	-0.00e+00	0.0600	8.33e-17	570
0.430	-2.65e-09	-100.0	6.30e-09	2.00e-04	0.00	-0.00e+00	0.0600	8.33e-17	570
0.430	-2.65e-09	-100.0	6.30e-09	3.00e-04	0.00	-0.00e+00	0.0600	8.33e-17	570
0.430	-2.65e-09	-100.0	6.30e-09	4.00e-04	0.00	-0.00e+00	0.0600	8.33e-17	570
0.430	-2.65e-09	-100.0	6.30e-09	5.00e-04	0.00	-0.00e+00	0.0600	8.33e-17	570
0.420	-1.96e-09	-100.0	7.55e-09	-5.00e-04	0.00	-0.00e+00	0.0600	8.33e-17	580
0.420	-1.96e-09	-100.0	7.55e-09	-4.00e-04	0.00	-0.00e+00	0.0600	8.33e-17	580
0.420	-1.96e-09	-100.0	7.55e-09	-3.00e-04	0.00	-0.00e+00	0.0600	8.33e-17	580
0.420	-1.96e-09	-100.0	7.55e-09	-2.00e-04	0.00	-0.00e+00	0.0600	8.33e-17	580
0.420	-1.96e-09	-100.0	7.55e-09	-1.00e-04	0.00	-0.00e+00	0.0600	8.33e-17	580
0.420	-1.96e-09	-100.0	7.55e-09	-2.71e-20	0.00	-0.00e+00	0.0600	8.33e-17	580
0.420	-1.96e-09	-100.0	7.55e-09	1.00e-04	0.00	-0.00e+00	0.0600	8.33e-17	580
0.420	-1.96e-09	-100.0	7.55e-09	2.00e-04	0.00	-0.00e+00	0.0600	8.33e-17	580
0.420	-1.96e-09	-100.0	7.55e-09	3.00e-04	0.00	-0.00e+00	0.0600	8.33e-17	580
0.420	-1.96e-09	-100.0	7.55e-09	4.00e-04	0.00	-0.00e+00	0.0600	8.33e-17	580
0.420	-1.96e-09	-100.0	7.55e-09	5.00e-04	0.00	-0.00e+00	0.0600	8.33e-17	580
0.410	-1.15e-09	-100.0	8.89e-09	-5.00e-04	0.00	-0.00e+00	0.0600	8.33e-17	590
0.410	-1.15e-09	-100.0	8.89e-09	-4.00e-04	0.00	-0.00e+00	0.0600	8.33e-17	590
0.410	-1.15e-09	-100.0	8.89e-09	-3.00e-04	0.00	-0.00e+00	0.0600	8.33e-17	590
0.410	-1.15e-09	-100.0	8.89e-09	-2.00e-04	0.00	-0.00e+00	0.0600	8.33e-17	590
0.410	-1.15e-09	-100.0	8.89e-09	-1.00e-04	0.00	-0.00e+00	0.0600	8.33e-17	590
0.410	-1.15e-09	-100.0	8.89e-09	-2.71e-20	0.00	-0.00e+00	0.0600	8.33e-17	590
0.410	-1.15e-09	-100.0	8.89e-09	1.00e-04	0.00	-0.00e+00	0.0600	8.33e-17	590
0.410	-1.15e-09	-100.0	8.89e-09	2.00e-04	0.00	-0.00e+00	0.0600	8.33e-17	590
0.410	-1.15e-09	-100.0	8.89e-09	3.00e-04	0.00	-0.00e+00	0.0600	8.33e-17	590
0.410	-1.15e-09	-100.0	8.89e-09	4.00e-04	0.00	-0.00e+00	0.0600	8.33e-17	590
0.410	-1.15e-09	-100.0	8.89e-09	5.00e-04	0.00	-0.00e+00	0.0600	8.33e-17	590
0.400	-1.99e-10	-100.0	1.03e-08	-5.00e-04	0.00	-0.00e+00	0.0600	8.33e-17	600
0.400	-1.99e-10	-100.0	1.03e-08	-4.00e-04	0.00	-0.00e+00	0.0600	8.33e-17	600
0.400	-1.99e-10	-100.0	1.03e-08	-3.00e-04	0.00	-0.00e+00	0.0600	8.33e-17	600
0.400	-1.99e-10	-100.0	1.03e-08	-2.00e-04	0.00	-0.00e+00	0.0600	8.33e-17	600
0.400	-1.99e-10	-100.0	1.03e-08	-1.00e-04	0.00	-0.00e+00	0.0600	8.33e-17	600
0.400	-1.99e-10	-100.0	1.03e-08	-2.71e-20	0.00	-0.00e+00	0.0600	8.33e-17	600
0.400	-1.99e-10	-100.0	1.03e-08	1.00e-04	0.00	-0.00e+00	0.0600	8.33e-17	600
0.400	-1.99e-10	-100.0	1.03e-08	2.00e-04	0.00	-0.00e+00	0.0600	8.33e-17	600
0.400	-1.99e-10	-100.0	1.03e-08	3.00e-04	0.00	-0.00e+00	0.0600	8.33e-17	600
0.400	-1.99e-10	-100.0	1.03e-08	4.00e-04	0.00	-0.00e+00	0.0600	8.33e-17	600
0.400	-1.99e-10	-100.0	1.03e-08	5.00e-04	0.00	-0.00e+00	0.0600	8.33e-17	600
0.390	8.92e-10	-100.0	1.17e-08	-5.00e-04	0.00	-0.00e+00	0.0600	8.33e-17	610
0.390	8.92e-10	-100.0	1.17e-08	-4.00e-04	0.00	-0.00e+00	0.0600	8.33e-17	610
0.390	8.92e-10	-100.0	1.17e-08	-3.00e-04	0.00	-0.00e+00	0.0600	8.33e-17	610
0.390	8.92e-10	-100.0	1.17e-08	-2.00e-04	0.00	-0.00e+00	0.0600	8.33e-17	610
0.390	8.92e-10	-100.0	1.17e-08	-1.00e-04	0.00	-0.00e+00	0.0600	8.33e-17	610
0.390	8.92e-10	-100.0	1.17e-08	-2.71e-20	0.00	-0.00e+00	0.0600	8.33e-17	610
0.390	8.92e-10	-100.0	1.17e-08	1.00e-04	0.00	-0.00e+00	0.0600	8.33e-17	610
0.390	8.92e-10	-100.0	1.17e-08	2.00e-04	0.00	-0.00e+00	0.0600	8.33e-17	610
0.390	8.92e-10	-100.0	1.17e-08	3.00e-04	0.00	-0.00e+00	0.0600	8.33e-17	610
0.390	8.92e-10	-100.0	1.17e-08	4.00e-04	0.00	-0.00e+00	0.0600	8.33e-17	610
0.390	8.92e-10	-100.0	1.17e-08	5.00e-04	0.00	-0.00e+00	0.0600	8.33e-17	610
0.380	2.13e-09	-100.0	1.31e-08	-5.00e-04	0.00	-0.00e+00	0.0600	8.33e-17	620
0.380	2.13e-09	-100.0	1.31e-08	-4.00e-04	0.00	-0.00e+00	0.0600	8.33e-17	620
0.380	2.13e-09	-100.0	1.31e-08	-3.00e-04	0.00	-0.00e+00	0.0600	8.33e-17	620
0.380	2.13e-09	-100.0	1.31e-08	-2.00e-04	0.00	-0.00e+00	0.0600	8.33e-17	620
0.380	2.13e-09	-100.0	1.31e-08	-1.00e-04	0.00	-0.00e+00	0.0600	8.33e-17	620
0.380	2.13e-09	-100.0	1.31e-08	-2.71e-20	0.00	-0.00e+00	0.0600	8.33e-17	620
0.380	2.13e-09	-100.0	1.31e-08	1.00e-04	0.00	-0.00e+00	0.0600	8.33e-17	620
0.380	2.13e-09	-100.0	1.31e-08	2.00e-04	0.00	-0.00e+00	0.0600	8.33e-17	620
0.380	2.13e-09	-100.0	1.31e-08	3.00e-04	0.00	-0.00e+00	0.0600	8.33e-17	620
0.380	2.13e-09	-100.0	1.31e-08	4.00e-04	0.00	-0.00e+00	0.0600	8.33e-17	620
0.380	2.13e-09	-100.0	1.31e-08	5.00e-04	0.00	-0.00e+00	0.0600	8.33e-17	620
0.370	3.50e-09	-100.0	1.45e-08	-5.00e-04	0.00	-0.00e+00	0.0600	8.33e-17	630
0.370	3.50e-09	-100.0	1.45e-08	-4.00e-04	0.00	-0.00e+00	0.0600	8.33e-17	630
0.370	3.50e-09	-100.0	1.45e-08	-3.00e-04	0.00	-0.00e+00	0.0600	8.33e-17	630
0.370	3.50e-09	-100.0	1.45e-08	-2.00e-04	0.00	-0.00e+00	0.0600	8.33e-17	630
0.370	3.50e-09	-100.0	1.45e-08	-1.00e-04	0.00	-0.00e+00	0.0600	8.33e-17	630
0.370	3.50e-09	-100.0	1.45e-08	-2.71e-20	0.00	-0.00e+00	0.0600	8.33e-17	630
0.370	3.50e-09	-100.0	1.45e-08	1.00e-04	0.00	-0.00e+00	0.0600	8.33e-17	630
0.370	3.50e-09	-100.0	1.45e-08	2.00e-04	0.00	-0.00e+00	0.0600	8.33e-17	630
0.370	3.50e-09	-100.0	1.45e-08	3.00e-04	0.00	-0.00e+00	0.0600	8.33e-17	630
0.370	3.50e-09	-100.0	1.45e-08	4.00e-04	0.00	-0.00e+00	0.0600	8.33e-17	630
0.370	3.50e-09	-100.0	1.45e-08	5.00e-04	0.00	-0.00e+00	0.0600	8.33e-17	630
0.360	5.01e-09	-100.0	1.58e-08	-5.00e-04	0.00	-0.00e+00	0.0600	8.33e-17	640
0.360	5.01e-09	-100.0	1.58e-08	-4.00e-04	0.00	-0.00e+00	0.0600	8.33e-17	640
0.360	5.01e-09	-100.0	1.58e-08	-3.00e-04	0.00	-0.00e+00	0.0600	8.33e-17	640
0.360	5.01e-09	-100.0	1.58e-08	-2.00e-04	0.00	-0.00e+00	0.0600	8.33e-17	640
0.360	5.01e-09	-100.0	1.58e-08	-1.00e-04	0.00	-0.00e+00	0.0600	8.33e-17	640
0.360	5.01e-09	-100.0	1.58e-08	-2.71e-20	0.00	-0.00e+00	0.0600	8.33e-17	640
0.360	5.01e-09	-100.0	1.58e-08	1.00e-04	0.00	-0.00e+00	0.0600	8.33e-17	640
0.360	5.01e-09	-100.0	1.58e-08	2.00e-04	0.00	-0.00e+00	0.0600	8.33e-17	640
0.360	5.01e-09	-100.0	1.58e-08	3.00e-04	0.00	-0.00e+00	0.0600	8.33e-17	640
0.360	5.01e-09	-100.0	1.58e-08	4.00e-04	0.00	-0.00e+00	0.0600	8.33e-17	640
0.360	5.01e-09	-100.0	1.58e-08	5.00e-04	0.00	-0.00e+00	0.0600	8.33e-17	640
0.350	6.64e-09	-100.0	1.69e-08	-5.00e-04	0.00	-0.00e+00	0.0600	8.33e-17	650
0.350	6.64e-09	-100.0	1.69e-08	-4.00e-04	0.00	-0.00e+00	0.0600	8.33e-17	650
0.350	6.64e-09	-100.0	1.69e-08	-3.00e-04	0.00	-0.00e+00	0.0600	8.33e-17	650
0.350	6.64e-09	-100.0	1.69e-08	-2.00e-04	0.00	-0.00e+00	0.0600	8.33e-17	650
0.350	6.64e-09	-100.0	1.69e-08	-1.00e-04	0.00	-0.00e+00	0.0600	8.33e-17	650
0.350	6.64e-09	-100.0	1.69e-08	-2.71e-20	0.00	-0.00e+00	0.0600	8.33e-17	650
0.350	6.64e-09	-100.0	1.69e-08	1.00e-04	0.00	-0.00e+00	0.0600	8.33e-17	650
0.350	6.64e-09	-100.0	1.69e-08	2.00e-04	0.00	-0.00e+00	0.0600	8.33e-17	650
0.350	6.64e-09	-100.0	1.69e-08	3.00e-04	0.00	-0.00e+00	0.0600	8.33e-17	650
0.350	6.64e-09	-100.0	1.69e-08	4.00e-04	0.00	-0.00e+00	0.0600	8.33e-17	650
0.350	6.64e-09	-100.0	1.69e-08	5.00e-04	0.00	-0.00e+00	0.0600	8.33e-17	650
0.340	8.37e-09	-100.0	1.78e-08	-5.00e-04	0.00	-0.00e+00	0.0600	8.33e-17	660
0.340	8.37e-09	-100.0	1.78e-08	-4.00e-04	0.00	-0.00e+00	0.0600	8.33e-17	660
0.340	8.37e-09	-100.0	1.78e-08	-3.00e-04	0.00	-0.00e+00	0.0600	8.33e-17	660
0.340	8.37e-09	-100.0	1.78e-08	-2.00e-04	0.00	-0.00e+00	0.0600	8.33e-17	660
0.340	8.37e-09	-100.0	1.78e-08	-1.00e-04	0.00	-0.00e+00	0.0600	8.33e-17	660
0.340	8.37e-09	-100.0	1.78e-08	-2.71e-20	0.00	-0.00e+00	0.0600	8.33e-17	660
0.340	8.37e-09	-100.0	1.78e-08	1.00e-04	0.00	-0.00e+00	0.0600	8.33e-17	660
0.340	8.37e-09	-100.0	1.78e-08	2.00e-04	0.00	-0.00e+00	0.0600	8.33e-17	660
0.340	8.37e-09	-100.0	1.78e-08	3.00e-04	0.00	-0.00e+00	0.0600	8.33e-17	660
0.340	8.37e-09	-100.0	1.78e-08	4.00e-04	0.00	-0.00e+00	0.0600	8.33e-17	660
0.340	8.37e-09	-100.0	1.78e-08	5.00e-04	0.00	-0.00e+00	0.0600	8.33e-17	660
0.330	1.02e-08	-100.0	1.85e-08	-5.00e-04	0.00	-0.00e+00	0.0600	8.33e-17	670
0.330	1.02e-08	-100.0	1.85e-08	-4.00e-04	0.00	-0.00e+00	0.0600	8.33e-17	670
0.330	1.02e-08	-100.0	1.85e-08	-3.00e-04	0.00	-0.00e+00	0.0600	8.33e-17	670
0.330	1.02e-08	-100.0	1.85e-08	-2.00e-04	0.00	-0.00e+00	0.0600	8.33e-17	670
0.330	1.02e-08	-100.0	1.85e-08	-1.00e-04	0.00	-0.00e+00	0.0600	8.33e-17	670
0.330	1.02e-08	-100.0	1.85e-08	-2.71e-20	0.00	-0.00e+00	0.0600	8.33e-17	670
0.330	1.02e-08	-100.0	1.85e-08	1.00e-04	0.00	-0.00e+00	0.0600	8.33e-17	670
0.330	1.02e-08	-100.0	1.85e-08	2.00e-04	0.00	-0.00e+00	0.0600	8.33e-17	670
0.330	1.02e-08	-100.0	1.85e-08	3.00e-04	0.00	-0.00e+00	0.0600	8.33e-17	670
0.330	1.02e-08	-100.0	1.85e-08	4.00e-04	0.00	-0.00e+00	0.0600	8.33e-17	670
0.330	1.02e-08	-100.0	1.85e-08	5.00e-04	0.00	-0.00e+00	0.0600	8.33e-17	670
0.320	1.20e-08	-100.0	1.87e-08	-5.00e-04	0.00	-0.00e+00	0.0600	8.33e-17	680
0.320	1.20e-08	-100.0	1.87e-08	-4.00e-04	0.00	-0.00e+00	0.0600	8.33e-17	680
0.320	1.20e-08	-100.0	1.87e-08	-3.00e-04	0.00	-0.00e+00	0.0600	8.33e-17	680
0.320	1.20e-08	-100.0	1.87e-08	-2.00e-04	0.00	-0.00e+00	0.0600	8.33e-17	680
0.320	1.20e-08	-100.0	1.87e-08	-1.00e-04	0.00	-0.00e+00	0.0600	8.33e-17	680
0.320	1.20e-08	-100.0	1.87e-08	-2.71e-20	0.00	-0.00e+00	0.0600	8.33e-17	680
0.320	1.20e-08	-100.0	1.87e-08	1.00e-04	0.00	-0.00e+00	0.0600	8.33e-17	680
0.320	1.20e-08	-100.0	1.87e-08	2.00e-04	0.00	-0.00e+00	0.0600	8.33e-17	680
0.320	1.20e-08	-100.0	1.87e-08	3.00e-04	0.00	-0.00e+00	0.0600	8.33e-17	680
0.320	1.20e-08	-100.0	1.87e-08	4.00e-04	0.00	-0.00e+00	0.0600	8.33e-17	680
0.320	1.20e-08	-100.0	1.87e-08	5.00e-04	0.00	-0.00e+00	0.0600	8.33e-17	680
0.310	1.39e-08	-100.0	1.86e-08	-5.00e-04	0.00	-0.00e+00	0.0600	8.33e-17	690
0.310	1.39e-08	-100.0	1.86e-08	-4.00e-04	0.00	-0.00e+00	0.0600	8.33e-17	690
0.310	1.39e-08	-100.0	1.86e-08	-3.00e-04	0.00	-0.00e+00	0.0600	8.33e-17	690
0.310	1.39e-08	-100.0	1.86e-08	-2.00e-04	0.00	-0.00e+00	0.0600	8.33e-17	690
0.310	1.39e-08	-100.0	1.86e-08	-1.00e-04	0.00	-0.00e+00	0.0600	8.33e-17	690
0.310	1.39e-08	-100.0	1.86e-08	-2.71e-20	0.00	-0.00e+00	0.0600	8.33e-17	690
0.310	1.39e-08	-100.0	1.86e-08	1.00e-04	0.00	-0.00e+00	0.0600	8.33e-17	690
0.310	1.39e-08	-100.0	1.86e-08	2.00e-04	0.00	-0.00e+00	0.0600	8.33e-17	690
0.310	1.39e-08	-100.0	1.86e-08	3.00e-04	0.00	-0.00e+00	0.0600	8.33e-17	690
0.310	1.39e-08	-100.0	1.86e-08	4.00e-04	0.00	-0.00e+00	0.0600	8.33e-17	690
0.310	1.39e-08	-100.0	1.86e-08	5.00e-04	0.00	-0.00e+00	0.0600	8.33e-17	690
0.300	1.57e-08	-100.0	1.79e-08	-5.00e-04	0.00	-0.00e+00	0.0600	8.33e-17	700
0.300	1.57e-08	-100.0	1.79e-08	-4.00e-04	0.00	-0.00e+00	0.0600	8.33e-17	700
0.300	1.57e-08	-100.0	1.79e-08	-3.00e-04	0.00	-0.00e+00	0.0600	8.33e-17	700
0.300	1.57e-08	-100.0	1.79e-08	-2.00e-04	0.00	-0.00e+00	0.0600	8.33e-17	700
0.300	1.57e-08	-100.0	1.79e-08	-1.00e-04	0.00	-0.00e+00	0.0600	8.33e-17	700
0.300	1.57e-08	-100.0	1.79e-08	-2.71e-20	0.00	-0.00e+00	0.0600	8.33e-17	700
0.300	1.57e-08	-100.0	1.79e-08	1.00e-04	0.00	-0.00e+00	0.0600	8.33e-17	700
0.300	1.57e-08	-100.0	1.79e-08	2.00e-04	0.00	-0.00e+00	0.0600	8.33e-17	700
0.300	1.57e-08	-100.0	1.79e-08	3.00e-04	0.00	-0.00e+00	0.0600	8.33e-17	700
0.300	1.57e-08	-100.0	1.79e-08	4.00e-04	0.00	-0.00e+00	0.0600	8.33e-17	700
0.300	1.57e-08	-100.0	1.79e-08	5.00e-04	0.00	-0.00e+00	0.0600	8.33e-17	700
0.290	1.75e-08	-100.0	1.67e-08	-5.00e-04	0.00	-0.00e+00	0.0600	8.33e-17	710
0.290	1.75e-08	-100.0	1.67e-08	-4.00e-04	0.00	-0.00e+00	0.0600	8.33e-17	710
0.290	1.75e-08	-100.0	1.67e-08	-3.00e-04	0.00	-0.00e+00	0.0600	8.33e-17	710
0.290	1.75e-08	-100.0	1.67e-08	-2.00e-04	0.00	-0.00e+00	0.0600	8.33e-17	710
0.290	1.75e-08	-100.0	1.67e-08	-1.00e-04	0.00	-0.00e+00	0.0600	8.33e-17	710
0.290	1.75e-08	-100.0	1.67e-08	-2.71e-20	0.00	-0.00e+00	0.0600	8.33e-17	710
0.290	1.75e-08	-100.0	1.67e-08	1.00e-04	0.00	-0.00e+00	0.0600	8.33e-17	710
0.290	1.75e-08	-100.0	1.67e-08	2.00e-04	0.00	-0.00e+00	0.0600	8.33e-17	710
0.290	1.75e-08	-100.0	1.67e-08	3.00e-04	0.00	-0.00e+00	0.0600	8.33e-17	710
0.290	1.75e-08	-100.0	1.67e-08	4.00e-04	0.00	-0.00e+00	0.0600	8.33e-17	710
0.290	1.75e-08	-100.0	1.67e-08	5.00e-04	0.00	-0.00e+00	0.0600	8.33e-17	710
0.280	1.91e-08	-100.0	1.48e-08	-5.00e-04	0.00	-0.00e+00	0.0600	8.33e-17	720
0.280	1.91e-08	-100.0	1.48e-08	-4.00e-04	0.00	-0.00e+00	0.0600	8.33e-17	720
0.280	1.91e-08	-100.0	1.48e-08	-3.00e-04	0.00	-0.00e+00	0.0600	8.33e-17	720
0.280	1.91e-08	-100.0	1.48e-08	-2.00e-04	0.00	-0.00e+00	0.0600	8.33e-17	720
0.280	1.91e-08	-100.0	1.48e-08	-1.00e-04	0.00	-0.00e+00	0.0600	8.33e-17	720
0.280	1.91e-08	-100.0	1.48e-08	-2.71e-20	0.00	-0.00e+00	0.0600	8.33e-17	720
0.280	1.91e-08	-100.0	1.48e-08	1.00e-04	0.00	-0.00e+00	0.0600	8.33e-17	720
0.280	1.91e-08	-100.0	1.48e-08	2.00e-04	0.00	-0.00e+00	0.0600	8.33e-17	720
0.280	1.91e-08	-100.0	1.48e-08	3.00e-04	0.00	-0.00e+00	0.0600	8.33e-17	720
0.280	1.91e-08	-100.0	1.48e-08	4.00e-04	0.00	-0.00e+00	0.0600	8.33e-17	720
0.280	1.91e-08	-100.0	1.48e-08	5.00e-04	0.00	-0.00e+00	0.0600	8.33e-17	720
0.270	2.04e-08	-100.0	1.22e-08	-5.00e-04	0.00	-0.00e+00	0.0600	8.33e-17	730
0.270	2.04e-08	-100.0	1.22e-08	-4.00e-04	0.00	-0.00e+00	0.0600	8.33e-17	730
0.270	2.04e-08	-100.0	1.22e-08	-3.00e-04	0.00	-0.00e+00	0.0600	8.33e-17	730
0.270	2.04e-08	-100.0	1.22e-08	-2.00e-04	0.00	-0.00e+00	0.0600	8.33e-17	730
0.270	2.04e-08	-100.0	1.22e-08	-1.00e-04	0.00	-0.00e+00	0.0600	8.33e-17	730
0.270	2.04e-08	-100.0	1.22e-08	-2.71e-20	0.00	-0.00e+00	0.0600	8.33e-17	730
0.270	2.04e-08	-100.0	1.22e-08	1.00e-04	0.00	-0.00e+00	0.0600	8.33e-17	730
0.270	2.04e-08	-100.0	1.22e-08	2.00e-04	0.00	-0.00e+00	0.0600	8.33e-17	730
0.270	2.04e-08	-100.0	1.22e-08	3.00e-04	0.00	-0.00e+00	0.0600	8.33e-17	730
0.270	2.04e-08	-100.0	1.22e-08	4.00e-04	0.00	-0.00e+00	0.0600	8.33e-17	730
0.270	2.04e-08	-100.0	1.22e-08	5.00e-04	0.00	-0.00e+00	0.0600	8.33e-17	730
0.260	2.15e-08	-100.0	8.80e-09	-5.00e-04	0.00	-0.00e+00	0.0600	8.33e-17	740
0.260	2.15e-08	-100.0	8.80e-09	-4.00e-04	0.00	-0.00e+00	0.0600	8.33e-17	740
0.260	2.15e-08	-100.0	8.80e-09	-3.00e-04	0.00	-0.00e+00	0.0600	8.33e-17	740
0.260	2.15e-08	-100.0	8.80e-09	-2.00e-04	0.00	-0.00e+00	0.0600	8.33e-17	740
0.260	2.15e-08	-100.0	8.80e-09	-1.00e-04	0.00	-0.00e+00	0.0600	8.33e-17	740
0.260	2.15e-08	-100.0	8.80e-09	-2.71e-20	0.00	-0.00e+00	0.0600	8.33e-17	740
0.260	2.15e-08	-100.0	8.80e-09	1.00e-04	0.00	-0.00e+00	0.0600	8.33e-17	740
0.260	2.15e-08	-100.0	8.80e-09	2.00e-04	0.00	-0.00e+00	0.0600	8.33e-17	740
0.260	2.15e-08	-100.0	8.80e-09	3.00e-04	0.00	-0.00e+00	0.0600	8.33e-17	740
0.260	2.15e-08	-100.0	8.80e-09	4.00e-04	0.00	-0.00e+00	0.0600	8.33e-17	740
0.260	2.15e-08	-100.0	8.80e-09	5.00e-04	0.00	-0.00e+00	0.0600	8.33e-17	740
0.250	2.22e-08	-100.0	4.63e-09	-5.00e-04	0.00	-0.00e+00	0.0600	8.33e-17	750
0.250	2.22e-08	-100.0	4.63e-09	-4.00e-04	0.00	-0.00e+00	0.0600	8.33e-17	750
0.250	2.22e-08	-100.0	4.63e-09	-3.00e-04	0.00	-0.00e+00	0.0600	8.33e-17	750
0.250	2.22e-08	-100.0	4.63e-09	-2.00e-04	0.00	-0.00e+00	0.0600	8.33e-17	750
0.250	2.22e-08	-100.0	4.63e-09	-1.00e-04	0.00	-0.00e+00	0.0600	8.33e-17	750
0.250	2.22e-08	-100.0	4.63e-09	-2.71e-20	0.00	-0.00e+00	0.0600	8.33e-17	750
0.250	2.22e-08	-100.0	4.63e-09	1.00e-04	0.00	-0.00e+00	0.0600	8.33e-17	750
0.250	2.22e-08	-100.0	4.63e-09	2.00e-04	0.00	-0.00e+00	0.0600	8.33e-17	750
0.250	2.22e-08	-100.0	4.63e-09	3.00e-04	0.00	-0.00e+00	0.0600	8.33e-17	750
0.250	2.22e-08	-100.0	4.63e-09	4.00e-04	0.00	-0.00e+00	0.0600	8.33e-17	750
0.250	2.22e-08	-100.0	4.63e-09	5.00e-04	0.00	-0.00e+00	0.0600	8.33e-17	750
0.240	2.25e-08	-100.0	-3.53e-10	-5.00e-04	0.00	-0.00e+00	0.0600	8.33e-17	760
0.240	2.25e-08	-100.0	-3.53e-10	-4.00e-04	0.00	-0.00e+00	0.0600	8.33e-17	760
0.240	2.25e-08	-100.0	-3.53e-10	-3.00e-04	0.00	-0.00e+00	0.0600	8.33e-17	760
0.240	2.25e-08	-100.0	-3.53e-10	-2.00e-04	0.00	-0.00e+00	0.0600	8.33e-17	760
0.240	2.25e-08	-100.0	-3.53e-10	-1.00e-04	0.00	-0.00e+00	0.0600	8.33e-17	760
0.240	2.25e-08	-100.0	-3.53e-10	-2.71e-20	0.00	-0.00e+00	0.0600	8.33e-17	760
0.240	2.25e-08	-100.0	-3.53e-10	1.00e-04	0.00	-0.00e+00	0.0600	8.33e-17	760
0.240	2.25e-08	-100.0	-3.53e-10	2.00e-04	0.00	-0.00e+00	0.0600	8.33e-17	760
0.240	2.25e-08	-100.0	-3.53e-10	3.00e-04	0.00	-0.00e+00	0.0600	8.33e-17	760
0.240	2.25e-08	-100.0	-3.53e-10	4.00e-04	0.00	-0.00e+00	0.0600	8.33e-17	760
0.240	2.25e-08	-100.0	-3.53e-10	5.00e-04	0.00	-0.00e+00	0.0600	8.33e-17	760
0.230	2.22e-08	-100.0	-6.14e-09	-5.00e-04	0.00	-0.00e+00	0.0600	8.33e-17	770
0.230	2.22e-08	-100.0	-6.14e-09	-4.00e-04	0.00	-0.00e+00	0.0600	8.33e-17	770
0.230	2.22e-08	-100.0	-6.14e-09	-3.00e-04	0.00	-0.00e+00	0.0600	8.33e-17	770
0.230	2.22e-08	-100.0	-6.14e-09	-2.00e-04	0.00	-0.00e+00	0.0600	8.33e-17	770
0.230	2.22e-08	-100.0	-6.14e-09	-1.00e-04	0.00	-0.00e+00	0.0600	8.33e-17	770
0.230	2.22e-08	-100.0	-6.14e-09	-2.71e-20	0.00	-0.00e+00	0.0600	8.33e-17	770
0.230	2.22e-08	-100.0	-6.14e-09	1.00e-04	0.00	-0.00e+00	0.0600	8.33e-17	770
0.230	2.22e-08	-100.0	-6.14e-09	2.00e-04	0.00	-0.00e+00	0.0600	8.33e-17	770
0.230	2.22e-08	-100.0	-6.14e-09	3.00e-04	0.00	-0.00e+00	0.0600	8.33e-17	770
0.230	2.22e-08	-100.0	-6.14e-09	4.00e-04	0.00	-0.00e+00	0.0600	8.33e-17	770
0.230	2.22e-08	-100.0	-6.14e-09	5.00e-04	0.00	-0.00e+00	0.0600	8.33e-17	770
0.220	2.13e-08	-100.0	-1.27e-08	-5.00e-04	0.00	-0.00e+00	0.0600	8.33e-17	780
0.220	2.13e-08	-100.0	-1.27e-08	-4.00e-04	0.00	-0.00e+00	0.0600	8.33e-17	780
0.220	2.13e-08	-100.0	-1.27e-08	-3.00e-04	0.00	-0.00e+00	0.0600	8.33e-17	780
0.220	2.13e-08	-100.0	-1.27e-08	-2.00e-04	0.00	-0.00e+00	0.0600	8.33e-17	780
0.220	2.13e-08	-100.0	-1.27e-08	-1.00e-04	0.00	-0.00e+00	0.0600	8.33e-17	780
0.220	2.13e-08	-100.0	-1.27e-08	-2.71e-20	0.00	-0.00e+00	0.0600	8.33e-17	780
0.220	2.13e-08	-100.0	-1.27e-08	1.00e-04	0.00	-0.00e+00	0.0600	8.33e-17	780
0.220	2.13e-08	-100.0	-1.27e-08	2.00e-04	0.00	-0.00e+00	0.0600	8.33e-17	780
0.220	2.13e-08	-100.0	-1.27e-08	3.00e-04	0.00	-0.00e+00	0.0600	8.33e-17	780
0.220	2.13e-08	-100.0	-1.27e-08	4.00e-04	0.00	-0.00e+00	0.0600	8.33e-17	780
0.220	2.13e-08	-100.0	-1.27e-08	5.00e-04	0.00	-0.00e+00	0.0600	8.33e-17	780
0.210	1.97e-08	-100.0	-1.99e-08	-5.00e-04	0.00	-0.00e+00	0.0600	8.33e-17	790
0.210	1.97e-08	-100.0	-1.99e-08	-4.00e-04	0.00	-0.00e+00	0.0600	8.33e-17	790
0.210	1.97e-08	-100.0	-1.99e-08	-3.00e-04	0.00	-0.00e+00	0.0600	8.33e-17	790
0.210	1.97e-08	-100.0	-1.99e-08	-2.00e-04	0.00	-0.00e+00	0.0600	8.33e-17	790
0.210	1.97e-08	-100.0	-1.99e-08	-1.00e-04	0.00	-0.00e+00	0.0600	8.33e-17	790
0.210	1.97e-08	-100.0	-1.99e-08	-2.71e-20	0.00	-0.00e+00	0.0600	8.33e-17	790
0.210	1.97e-08	-100.0	-1.99e-08	1.00e-04	0.00	-0.00e+00	0.0600	8.33e-17	790
0.210	1.97e-08	-100.0	-1.99e-08	2.00e-04	0.00	-0.00e+00	0.0600	8.33e-17	790
0.210	1.97e-08	-100.0	-1.99e-08	3.00e-04	0.00	-0.00e+00	0.0600	8.33e-17	790
0.210	1.97e-08	-100.0	-1.99e-08	4.00e-04	0.00	-0.00e+00	0.0600	8.33e-17	790
0.210	1.97e-08	-100.0	-1.99e-08	5.00e-04	0.00	-0.00e+00	0.0600	8.33e-17	790
0.200	1.73e-08	-100.0	-2.78e-08	-5.00e-04	0.00	-0.00e+00	0.0600	8.33e-17	800
0.200	1.73e-08	-100.0	-2.78e-08	-4.00e-04	0.00	-0.00e+00	0.0600	8.33e-17	800
0.200	1.73e-08	-100.0	-2.78e-08	-3.00e-04	0.00	-0.00e+00	0.0600	8.33e-17	800
0.200	1.73e-08	-100.0	-2.78e-08	-2.00e-04	0.00	-0.00e+00	0.0600	8.33e-17	800
0.200	1.73e-08	-100.0	-2.78e-08	-1.00e-04	0.00	-0.00e+00	0.0600	8.33e-17	800
0.200	1.73e-08	-100.0	-2.78e-08	-2.71e-20	0.00	-0.00e+00	0.0600	8.33e-17	800
0.200	1.73e-08	-100.0	-2.78e-08	1.00e-04	0.00	-0.00e+00	0.0600	8.33e-17	800
0.200	1.73e-08	-100.0	-2.78e-08	2.00e-04	0.00	-0.00e+00	0.0600	8.33e-17	800
0.200	1.73e-08	-100.0	-2.78e-08	3.00e-04	0.00	-0.00e+00	0.0600	8.33e-17	800
0.200	1.73e-08	-100.0	-2.78e-08	4.00e-04	0.00	-0.00e+00	0.0600	8.33e-17	800
0.200	1.73e-08	-100.0	-2.78e-08	5.00e-04	0.00	-0.00e+00	0.0600	8.33e-17	800
0.190	1.42e-08	-100.0	-3.61e-08	-5.00e-04	0.00	-0.00e+00	0.0600	8.33e-17	810
0.190	1.42e-08	-100.0	-3.61e-08	-4.00e-04	0.00	-0.00e+00	0.0600	8.33e-17	810
0.190	1.42e-08	-100.0	-3.61e-08	-3.00e-04	0.00	-0.00e+00	0.0600	8.33e-17	810
0.190	1.42e-08	-100.0	-3.61e-08	-2.00e-04	0.00	-0.00e+00	0.0600	8.33e-17	810
0.190	1.42e-08	-100.0	-3.61e-08	-1.00e-04	0.00	-0.00e+00	0.0600	8.33e-17	810
0.190	1.42e-08	-100.0	-3.61e-08	-2.71e-20	0.00	-0.00e+00	0.0600	8.33e-17	810
0.190	1.42e-08	-100.0	-3.61e-08	1.00e-04	0.00	-0.00e+00	0.0600	8.33e-17	810
0.190	1.42e-08	-100.0	-3.61e-08	2.00e-04	0.00	-0.00e+00	0.0600	8.33e-17	810
0.190	1.42e-08	-100.0	-3.61e-08	3.00e-04	0.00	-0.00e+00	0.0600	8.33e-17	810
0.190	1.42e-08	-100.0	-3.61e-08	4.00e-04	0.00	-0.00e+00	0.0600	8.33e-17	810
0.190	1.42e-08	-100.0	-3.61e-08	5.00e-04	0.00	-0.00e+00	0.0600	8.33e-17	810
0.180	1.02e-08	-100.0	-4.46e-08	-5.00e-04	0.00	-0.00e+00	0.0600	8.33e-17	820
0.180	1.02e-08	-100.0	-4.46e-08	-4.00e-04	0.00	-0.00e+00	0.0600	8.33e-17	820
0.180	1.02e-08	-100.0	-4.46e-08	-3.00e-04	0.00	-0.00e+00	0.0600	8.33e-17	820
0.180	1.02e-08	-100.0	-4.46e-08	-2.00e-04	0.00	-0.00e+00	0.0600	8.33e-17	820
0.180	1.02e-08	-100.0	-4.46e-08	-1.00e-04	0.00	-0.00e+00	0.0600	8.33e-17	820
0.180	1.02e-08	-100.0	-4.46e-08	-2.71e-20	0.00	-0.00e+00	0.0600	8.33e-17	820
0.180	1.02e-08	-100.0	-4.46e-08	1.00e-04	0.00	-0.00e+00	0.0600	8.33e-17	820
0.180	1.02e-08	-100.0	-4.46e-08	2.00e-04	0.00	-0.00e+00	0.0600	8.33e-17	820
0.180	1.02e-08	-100.0	-4.46e-08	3.00e-04	0.00	-0.00e+00	0.0600	8.33e-17	820
0.180	1.02e-08	-100.0	-4.46e-08	4.00e-04	0.00	-0.00e+00	0.0600	8.33e-17	820
0.180	1.02e-08	-100.0	-4.46e-08	5.00e-04	0.00	-0.00e+00	0.0600	8.33e-17	820
0.170	5.35e-09	-100.0	-5.32e-08	-5.00e-04	0.00	-0.00e+00	0.0600	8.33e-17	830
0.170	5.35e-09	-100.0	-5.32e-08	-4.00e-04	0.00	-0.00e+00	0.0600	8.33e-17	830
0.170	5.35e-09	-100.0	-5.32e-08	-3.00e-04	0.00	-0.00e+00	0.0600	8.33e-17	830
0.170	5.35e-09	-100.0	-5.32e-08	-2.00e-04	0.00	-0.00e+00	0.0600	8.33e-17	830
0.170	5.35e-09	-100.0	-5.32e-08	-1.00e-04	0.00	-0.00e+00	0.0600	8.33e-17	830
0.170	5.35e-09	-100.0	-5.32e-08	-2.71e-20	0.00	-0.00e+00	0.0600	8.33e-17	830
0.170	5.35e-09	-100.0	-5.32e-08	1.00e-04	0.00	-0.00e+00	0.0600	8.33e-17	830
0.170	5.35e-09	-100.0	-5.32e-08	2.00e-04	0.00	-0.00e+00	0.0600	8.33e-17	830
0.170	5.35e-09	-100.0	-5.32e-08	3.00e-04	0.00	-0.00e+00	0.0600	8.33e-17	830
0.170	5.35e-09	-100.0	-5.32e-08	4.00e-04	0.00	-0.00e+00	0.0600	8.33e-17	830
0.170	5.35e-09	-100.0	-5.32e-08	5.00e-04	0.00	-0.00e+00	0.0600	8.33e-17	830
0.160	-3.56e-10	-100.0	-6.17e-08	-5.00e-04	0.00	-0.00e+00	0.0600	8.33e-17	840
0.160	-3.56e-10	-100.0	-6.17e-08	-4.00e-04	0.00	-0.00e+00	0.0600	8.33e-17	840
0.160	-3.56e-10	-100.0	-6.17e-08	-3.00e-04	0.00	-0.00e+00	0.0600	8.33e-17	840
0.160	-3.56e-10	-100.0	-6.17e-08	-2.00e-04	0.00	-0.00e+00	0.0600	8.33e-17	840
0.160	-3.56e-10	-100.0	-6.17e-08	-1.00e-04	0.00	-0.00e+00	0.0600	8.33e-17	840
0.160	-3.56e-10	-100.0	-6.17e-08	-2.71e-20	0.00	-0.00e+00	0.0600	8.33e-17	840
0.160	-3.56e-10	-100.0	-6.17e-08	1.00e-04	0.00	-0.00e+00	0.0600	8.33e-17	840
0.160	-3.56e-10	-100.0	-6.17e-08	2.00e-04	0.00	-0.00e+00	0.0600	8.33e-17	840
0.160	-3.56e-10	-100.0	-6.17e-08	3.00e-04	0.00	-0.00e+00	0.0600	8.33e-17	840
0.160	-3.56e-10	-100.0	-6.17e-08	4.00e-04	0.00	-0.00e+00	0.0600	8.33e-17	840
0.160	-3.56e-10	-100.0	-6.17e-08	5.00e-04	0.00	-0.00e+00	0.0600	8.33e-17	840
0.150	-6.89e-09	-100.0	-6.96e-08	-5.00e-04	0.00	-0.00e+00	0.0600	8.33e-17	850
0.150	-6.89e-09	-100.0	-6.96e-08	-4.00e-04	0.00	-0.00e+00	0.0600	8.33e-17	850
0.150	-6.89e-09	-100.0	-6.96e-08	-3.00e-04	0.00	-0.00e+00	0.0600	8.33e-17	850
0.150	-6.89e-09	-100.0	-6.96e-08	-2.00e-04	0.00	-0.00e+00	0.0600	8.33e-17	850
0.150	-6.89e-09	-100.0	-6.96e-08	-1.00e-04	0.00	-0.00e+00	0.0600	8.33e-17	850
0.150	-6.89e-09	-100.0	-6.96e-08	-2.71e-20	0.00	-0.00e+00	0.0600	8.33e-17	850
0.150	-6.89e-09	-100.0	-6.96e-08	1.00e-04	0.00	-0.00e+00	0.0600	8.33e-17	850
0.150	-6.89e-09	-100.0	-6.96e-08	2.00e-04	0.00	-0.00e+00	0.0600	8.33e-17	850
0.150	-6.89e-09	-100.0	-6.96e-08	3.00e-04	0.00	-0.00e+00	0.0600	8.33e-17	850
0.150	-6.89e-09	-100.0	-6.96e-08	4.00e-04	0.00	-0.00e+00	0.0600	8.33e-17	850
0.150	-6.89e-09	-100.0	-6.96e-08	5.00e-04	0.00	-0.00e+00	0.0600	8.33e-17	850
0.140	-1.42e-08	-100.0	-7.68e-08	-5.00e-04	0.00	-0.00e+00	0.0600	8.33e-17	860
0.140	-1.42e-08	-100.0	-7.68e-08	-4.00e-04	0.00	-0.00e+00	0.0600	8.33e-17	860
0.140	-1.42e-08	-100.0	-7.68e-08	-3.00e-04	0.00	-0.00e+00	0.0600	8.33e-17	860
0.140	-1.42e-08	-100.0	-7.68e-08	-2.00e-04	0.00	-0.00e+00	0.0600	8.33e-17	860
0.140	-1.42e-08	-100.0	-7.68e-08	-1.00e-04	0.00	-0.00e+00	0.0600	8.33e-17	860
0.140	-1.42e-08	-100.0	-7.68e-08	-2.71e-20	0.00	-0.00e+00	0.0600	8.33e-17	860
0.140	-1.42e-08	-100.0	-7.68e-08	1.00e-04	0.00	-0.00e+00	0.0600	8.33e-17	860
0.140	-1.42e-08	-100.0	-7.68e-08	2.00e-04	0.00	-0.00e+00	0.0600	8.33e-17	860
0.140	-1.42e-08	-100.0	-7.68e-08	3.00e-04	0.00	-0.00e+00	0.0600	8.33e-17	860
0.140	-1.42e-08	-100.0	-7.68e-08	4.00e-04	0.00	-0.00e+00	0.0600	8.33e-17	860
0.140	-1.42e-08	-100.0	-7.68e-08	5.00e-04	0.00	-0.00e+00	0.0600	8.33e-17	860
0.130	-2.21e-08	-100.0	-8.28e-08	-5.00e-04	0.00	-0.00e+00	0.0600	8.33e-17	870
0.130	-2.21e-08	-100.0	-8.28e-08	-4.00e-04	0.00	-0.00e+00	0.0600	8.33e-17	870
0.130	-2.21e-08	-100.0	-8.28e-08	-3.00e-04	0.00	-0.00e+00	0.0600	8.33e-17	870
0.130	-2.21e-08	-100.0	-8.28e-08	-2.00e-04	0.00	-0.00e+00	0.0600	8.33e-17	870
0.130	-2.21e-08	-100.0	-8.28e-08	-1.00e-04	0.00	-0.00e+00	0.0600	8.33e-17	870
0.130	-2.21e-08	-100.0	-8.28e-08	-2.71e-20	0.00	-0.00e+00	0.0600	8.33e-17	870
0.130	-2.21e-08	-100.0	-8.28e-08	1.00e-04	0.00	-0.00e+00	0.0600	8.33e-17	870
0.130	-2.21e-08	-100.0	-8.28e-08	2.00e-04	0.00	-0.00e+00	0.0600	8.33e-17	870
0.130	-2.21e-08	-100.0	-8.28e-08	3.00e-04	0.00	-0.00e+00	0.0600	8.33e-17	870
0.130	-2.21e-08	-100.0	-8.28e-08	4.00e-04	0.00	-0.00e+00	0.0600	8.33e-17	870
0.130	-2.21e-08	-100.0	-8.28e-08	5.00e-04	0.00	-0.00e+00	0.0600	8.33e-17	870
0.120	-3.06e-08	-100.0	-8.74e-08	-5.00e-04	0.00	-0.00e+00	0.0600	8.33e-17	880
0.120	-3.06e-08	-100.0	-8.74e-08	-4.00e-04	0.00	-0.00e+00	0.0600	8.33e-17	880
0.120	-3.06e-08	-100.0	-8.74e-08	-3.00e-04	0.00	-0.00e+00	0.0600	8.33e-17	880
0.120	-3.06e-08	-100.0	-8.74e-08	-2.00e-04	0.00	-0.00e+00	0.0600	8.33e-17	880
0.120	-3.06e-08	-100.0	-8.74e-08	-1.00e-04	0.00	-0.00e+00	0.0600	8.33e-17	880
0.120	-3.06e-08	-100.0	-8.74e-08	-2.71e-20	0.00	-0.00e+00	0.0600	8.33e-17	880
0.120	-3.06e-08	-100.0	-8.74e-08	1.00e-04	0.00	-0.00e+00	0.0600	8.33e-17	880
0.120	-3.06e-08	-100.0	-8.74e-08	2.00e-04	0.00	-0.00e+00	0.0600	8.33e-17	880
0.120	-3.06e-08	-100.0	-8.74e-08	3.00e-04	0.00	-0.00e+00	0.0600	8.33e-17	880
0.120	-3.06e-08	-100.0	-8.74e-08	4.00e-04	0.00	-0.00e+00	0.0600	8.33e-17	880
0.120	-3.06e-08	-100.0	-8.74e-08	5.00e-04	0.00	-0.00e+00	0.0600	8.33e-17	880
0.110	-3.95e-08	-100.0	-9.01e-08	-5.00e-04	0.00	-0.00e+00	0.0600	8.33e-17	890
0.110	-3.95e-08	-100.0	-9.01e-08	-4.00e-04	0.00	-0.00e+00	0.0600	8.33e-17	890
0.110	-3.95e-08	-100.0	-9.01e-08	-3.00e-04	0.00	-0.00e+00	0.0600	8.33e-17	890
0.110	-3.95e-08	-100.0	-9.01e-08	-2.00e-04	0.00	-0.00e+00	0.0600	8.33e-17	890
0.110	-3.95e-08	-100.0	-9.01e-08	-1.00e-04	0.00	-0.00e+00	0.0600	8.33e-17	890
0.110	-3.95e-08	-100.0	-9.01e-08	-2.71e-20	0.00	-0.00e+00	0.0600	8.33e-17	890
0.110	-3.95e-08	-100.0	-9.01e-08	1.00e-04	0.00	-0.00e+00	0.0600	8.33e-17	890
0.110	-3.95e-08	-100.0	-9.01e-08	2.00e-04	0.00	-0.00e+00	0.0600	8.33e-17	890
0.110	-3.95e-08	-100.0	-9.01e-08	3.00e-04	0.00	-0.00e+00	0.0600	8.33e-17	890
0.110	-3.95e-08	-100.0	-9.01e-08	4.00e-04	0.00	-0.00e+00	0.0600	8.33e-17	890
0.110	-3.95e-08	-100.0	-9.01e-08	5.00e-04	0.00	-0.00e+00	0.0600	8.33e-17	890
0.100	-4.86e-08	-100.0	-9.07e-08	-5.00e-04	0.00	-0.00e+00	0.0600	8.33e-17	900
0.100	-4.86e-08	-100.0	-9.07e-08	-4.00e-04	0.00	-0.00e+00	0.0600	8.33e-17	900
0.100	-4.86e-08	-100.0	-9.07e-08	-3.00e-04	0.00	-0.00e+00	0.0600	8.33e-17	900
0.100	-4.86e-08	-100.0	-9.07e-08	-2.00e-04	0.00	-0.00e+00	0.0600	8.33e-17	900
0.100	-4.86e-08	-100.0	-9.07e-08	-1.00e-04	0.00	-0.00e+00	0.0600	8.33e-17	900
0.100	-4.86e-08	-100.0	-9.07e-08	-2.71e-20	0.00	-0.00e+00	0.0600	8.33e-17	900
0.100	-4.86e-08	-100.0	-9.07e-08	1.00e-04	0.00	-0.00e+00	0.0600	8.33e-17	900
0.100	-4.86e-08	-100.0	-9.07e-08	2.00e-04	0.00	-0.00e+00	0.0600	8.33e-17	900
0.100	-4.86e-08	-100.0	-9.07e-08	3.00e-04	0.00	-0.00e+00	0.0600	8.33e-17	900
0.100	-4.86e-08	-100.0	-9.07e-08	4.00e-04	0.00	-0.00e+00	0.0600	8.33e-17	900
0.100	-4.86e-08	-100.0	-9.07e-08	5.00e-04	0.00	-0.00e+00	0.0600	8.33e-17	900
0.090	-5.76e-08	-100.0	-8.87e-08	-5.00e-04	0.00	-0.00e+00	0.0600	8.33e-17	910
0.090	-5.76e-08	-100.0	-8.87e-08	-4.00e-04	0.00	-0.00e+00	0.0600	8.33e-17	910
0.090	-5.76e-08	-100.0	-8.87e-08	-3.00e-04	0.00	-0.00e+00	0.0600	8.33e-17	910
0.090	-5.76e-08	-100.0	-8.87e-08	-2.00e-04	0.00	-0.00e+00	0.0600	8.33e-17	910
0.090	-5.76e-08	-100.0	-8.87e-08	-1.00e-04	0.00	-0.00e+00	0.0600	8.33e-17	910
0.090	-5.76e-08	-100.0	-8.87e-08	-2.71e-20	0.00	-0.00e+00	0.0600	8.33e-17	910
0.090	-5.76e-08	-100.0	-8.87e-08	1.00e-04	0.00	-0.00e+00	0.0600	8.33e-17	910
0.090	-5.76e-08	-100.0	-8.87e-08	2.00e-04	0.00	-0.00e+00	0.0600	8.33e-17	910
0.090	-5.76e-08	-100.0	-8.87e-08	3.00e-04	0.00	-0.00e+00	0.0600	8.33e-17	910
0.090	-5.76e-08	-100.0	-8.87e-08	4.00e-04	0.00	-0.00e+00	0.0600	8.33e-17	910
0.090	-5.76e-08	-100.0	-8.87e-08	5.00e-04	0.00	-0.00e+00	0.0600	8.33e-17	910
0.080	-6.63e-08	-100.0	-8.40e-08	-5.00e-04	0.00	-0.00e+00	0.0600	8.33e-17	920
0.080	-6.63e-08	-100.0	-8.40e-08	-4.00e-04	0.00	-0.00e+00	0.0600	8.33e-17	920
0.080	-6.63e-08	-100.0	-8.40e-08	-3.00e-04	0.00	-0.00e+00	0.0600	8.33e-17	920
0.080	-6.63e-08	-100.0	-8.40e-08	-2.00e-04	0.00	-0.00e+00	0.0600	8.33e-17	920
0.080	-6.63e-08	-100.0	-8.40e-08	-1.00e-04	0.00	-0.00e+00	0.0600	8.33e-17	920
0.080	-6.63e-08	-100.0	-8.40e-08	-2.71e-20	0.00	-0.00e+00	0.0600	8.33e-17	920
0.080	-6.63e-08	-100.0	-8.40e-08	1.00e-04	0.00	-0.00e+00	0.0600	8.33e-17	920
0.080	-6.63e-08	-100.0	-8.40e-08	2.00e-04	0.00	-0.00e+00	0.0600	8.33e-17	920
0.080	-6.63e-08	-100.0	-8.40e-08	3.00e-04	0.00	-0.00e+00	0.0600	8.33e-17	920
0.080	-6.63e-08	-100.0	-8.40e-08	4.00e-04	0.00	-0.00e+00	0.0600	8.33e-17	920
0.080	-6.63e-08	-100.0	-8.40e-08	5.00e-04	0.00	-0.00e+00	0.0600	8.33e-17	920
0.070	-7.43e-08	-100.0	-7.62e-08	-5.00e-04	0.00	-0.00e+00	0.0600	8.33e-17	930
0.070	-7.43e-08	-100.0	-7.62e-08	-4.00e-04	0.00	-0.00e+00	0.0600	8.33e-17	930
0.070	-7.43e-08	-100.0	-7.62e-08	-3.00e-04	0.00	-0.00e+00	0.0600	8.33e-17	930
0.070	-7.43e-08	-100.0	-7.62e-08	-2.00e-04	0.00	-0.00e+00	0.0600	8.33e-17	930
0.070	-7.43e-08	-100.0	-7.62e-08	-1.00e-04	0.00	-0.00e+00	0.0600	8.33e-17	930
0.070	-7.43e-08	-100.0	-7.62e-08	-2.71e-20	0.00	-0.00e+00	0.0600	8.33e-17	930
0.070	-7.43e-08	-100.0	-7.62e-08	1.00e-04	0.00	-0.00e+00	0.0600	8.33e-17	930
0.070	-7.43e-08	-100.0	-7.62e-08	2.00e-04	0.00	-0.00e+00	0.0600	8.33e-17	930
0.070	-7.43e-08	-100.0	-7.62e-08	3.00e-04	0.00	-0.00e+00	0.0600	8.33e-17	930
0.070	-7.43e-08	-100.0	-7.62e-08	4.00e-04	0.00	-0.00e+00	0.0600	8.33e-17	930
0.070	-7.43e-08	-100.0	-7.62e-08	5.00e-04	0.00	-0.00e+00	0.0600	8.33e-17	930
0.060	-8.15e-08	-100.0	-6.51e-08	-5.00e-04	0.00	-0.00e+00	0.0600	8.33e-17	940
0.060	-8.15e-08	-100.0	-6.51e-08	-4.00e-04	0.00	-0.00e+00	0.0600	8.33e-17	940
0.060	-8.15e-08	-100.0	-6.51e-08	-3.00e-04	0.00	-0.00e+00	0.0600	8.33e-17	940
0.060	-8.15e-08	-100.0	-6.51e-08	-2.00e-04	0.00	-0.00e+00	0.0600	8.33e-17	940
0.060	-8.15e-08	-100.0	-6.51e-08	-1.00e-04	0.00	-0.00e+00	0.0600	8.33e-17	940
0.060	-8.15e-08	-100.0	-6.51e-08	-2.71e-20	0.00	-0.00e+00	0.0600	8.33e-17	940
0.060	-8.15e-08	-100.0	-6.51e-08	1.00e-04	0.00	-0.00e+00	0.0600	8.33e-17	940
0.060	-8.15e-08	-100.0	-6.51e-08	2.00e-04	0.00	-0.00e+00	0.0600	8.33e-17	940
0.060	-8.15e-08	-100.0	-6.51e-08	3.00e-04	0.00	-0.00e+00	0.0600	8.33e-17	940
0.060	-8.15e-08	-100.0	-6.51e-08	4.00e-04	0.00	-0.00e+00	0.0600	8.33e-17	940
0.060	-8.15e-08	-100.0	-6.51e-08	5.00e-04	0.00	-0.00e+00	0.0600	8.33e-17	940
0.050	-8.74e-08	-100.0	-5.08e-08	-5.00e-04	0.00	-0.00e+00	0.0600	8.33e-17	950
0.050	-8.74e-08	-100.0	-5.08e-08	-4.00e-04	0.00	-0.00e+00	0.0600	8.33e-17	950
0.050	-8.74e-08	-100.0	-5.08e-08	-3.00e-04	0.00	-0.00e+00	0.0600	8.33e-17	950
0.050	-8.74e-08	-100.0	-5.08e-08	-2.00e-04	0.00	-0.00e+00	0.0600	8.33e-17	950
0.050	-8.74e-08	-100.0	-5.08e-08	-1.00e-04	0.00	-0.00e+00	0.0600	8.33e-17	950
0.050	-8.74e-08	-100.0	-5.08e-08	-2.71e-20	0.00	-0.00e+00	0.0600	8.33e-17	950
0.050	-8.74e-08	-100.0	-5.08e-08	1.00e-04	0.00	-0.00e+00	0.0600	8.33e-17	950
0.050	-8.74e-08	-100.0	-5.08e-08	2.00e-04	0.00	-0.00e+00	0.0600	8.33e-17	950
0.050	-8.74e-08	-100.0	-5.08e-08	3.00e-04	0.00	-0.00e+00	0.0600	8.33e-17	950
0.050	-8.74e-08	-100.0	-5.08e-08	4.00e-04	0.00	-0.00e+00	0.0600	8.33e-17	950
0.050	-8.74e-08	-100.0	-5.08e-08	5.00e-04	0.00	-0.00e+00	0.0600	8.33e-17	950
0.040	-9.17e-08	-100.0	-3.30e-08	-5.00e-04	0.00	-0.00e+00	0.0600	8.33e-17	960
0.040	-9.17e-08	-100.0	-3.30e-08	-4.00e-04	0.00	-0.00e+00	0.0600	8.33e-17	960
0.040	-9.17e-08	-100.0	-3.30e-08	-3.00e-04	0.00	-0.00e+00	0.0600	8.33e-17	960
0.040	-9.17e-08	-100.0	-3.30e-08	-2.00e-04	0.00	-0.00e+00	0.0600	8.33e-17	960
0.040	-9.17e-08	-100.0	-3.30e-08	-1.00e-04	0.00	-0.00e+00	0.0600	8.33e-17	960
0.040	-9.17e-08	-100.0	-3.30e-08	-2.71e-20	0.00	-0.00e+00	0.0600	8.33e-17	960
0.040	-9.17e-08	-100.0	-3.30e-08	1.00e-04	0.00	-0.00e+00	0.0600	8.33e-17	960
0.040	-9.17e-08	-100.0	-3.30e-08	2.00e-04	0.00	-0.00e+00	0.0600	8.33e-17	960
0.040	-9.17e-08	-100.0	-3.30e-08	3.00e-04	0.00	-0.00e+00	0.0600	8.33e-17	960
0.040	-9.17e-08	-100.0	-3.30e-08	4.00e-04	0.00	-0.00e+00	0.0600	8.33e-17	960
0.040	-9.17e-08	-100.0	-3.30e-08	5.00e-04	0.00	-0.00e+00	0.0600	8.33e-17	960
0.030	-9.41e-08	-100.0	-1.20e-08	-5.00e-04	0.00	-0.00e+00	0.0600	8.33e-17	970
0.030	-9.41e-08	-100.0	-1.20e-08	-4.00e-04	0.00	-0.00e+00	0.0600	8.33e-17	970
0.030	-9.41e-08	-100.0	-1.20e-08	-3.00e-04	0.00	-0.00e+00	0.0600	8.33e-17	970
0.030	-9.41e-08	-100.0	-1.20e-08	-2.00e-04	0.00	-0.00e+00	0.0600	8.33e-17	970
0.030	-9.41e-08	-100.0	-1.20e-08	-1.00e-04	0.00	-0.00e+00	0.0600	8.33e-17	970
0.030	-9.41e-08	-100.0	-1.20e-08	-2.71e-20	0.00	-0.00e+00	0.0600	8.33e-17	970
0.030	-9.41e-08	-100.0	-1.20e-08	1.00e-04	0.00	-0.00e+00	0.0600	8.33e-17	970
0.030	-9.41e-08	-100.0	-1.20e-08	2.00e-04	0.00	-0.00e+00	0.0600	8.33e-17	970
0.030	-9.41e-08	-100.0	-1.20e-08	3.00e-04	0.00	-0.00e+00	0.0600	8.33e-17	970
0.030	-9.41e-08	-100.0	-1.20e-08	4.00e-04	0.00	-0.00e+00	0.0600	8.33e-17	970
0.030	-9.41e-08	-100.0	-1.20e-08	5.00e-04	0.00	-0.00e+00	0.0600	8.33e-17	970
0.020	-9.42e-08	-100.0	1.21e-08	-5.00e-04	0.00	-0.00e+00	0.0600	8.33e-17	980
0.020	-9.42e-08	-100.0	1.21e-08	-4.00e-04	0.00	-0.00e+00	0.0600	8.33e-17	980
0.020	-9.42e-08	-100.0	1.21e-08	-3.00e-04	0.00	-0.00e+00	0.0600	8.33e-17	980
0.020	-9.42e-08	-100.0	1.21e-08	-2.00e-04	0.00	-0.00e+00	0.0600	8.33e-17	980
0.020	-9.42e-08	-100.0	1.21e-08	-1.00e-04	0.00	-0.00e+00	0.0600	8.33e-17	980
0.020	-9.42e-08	-100.0	1.21e-08	-2.71e-20	0.00	-0.00e+00	0.0600	8.33e-17	980
0.020	-9.42e-08	-100.0	1.21e-08	1.00e-04	0.00	-0.00e+00	0.0600	8.33e-17	980
0.020	-9.42e-08	-100.0	1.21e-08	2.00e-04	0.00	-0.00e+00	0.0600	8.33e-17	980
0.020	-9.42e-08	-100.0	1.21e-08	3.00e-04	0.00	-0.00e+00	0.0600	8.33e-17	980
0.020	-9.42e-08	-100.0	1.21e-08	4.00e-04	0.00	-0.00e+00	0.0600	8.33e-17	980
0.020	-9.42e-08	-100.0	1.21e-08	5.00e-04	0.00	-0.00e+00	0.0600	8.33e-17	980
0.010	-9.18e-08	-100.0	3.89e-08	-5.00e-04	0.00	-0.00e+00	0.0600	8.33e-17	990
0.010	-9.18e-08	-100.0	3.89e-08	-4.00e-04	0.00	-0.00e+00	0.0600	8.33e-17	990
0.010	-9.18e-08	-100.0	3.89e-08	-3.00e-04	0.00	-0.00e+00	0.0600	8.33e-17	990
0.010	-9.18e-08	-100.0	3.89e-08	-2.00e-04	0.00	-0.00e+00	0.0600	8.33e-17	990
0.010	-9.18e-08	-100.0	3.89e-08	-1.00e-04	0.00	-0.00e+00	0.0600	8.33e-17	990
0.010	-9.18e-08	-100.0	3.89e-08	-2.71e-20	0.00	-0.00e+00	0.0600	8.33e-17	990
0.010	-9.18e-08	-100.0	3.89e-08	1.00e-04	0.00	-0.00e+00	0.0600	8.33e-17	990
0.010	-9.18e-08	-100.0	3.89e-08	2.00e-04	0.00	-0.00e+00	0.0600	8.33e-17	990
0.010	-9.18e-08	-100.0	3.89e-08	3.00e-04	0.00	-0.00e+00	0.0600	8.33e-17	990
0.010	-9.18e-08	-100.0	3.89e-08	4.00e-04	0.00	-0.00e+00	0.0600	8.33e-17	990
0.010	-9.18e-08	-100.0	3.89e-08	5.00e-04	0.00	-0.00e+00	0.0600	8.33e-17	990
