0.00e+00	0.00e+00	0.00e+00	0.00e+00	-5.00e-04	0.00e+00	0.00e+00	0.3900	8.33e-17	0
2.00e-02	0.00e+00	0.00e+00	0.00e+00	-5.00e-04	0.00e+00	0.00e+00	0.3900	8.33e-17	1
4.00e-02	0.00e+00	0.00e+00	-9.70e+02	-5.00e-04	0.00e+00	0.00e+00	0.3900	8.33e-17	2
6.00e-02	0.00e+00	0.00e+00	-2.91e+03	-5.00e-04	0.00e+00	0.00e+00	0.3900	8.33e-17	3
8.00e-02	-9.70e-04	0.00e+00	-5.82e+03	-5.00e-04	0.00e+00	0.00e+00	0.3900	8.33e-17	4
1.00e-01	-4.85e-03	0.00e+00	-9.70e+03	-5.00e-04	0.00e+00	0.00e+00	0.3900	8.33e-17	5
1.20e-01	-1.45e-02	0.00e+00	-1.45e+04	-5.00e-04	0.00e+00	0.00e+00	0.3900	8.33e-17	6
1.40e-01	-3.39e-02	0.00e+00	-2.04e+04	-5.00e-04	0.00e+00	0.00e+00	0.3900	8.33e-17	7
1.60e-01	-6.79e-02	0.00e+00	-2.71e+04	-5.00e-04	0.00e+00	0.00e+00	0.3900	8.33e-17	8
1.80e-01	-1.22e-01	0.00e+00	-3.49e+04	-5.00e-04	0.00e+00	0.00e+00	0.3900	8.33e-17	9
2.00e-01	-2.04e-01	0.00e+00	-4.36e+04	-5.00e-04	0.00e+00	0.00e+00	0.3900	8.33e-17	10
2.20e-01	-3.20e-01	0.00e+00	-5.33e+04	-5.00e-04	0.00e+00	0.00e+00	0.3900	8.33e-17	11
2.40e-01	-4.80e-01	0.00e+00	-6.40e+04	-5.00e-04	0.00e+00	0.00e+00	0.3900	8.33e-17	12
2.60e-01	-6.93e-01	0.00e+00	-7.56e+04	-5.00e-04	0.00e+00	0.00e+00	0.3900	8.33e-17	13
2.80e-01	-9.71e-01	0.00e+00	-8.82e+04	-5.00e-04	0.00e+00	0.00e+00	0.3900	8.33e-17	14
3.00e-01	-1.32e+00	0.00e+00	-1.02e+05	-5.00e-04	0.00e+00	0.00e+00	0.3900	8.33e-17	15
3.20e-01	-1.76e+00	0.00e+00	-1.16e+05	-5.00e-04	0.00e+00	0.00e+00	0.3900	8.33e-17	16
3.40e-01	-2.31e+00	0.00e+00	-1.32e+05	-5.00e-04	0.00e+00	0.00e+00	0.3900	8.33e-17	17
3.60e-01	-2.97e+00	0.00e+00	-1.48e+05	-5.00e-04	0.00e+00	0.00e+00	0.3900	8.33e-17	18
3.80e-01	-3.76e+00	0.00e+00	-1.66e+05	-5.00e-04	0.00e+00	0.00e+00	0.3900	8.33e-17	19
4.00e-01	-4.70e+00	0.00e+00	-1.84e+05	-5.00e-04	0.00e+00	0.00e+00	0.3900	8.33e-17	20
4.20e-01	-5.80e+00	0.00e+00	-2.04e+05	-5.00e-04	0.00e+00	0.00e+00	0.3900	8.33e-17	21
4.40e-01	-7.09e+00	0.00e+00	-2.24e+05	-5.00e-04	0.00e+00	0.00e+00	0.3900	8.33e-17	22
4.60e-01	-8.59e+00	0.00e+00	-2.45e+05	-5.00e-04	0.00e+00	0.00e+00	0.3900	8.33e-17	23
4.80e-01	-1.03e+01	0.00e+00	-2.68e+05	-5.00e-04	0.00e+00	0.00e+00	0.3900	8.33e-17	24
5.00e-01	-1.23e+01	0.00e+00	-2.91e+05	-5.00e-04	0.00e+00	0.00e+00	0.3900	8.33e-17	25
5.20e-01	-1.45e+01	0.00e+00	-3.15e+05	-5.00e-04	0.00e+00	0.00e+00	0.3900	8.33e-17	26
5.40e-01	-1.70e+01	0.00e+00	-3.40e+05	-5.00e-04	0.00e+00	0.00e+00	0.3900	8.33e-17	27
5.60e-01	-1.99e+01	0.00e+00	-3.66e+05	-5.00e-04	0.00e+00	0.00e+00	0.3900	8.33e-17	28
5.80e-01	-2.30e+01	0.00e+00	-3.94e+05	-5.00e-04	0.00e+00	0.00e+00	0.3900	8.33e-17	29
6.00e-01	-2.66e+01	0.00e+00	-4.22e+05	-5.00e-04	0.00e+00	0.00e+00	0.3900	8.33e-17	30
6.20e-01	-3.05e+01	0.00e+00	-4.51e+05	-5.00e-04	0.00e+00	0.00e+00	0.3900	8.33e-17	31
6.40e-01	-3.49e+01	0.00e+00	-4.81e+05	-5.00e-04	0.00e+00	0.00e+00	0.3900	8.33e-17	32
6.60e-01	-3.97e+01	0.00e+00	-5.12e+05	-5.00e-04	0.00e+00	0.00e+00	0.3900	8.33e-17	33
6.80e-01	-4.50e+01	0.00e+00	-5.44e+05	-5.00e-04	0.00e+00	0.00e+00	0.3900	8.33e-17	34
7.00e-01	-5.08e+01	0.00e+00	-5.77e+05	-5.00e-04	0.00e+00	0.00e+00	0.3900	8.33e-17	35
7.20e-01	-5.71e+01	0.00e+00	-6.11e+05	-5.00e-04	0.00e+00	0.00e+00	0.3900	8.33e-17	36
7.40e-01	-6.40e+01	0.00e+00	-6.46e+05	-5.00e-04	0.00e+00	0.00e+00	0.3900	8.33e-17	37
7.60e-01	-7.16e+01	0.00e+00	-6.82e+05	-5.00e-04	0.00e+00	0.00e+00	0.3900	8.33e-17	38
7.80e-01	-7.97e+01	0.00e+00	-7.18e+05	-5.00e-04	0.00e+00	0.00e+00	0.3900	8.33e-17	39
8.00e-01	-8.86e+01	0.00e+00	-7.56e+05	-5.00e-04	0.00e+00	0.00e+00	0.3900	8.33e-17	40
8.20e-01	-9.82e+01	0.00e+00	-7.95e+05	-5.00e-04	0.00e+00	0.00e+00	0.3900	8.33e-17	41
8.40e-01	-1.09e+02	0.00e+00	-8.35e+05	-5.00e-04	0.00e+00	0.00e+00	0.3900	8.33e-17	42
8.60e-01	-1.20e+02	0.00e+00	-8.75e+05	-5.00e-04	0.00e+00	0.00e+00	0.3900	8.33e-17	43
8.80e-01	-1.32e+02	0.00e+00	-9.17e+05	-5.00e-04	0.00e+00	0.00e+00	0.3900	8.33e-17	44
9.00e-01	-1.44e+02	0.00e+00	-9.60e+05	-5.00e-04	0.00e+00	0.00e+00	0.3900	8.33e-17	45
9.20e-01	-1.58e+02	0.00e+00	-1.00e+06	-5.00e-04	0.00e+00	0.00e+00	0.3900	8.33e-17	46
9.40e-01	-1.73e+02	0.00e+00	-1.05e+06	-5.00e-04	0.00e+00	0.00e+00	0.3900	8.33e-17	47
9.60e-01	-1.89e+02	0.00e+00	-1.09e+06	-5.00e-04	0.00e+00	0.00e+00	0.3900	8.33e-17	48
9.80e-01	-2.05e+02	0.00e+00	-1.14e+06	-5.00e-04	0.00e+00	0.00e+00	0.3900	8.33e-17	49
1.00e+00	-2.23e+02	0.00e+00	-1.19e+06	-5.00e-04	0.00e+00	0.00e+00	0.3900	8.33e-17	50
