1.000	0.00e+00	0.0	0.00e+00	-5.00e-02	0.00	0.00e+00	0.2000	8.33e-15	0
1.000	0.00e+00	0.0	0.00e+00	-4.00e-02	0.00	0.00e+00	0.2000	8.33e-15	0
1.000	0.00e+00	0.0	0.00e+00	-3.00e-02	0.00	0.00e+00	0.2000	8.33e-15	0
1.000	0.00e+00	0.0	0.00e+00	-2.00e-02	0.00	0.00e+00	0.2000	8.33e-15	0
1.000	0.00e+00	0.0	0.00e+00	-1.00e-02	0.00	0.00e+00	0.2000	8.33e-15	0
1.000	0.00e+00	0.0	0.00e+00	3.47e-18	0.00	0.00e+00	0.2000	8.33e-15	0
1.000	0.00e+00	0.0	0.00e+00	1.00e-02	0.00	0.00e+00	0.2000	8.33e-15	0
1.000	0.00e+00	0.0	0.00e+00	2.00e-02	0.00	0.00e+00	0.2000	8.33e-15	0
1.000	0.00e+00	0.0	0.00e+00	3.00e-02	0.00	0.00e+00	0.2000	8.33e-15	0
1.000	0.00e+00	0.0	0.00e+00	4.00e-02	0.00	0.00e+00	0.2000	8.33e-15	0
0.990	0.00e+00	0.0	4.56e-07	-5.00e-02	0.00	0.00e+00	0.2000	8.33e-15	1
0.990	0.00e+00	0.0	4.56e-07	-4.00e-02	0.00	0.00e+00	0.2000	8.33e-15	1
0.990	0.00e+00	0.0	4.56e-07	-3.00e-02	0.00	0.00e+00	0.2000	8.33e-15	1
0.990	0.00e+00	0.0	4.56e-07	-2.00e-02	0.00	0.00e+00	0.2000	8.33e-15	1
0.990	0.00e+00	0.0	4.56e-07	-1.00e-02	0.00	0.00e+00	0.2000	8.33e-15	1
0.990	0.00e+00	0.0	4.56e-07	3.47e-18	0.00	0.00e+00	0.2000	8.33e-15	1
0.990	0.00e+00	0.0	4.56e-07	1.00e-02	0.00	0.00e+00	0.2000	8.33e-15	1
0.990	0.00e+00	0.0	4.56e-07	2.00e-02	0.00	0.00e+00	0.2000	8.33e-15	1
0.990	0.00e+00	0.0	4.56e-07	3.00e-02	0.00	0.00e+00	0.2000	8.33e-15	1
0.990	0.00e+00	0.0	4.56e-07	4.00e-02	0.00	0.00e+00	0.2000	8.33e-15	1
0.980	4.56e-08	0.0	9.21e-07	-5.00e-02	0.00	0.00e+00	0.2000	8.33e-15	2
0.980	4.56e-08	0.0	9.21e-07	-4.00e-02	0.00	0.00e+00	0.2000	8.33e-15	2
0.980	4.56e-08	0.0	9.21e-07	-3.00e-02	0.00	0.00e+00	0.2000	8.33e-15	2
0.980	4.56e-08	0.0	9.21e-07	-2.00e-02	0.00	0.00e+00	0.2000	8.33e-15	2
0.980	4.56e-08	0.0	9.21e-07	-1.00e-02	0.00	0.00e+00	0.2000	8.33e-15	2
0.980	4.56e-08	0.0	9.21e-07	3.47e-18	0.00	0.00e+00	0.2000	8.33e-15	2
0.980	4.56e-08	0.0	9.21e-07	1.00e-02	0.00	0.00e+00	0.2000	8.33e-15	2
0.980	4.56e-08	0.0	9.21e-07	2.00e-02	0.00	0.00e+00	0.2000	8.33e-15	2
0.980	4.56e-08	0.0	9.21e-07	3.00e-02	0.00	0.00e+00	0.2000	8.33e-15	2
0.980	4.56e-08	0.0	9.21e-07	4.00e-02	0.00	0.00e+00	0.2000	8.33e-15	2
0.970	1.38e-07	0.0	1.38e-06	-5.00e-02	0.00	0.00e+00	0.2000	8.33e-15	3
0.970	1.38e-07	0.0	1.38e-06	-4.00e-02	0.00	0.00e+00	0.2000	8.33e-15	3
0.970	1.38e-07	0.0	1.38e-06	-3.00e-02	0.00	0.00e+00	0.2000	8.33e-15	3
0.970	1.38e-07	0.0	1.38e-06	-2.00e-02	0.00	0.00e+00	0.2000	8.33e-15	3
0.970	1.38e-07	0.0	1.38e-06	-1.00e-02	0.00	0.00e+00	0.2000	8.33e-15	3
0.970	1.38e-07	0.0	1.38e-06	3.47e-18	0.00	0.00e+00	0.2000	8.33e-15	3
0.970	1.38e-07	0.0	1.38e-06	1.00e-02	0.00	0.00e+00	0.2000	8.33e-15	3
0.970	1.38e-07	0.0	1.38e-06	2.00e-02	0.00	0.00e+00	0.2000	8.33e-15	3
0.970	1.38e-07	0.0	1.38e-06	3.00e-02	0.00	0.00e+00	0.2000	8.33e-15	3
0.970	1.38e-07	0.0	1.38e-06	4.00e-02	0.00	0.00e+00	0.2000	8.33e-15	3
0.960	2.76e-07	0.0	1.84e-06	-5.00e-02	0.00	0.00e+00	0.2000	8.33e-15	4
0.960	2.76e-07	0.0	1.84e-06	-4.00e-02	0.00	0.00e+00	0.2000	8.33e-15	4
0.960	2.76e-07	0.0	1.84e-06	-3.00e-02	0.00	0.00e+00	0.2000	8.33e-15	4
0.960	2.76e-07	0.0	1.84e-06	-2.00e-02	0.00	0.00e+00	0.2000	8.33e-15	4
0.960	2.76e-07	0.0	1.84e-06	-1.00e-02	0.00	0.00e+00	0.2000	8.33e-15	4
0.960	2.76e-07	0.0	1.84e-06	3.47e-18	0.00	0.00e+00	0.2000	8.33e-15	4
0.960	2.76e-07	0.0	1.84e-06	1.00e-02	0.00	0.00e+00	0.2000	8.33e-15	4
0.960	2.76e-07	0.0	1.84e-06	2.00e-02	0.00	0.00e+00	0.2000	8.33e-15	4
0.960	2.76e-07	0.0	1.84e-06	3.00e-02	0.00	0.00e+00	0.2000	8.33e-15	4
0.960	2.76e-07	0.0	1.84e-06	4.00e-02	0.00	0.00e+00	0.2000	8.33e-15	4
0.950	4.60e-07	0.0	2.30e-06	-5.00e-02	0.00	0.00e+00	0.2000	8.33e-15	5
0.950	4.60e-07	0.0	2.30e-06	-4.00e-02	0.00	0.00e+00	0.2000	8.33e-15	5
0.950	4.60e-07	0.0	2.30e-06	-3.00e-02	0.00	0.00e+00	0.2000	8.33e-15	5
0.950	4.60e-07	0.0	2.30e-06	-2.00e-02	0.00	0.00e+00	0.2000	8.33e-15	5
0.950	4.60e-07	0.0	2.30e-06	-1.00e-02	0.00	0.00e+00	0.2000	8.33e-15	5
0.950	4.60e-07	0.0	2.30e-06	3.47e-18	0.00	0.00e+00	0.2000	8.33e-15	5
0.950	4.60e-07	0.0	2.30e-06	1.00e-02	0.00	0.00e+00	0.2000	8.33e-15	5
0.950	4.60e-07	0.0	2.30e-06	2.00e-02	0.00	0.00e+00	0.2000	8.33e-15	5
0.950	4.60e-07	0.0	2.30e-06	3.00e-02	0.00	0.00e+00	0.2000	8.33e-15	5
0.950	4.60e-07	0.0	2.30e-06	4.00e-02	0.00	0.00e+00	0.2000	8.33e-15	5
0.940	6.91e-07	0.0	2.76e-06	-5.00e-02	0.00	0.00e+00	0.2000	8.33e-15	6
0.940	6.91e-07	0.0	2.76e-06	-4.00e-02	0.00	0.00e+00	0.2000	8.33e-15	6
0.940	6.91e-07	0.0	2.76e-06	-3.00e-02	0.00	0.00e+00	0.2000	8.33e-15	6
0.940	6.91e-07	0.0	2.76e-06	-2.00e-02	0.00	0.00e+00	0.2000	8.33e-15	6
0.940	6.91e-07	0.0	2.76e-06	-1.00e-02	0.00	0.00e+00	0.2000	8.33e-15	6
0.940	6.91e-07	0.0	2.76e-06	3.47e-18	0.00	0.00e+00	0.2000	8.33e-15	6
0.940	6.91e-07	0.0	2.76e-06	1.00e-02	0.00	0.00e+00	0.2000	8.33e-15	6
0.940	6.91e-07	0.0	2.76e-06	2.00e-02	0.00	0.00e+00	0.2000	8.33e-15	6
0.940	6.91e-07	0.0	2.76e-06	3.00e-02	0.00	0.00e+00	0.2000	8.33e-15	6
0.940	6.91e-07	0.0	2.76e-06	4.00e-02	0.00	0.00e+00	0.2000	8.33e-15	6
0.930	9.67e-07	0.0	3.22e-06	-5.00e-02	0.00	0.00e+00	0.2000	8.33e-15	7
0.930	9.67e-07	0.0	3.22e-06	-4.00e-02	0.00	0.00e+00	0.2000	8.33e-15	7
0.930	9.67e-07	0.0	3.22e-06	-3.00e-02	0.00	0.00e+00	0.2000	8.33e-15	7
0.930	9.67e-07	0.0	3.22e-06	-2.00e-02	0.00	0.00e+00	0.2000	8.33e-15	7
0.930	9.67e-07	0.0	3.22e-06	-1.00e-02	0.00	0.00e+00	0.2000	8.33e-15	7
0.930	9.67e-07	0.0	3.22e-06	3.47e-18	0.00	0.00e+00	0.2000	8.33e-15	7
0.930	9.67e-07	0.0	3.22e-06	1.00e-02	0.00	0.00e+00	0.2000	8.33e-15	7
0.930	9.67e-07	0.0	3.22e-06	2.00e-02	0.00	0.00e+00	0.2000	8.33e-15	7
0.930	9.67e-07	0.0	3.22e-06	3.00e-02	0.00	0.00e+00	0.2000	8.33e-15	7
0.930	9.67e-07	0.0	3.22e-06	4.00e-02	0.00	0.00e+00	0.2000	8.33e-15	7
0.920	1.29e-06	0.0	3.68e-06	-5.00e-02	0.00	0.00e+00	0.2000	8.33e-15	8
0.920	1.29e-06	0.0	3.68e-06	-4.00e-02	0.00	0.00e+00	0.2000	8.33e-15	8
0.920	1.29e-06	0.0	3.68e-06	-3.00e-02	0.00	0.00e+00	0.2000	8.33e-15	8
0.920	1.29e-06	0.0	3.68e-06	-2.00e-02	0.00	0.00e+00	0.2000	8.33e-15	8
0.920	1.29e-06	0.0	3.68e-06	-1.00e-02	0.00	0.00e+00	0.2000	8.33e-15	8
0.920	1.29e-06	0.0	3.68e-06	3.47e-18	0.00	0.00e+00	0.2000	8.33e-15	8
0.920	1.29e-06	0.0	3.68e-06	1.00e-02	0.00	0.00e+00	0.2000	8.33e-15	8
0.920	1.29e-06	0.0	3.68e-06	2.00e-02	0.00	0.00e+00	0.2000	8.33e-15	8
0.920	1.29e-06	0.0	3.68e-06	3.00e-02	0.00	0.00e+00	0.2000	8.33e-15	8
0.920	1.29e-06	0.0	3.68e-06	4.00e-02	0.00	0.00e+00	0.2000	8.33e-15	8
0.910	1.66e-06	0.0	4.14e-06	-5.00e-02	0.00	0.00e+00	0.2000	8.33e-15	9
0.910	1.66e-06	0.0	4.14e-06	-4.00e-02	0.00	0.00e+00	0.2000	8.33e-15	9
0.910	1.66e-06	0.0	4.14e-06	-3.00e-02	0.00	0.00e+00	0.2000	8.33e-15	9
0.910	1.66e-06	0.0	4.14e-06	-2.00e-02	0.00	0.00e+00	0.2000	8.33e-15	9
0.910	1.66e-06	0.0	4.14e-06	-1.00e-02	0.00	0.00e+00	0.2000	8.33e-15	9
0.910	1.66e-06	0.0	4.14e-06	3.47e-18	0.00	0.00e+00	0.2000	8.33e-15	9
0.910	1.66e-06	0.0	4.14e-06	1.00e-02	0.00	0.00e+00	0.2000	8.33e-15	9
0.910	1.66e-06	0.0	4.14e-06	2.00e-02	0.00	0.00e+00	0.2000	8.33e-15	9
0.910	1.66e-06	0.0	4.14e-06	3.00e-02	0.00	0.00e+00	0.2000	8.33e-15	9
0.910	1.66e-06	0.0	4.14e-06	4.00e-02	0.00	0.00e+00	0.2000	8.33e-15	9
0.900	2.07e-06	0.0	4.60e-06	-5.00e-02	0.00	0.00e+00	0.2000	8.33e-15	10
0.900	2.07e-06	0.0	4.60e-06	-4.00e-02	0.00	0.00e+00	0.2000	8.33e-15	10
0.900	2.07e-06	0.0	4.60e-06	-3.00e-02	0.00	0.00e+00	0.2000	8.33e-15	10
0.900	2.07e-06	0.0	4.60e-06	-2.00e-02	0.00	0.00e+00	0.2000	8.33e-15	10
0.900	2.07e-06	0.0	4.60e-06	-1.00e-02	0.00	0.00e+00	0.2000	8.33e-15	10
0.900	2.07e-06	0.0	4.60e-06	3.47e-18	0.00	0.00e+00	0.2000	8.33e-15	10
0.900	2.07e-06	0.0	4.60e-06	1.00e-02	0.00	0.00e+00	0.2000	8.33e-15	10
0.900	2.07e-06	0.0	4.60e-06	2.00e-02	0.00	0.00e+00	0.2000	8.33e-15	10
0.900	2.07e-06	0.0	4.60e-06	3.00e-02	0.00	0.00e+00	0.2000	8.33e-15	10
0.900	2.07e-06	0.0	4.60e-06	4.00e-02	0.00	0.00e+00	0.2000	8.33e-15	10
0.890	2.53e-06	0.0	5.05e-06	-5.00e-02	0.00	0.00e+00	0.2000	8.33e-15	11
0.890	2.53e-06	0.0	5.05e-06	-4.00e-02	0.00	0.00e+00	0.2000	8.33e-15	11
0.890	2.53e-06	0.0	5.05e-06	-3.00e-02	0.00	0.00e+00	0.2000	8.33e-15	11
0.890	2.53e-06	0.0	5.05e-06	-2.00e-02	0.00	0.00e+00	0.2000	8.33e-15	11
0.890	2.53e-06	0.0	5.05e-06	-1.00e-02	0.00	0.00e+00	0.2000	8.33e-15	11
0.890	2.53e-06	0.0	5.05e-06	3.47e-18	0.00	0.00e+00	0.2000	8.33e-15	11
0.890	2.53e-06	0.0	5.05e-06	1.00e-02	0.00	0.00e+00	0.2000	8.33e-15	11
0.890	2.53e-06	0.0	5.05e-06	2.00e-02	0.00	0.00e+00	0.2000	8.33e-15	11
0.890	2.53e-06	0.0	5.05e-06	3.00e-02	0.00	0.00e+00	0.2000	8.33e-15	11
0.890	2.53e-06	0.0	5.05e-06	4.00e-02	0.00	0.00e+00	0.2000	8.33e-15	11
0.880	3.04e-06	0.0	5.50e-06	-5.00e-02	0.00	0.00e+00	0.2000	8.33e-15	12
0.880	3.04e-06	0.0	5.50e-06	-4.00e-02	0.00	0.00e+00	0.2000	8.33e-15	12
0.880	3.04e-06	0.0	5.50e-06	-3.00e-02	0.00	0.00e+00	0.2000	8.33e-15	12
0.880	3.04e-06	0.0	5.50e-06	-2.00e-02	0.00	0.00e+00	0.2000	8.33e-15	12
0.880	3.04e-06	0.0	5.50e-06	-1.00e-02	0.00	0.00e+00	0.2000	8.33e-15	12
0.880	3.04e-06	0.0	5.50e-06	3.47e-18	0.00	0.00e+00	0.2000	8.33e-15	12
0.880	3.04e-06	0.0	5.50e-06	1.00e-02	0.00	0.00e+00	0.2000	8.33e-15	12
0.880	3.04e-06	0.0	5.50e-06	2.00e-02	0.00	0.00e+00	0.2000	8.33e-15	12
0.880	3.04e-06	0.0	5.50e-06	3.00e-02	0.00	0.00e+00	0.2000	8.33e-15	12
0.880	3.04e-06	0.0	5.50e-06	4.00e-02	0.00	0.00e+00	0.2000	8.33e-15	12
0.870	3.59e-06	0.0	5.93e-06	-5.00e-02	0.00	0.00e+00	0.2000	8.33e-15	13
0.870	3.59e-06	0.0	5.93e-06	-4.00e-02	0.00	0.00e+00	0.2000	8.33e-15	13
0.870	3.59e-06	0.0	5.93e-06	-3.00e-02	0.00	0.00e+00	0.2000	8.33e-15	13
0.870	3.59e-06	0.0	5.93e-06	-2.00e-02	0.00	0.00e+00	0.2000	8.33e-15	13
0.870	3.59e-06	0.0	5.93e-06	-1.00e-02	0.00	0.00e+00	0.2000	8.33e-15	13
0.870	3.59e-06	0.0	5.93e-06	3.47e-18	0.00	0.00e+00	0.2000	8.33e-15	13
0.870	3.59e-06	0.0	5.93e-06	1.00e-02	0.00	0.00e+00	0.2000	8.33e-15	13
0.870	3.59e-06	0.0	5.93e-06	2.00e-02	0.00	0.00e+00	0.2000	8.33e-15	13
0.870	3.59e-06	0.0	5.93e-06	3.00e-02	0.00	0.00e+00	0.2000	8.33e-15	13
0.870	3.59e-06	0.0	5.93e-06	4.00e-02	0.00	0.00e+00	0.2000	8.33e-15	13
0.860	4.18e-06	0.0	6.35e-06	-5.00e-02	0.00	0.00e+00	0.2000	8.33e-15	14
0.860	4.18e-06	0.0	6.35e-06	-4.00e-02	0.00	0.00e+00	0.2000	8.33e-15	14
0.860	4.18e-06	0.0	6.35e-06	-3.00e-02	0.00	0.00e+00	0.2000	8.33e-15	14
0.860	4.18e-06	0.0	6.35e-06	-2.00e-02	0.00	0.00e+00	0.2000	8.33e-15	14
0.860	4.18e-06	0.0	6.35e-06	-1.00e-02	0.00	0.00e+00	0.2000	8.33e-15	14
0.860	4.18e-06	0.0	6.35e-06	3.47e-18	0.00	0.00e+00	0.2000	8.33e-15	14
0.860	4.18e-06	0.0	6.35e-06	1.00e-02	0.00	0.00e+00	0.2000	8.33e-15	14
0.860	4.18e-06	0.0	6.35e-06	2.00e-02	0.00	0.00e+00	0.2000	8.33e-15	14
0.860	4.18e-06	0.0	6.35e-06	3.00e-02	0.00	0.00e+00	0.2000	8.33e-15	14
0.860	4.18e-06	0.0	6.35e-06	4.00e-02	0.00	0.00e+00	0.2000	8.33e-15	14
0.850	4.82e-06	0.0	6.74e-06	-5.00e-02	0.00	0.00e+00	0.2000	8.33e-15	15
0.850	4.82e-06	0.0	6.74e-06	-4.00e-02	0.00	0.00e+00	0.2000	8.33e-15	15
0.850	4.82e-06	0.0	6.74e-06	-3.00e-02	0.00	0.00e+00	0.2000	8.33e-15	15
0.850	4.82e-06	0.0	6.74e-06	-2.00e-02	0.00	0.00e+00	0.2000	8.33e-15	15
0.850	4.82e-06	0.0	6.74e-06	-1.00e-02	0.00	0.00e+00	0.2000	8.33e-15	15
0.850	4.82e-06	0.0	6.74e-06	3.47e-18	0.00	0.00e+00	0.2000	8.33e-15	15
0.850	4.82e-06	0.0	6.74e-06	1.00e-02	0.00	0.00e+00	0.2000	8.33e-15	15
0.850	4.82e-06	0.0	6.74e-06	2.00e-02	0.00	0.00e+00	0.2000	8.33e-15	15
0.850	4.82e-06	0.0	6.74e-06	3.00e-02	0.00	0.00e+00	0.2000	8.33e-15	15
0.850	4.82e-06	0.0	6.74e-06	4.00e-02	0.00	0.00e+00	0.2000	8.33e-15	15
0.840	5.49e-06	0.0	7.09e-06	-5.00e-02	0.00	0.00e+00	0.2000	8.33e-15	16
0.840	5.49e-06	0.0	7.09e-06	-4.00e-02	0.00	0.00e+00	0.2000	8.33e-15	16
0.840	5.49e-06	0.0	7.09e-06	-3.00e-02	0.00	0.00e+00	0.2000	8.33e-15	16
0.840	5.49e-06	0.0	7.09e-06	-2.00e-02	0.00	0.00e+00	0.2000	8.33e-15	16
0.840	5.49e-06	0.0	7.09e-06	-1.00e-02	0.00	0.00e+00	0.2000	8.33e-15	16
0.840	5.49e-06	0.0	7.09e-06	3.47e-18	0.00	0.00e+00	0.2000	8.33e-15	16
0.840	5.49e-06	0.0	7.09e-06	1.00e-02	0.00	0.00e+00	0.2000	8.33e-15	16
0.840	5.49e-06	0.0	7.09e-06	2.00e-02	0.00	0.00e+00	0.2000	8.33e-15	16
0.840	5.49e-06	0.0	7.09e-06	3.00e-02	0.00	0.00e+00	0.2000	8.33e-15	16
0.840	5.49e-06	0.0	7.09e-06	4.00e-02	0.00	0.00e+00	0.2000	8.33e-15	16
0.830	6.20e-06	0.0	7.39e-06	-5.00e-02	0.00	0.00e+00	0.2000	8.33e-15	17
0.830	6.20e-06	0.0	7.39e-06	-4.00e-02	0.00	0.00e+00	0.2000	8.33e-15	17
0.830	6.20e-06	0.0	7.39e-06	-3.00e-02	0.00	0.00e+00	0.2000	8.33e-15	17
0.830	6.20e-06	0.0	7.39e-06	-2.00e-02	0.00	0.00e+00	0.2000	8.33e-15	17
0.830	6.20e-06	0.0	7.39e-06	-1.00e-02	0.00	0.00e+00	0.2000	8.33e-15	17
0.830	6.20e-06	0.0	7.39e-06	3.47e-18	0.00	0.00e+00	0.2000	8.33e-15	17
0.830	6.20e-06	0.0	7.39e-06	1.00e-02	0.00	0.00e+00	0.2000	8.33e-15	17
0.830	6.20e-06	0.0	7.39e-06	2.00e-02	0.00	0.00e+00	0.2000	8.33e-15	17
0.830	6.20e-06	0.0	7.39e-06	3.00e-02	0.00	0.00e+00	0.2000	8.33e-15	17
0.830	6.20e-06	0.0	7.39e-06	4.00e-02	0.00	0.00e+00	0.2000	8.33e-15	17
0.820	6.94e-06	0.0	7.62e-06	-5.00e-02	0.00	0.00e+00	0.2000	8.33e-15	18
0.820	6.94e-06	0.0	7.62e-06	-4.00e-02	0.00	0.00e+00	0.2000	8.33e-15	18
0.820	6.94e-06	0.0	7.62e-06	-3.00e-02	0.00	0.00e+00	0.2000	8.33e-15	18
0.820	6.94e-06	0.0	7.62e-06	-2.00e-02	0.00	0.00e+00	0.2000	8.33e-15	18
0.820	6.94e-06	0.0	7.62e-06	-1.00e-02	0.00	0.00e+00	0.2000	8.33e-15	18
0.820	6.94e-06	0.0	7.62e-06	3.47e-18	0.00	0.00e+00	0.2000	8.33e-15	18
0.820	6.94e-06	0.0	7.62e-06	1.00e-02	0.00	0.00e+00	0.2000	8.33e-15	18
0.820	6.94e-06	0.0	7.62e-06	2.00e-02	0.00	0.00e+00	0.2000	8.33e-15	18
0.820	6.94e-06	0.0	7.62e-06	3.00e-02	0.00	0.00e+00	0.2000	8.33e-15	18
0.820	6.94e-06	0.0	7.62e-06	4.00e-02	0.00	0.00e+00	0.2000	8.33e-15	18
0.810	7.70e-06	0.0	7.78e-06	-5.00e-02	0.00	0.00e+00	0.2000	8.33e-15	19
0.810	7.70e-06	0.0	7.78e-06	-4.00e-02	0.00	0.00e+00	0.2000	8.33e-15	19
0.810	7.70e-06	0.0	7.78e-06	-3.00e-02	0.00	0.00e+00	0.2000	8.33e-15	19
0.810	7.70e-06	0.0	7.78e-06	-2.00e-02	0.00	0.00e+00	0.2000	8.33e-15	19
0.810	7.70e-06	0.0	7.78e-06	-1.00e-02	0.00	0.00e+00	0.2000	8.33e-15	19
0.810	7.70e-06	0.0	7.78e-06	3.47e-18	0.00	0.00e+00	0.2000	8.33e-15	19
0.810	7.70e-06	0.0	7.78e-06	1.00e-02	0.00	0.00e+00	0.2000	8.33e-15	19
0.810	7.70e-06	0.0	7.78e-06	2.00e-02	0.00	0.00e+00	0.2000	8.33e-15	19
0.810	7.70e-06	0.0	7.78e-06	3.00e-02	0.00	0.00e+00	0.2000	8.33e-15	19
0.810	7.70e-06	0.0	7.78e-06	4.00e-02	0.00	0.00e+00	0.2000	8.33e-15	19
0.800	8.48e-06	0.0	7.83e-06	-5.00e-02	0.00	0.00e+00	0.2000	8.33e-15	20
0.800	8.48e-06	0.0	7.83e-06	-4.00e-02	0.00	0.00e+00	0.2000	8.33e-15	20
0.800	8.48e-06	0.0	7.83e-06	-3.00e-02	0.00	0.00e+00	0.2000	8.33e-15	20
0.800	8.48e-06	0.0	7.83e-06	-2.00e-02	0.00	0.00e+00	0.2000	8.33e-15	20
0.800	8.48e-06	0.0	7.83e-06	-1.00e-02	0.00	0.00e+00	0.2000	8.33e-15	20
0.800	8.48e-06	0.0	7.83e-06	3.47e-18	0.00	0.00e+00	0.2000	8.33e-15	20
0.800	8.48e-06	0.0	7.83e-06	1.00e-02	0.00	0.00e+00	0.2000	8.33e-15	20
0.800	8.48e-06	0.0	7.83e-06	2.00e-02	0.00	0.00e+00	0.2000	8.33e-15	20
0.800	8.48e-06	0.0	7.83e-06	3.00e-02	0.00	0.00e+00	0.2000	8.33e-15	20
0.800	8.48e-06	0.0	7.83e-06	4.00e-02	0.00	0.00e+00	0.2000	8.33e-15	20
0.790	9.26e-06	0.0	7.76e-06	-5.00e-02	0.00	0.00e+00	0.2000	8.33e-15	21
0.790	9.26e-06	0.0	7.76e-06	-4.00e-02	0.00	0.00e+00	0.2000	8.33e-15	21
0.790	9.26e-06	0.0	7.76e-06	-3.00e-02	0.00	0.00e+00	0.2000	8.33e-15	21
0.790	9.26e-06	0.0	7.76e-06	-2.00e-02	0.00	0.00e+00	0.2000	8.33e-15	21
0.790	9.26e-06	0.0	7.76e-06	-1.00e-02	0.00	0.00e+00	0.2000	8.33e-15	21
0.790	9.26e-06	0.0	7.76e-06	3.47e-18	0.00	0.00e+00	0.2000	8.33e-15	21
0.790	9.26e-06	0.0	7.76e-06	1.00e-02	0.00	0.00e+00	0.2000	8.33e-15	21
0.790	9.26e-06	0.0	7.76e-06	2.00e-02	0.00	0.00e+00	0.2000	8.33e-15	21
0.790	9.26e-06	0.0	7.76e-06	3.00e-02	0.00	0.00e+00	0.2000	8.33e-15	21
0.790	9.26e-06	0.0	7.76e-06	4.00e-02	0.00	0.00e+00	0.2000	8.33e-15	21
0.780	1.00e-05	0.0	7.55e-06	-5.00e-02	0.00	0.00e+00	0.2000	8.33e-15	22
0.780	1.00e-05	0.0	7.55e-06	-4.00e-02	0.00	0.00e+00	0.2000	8.33e-15	22
0.780	1.00e-05	0.0	7.55e-06	-3.00e-02	0.00	0.00e+00	0.2000	8.33e-15	22
0.780	1.00e-05	0.0	7.55e-06	-2.00e-02	0.00	0.00e+00	0.2000	8.33e-15	22
0.780	1.00e-05	0.0	7.55e-06	-1.00e-02	0.00	0.00e+00	0.2000	8.33e-15	22
0.780	1.00e-05	0.0	7.55e-06	3.47e-18	0.00	0.00e+00	0.2000	8.33e-15	22
0.780	1.00e-05	0.0	7.55e-06	1.00e-02	0.00	0.00e+00	0.2000	8.33e-15	22
0.780	1.00e-05	0.0	7.55e-06	2.00e-02	0.00	0.00e+00	0.2000	8.33e-15	22
0.780	1.00e-05	0.0	7.55e-06	3.00e-02	0.00	0.00e+00	0.2000	8.33e-15	22
0.780	1.00e-05	0.0	7.55e-06	4.00e-02	0.00	0.00e+00	0.2000	8.33e-15	22
0.770	1.08e-05	0.0	7.18e-06	-5.00e-02	0.00	0.00e+00	0.2000	8.33e-15	23
0.770	1.08e-05	0.0	7.18e-06	-4.00e-02	0.00	0.00e+00	0.2000	8.33e-15	23
0.770	1.08e-05	0.0	7.18e-06	-3.00e-02	0.00	0.00e+00	0.2000	8.33e-15	23
0.770	1.08e-05	0.0	7.18e-06	-2.00e-02	0.00	0.00e+00	0.2000	8.33e-15	23
0.770	1.08e-05	0.0	7.18e-06	-1.00e-02	0.00	0.00e+00	0.2000	8.33e-15	23
0.770	1.08e-05	0.0	7.18e-06	3.47e-18	0.00	0.00e+00	0.2000	8.33e-15	23
0.770	1.08e-05	0.0	7.18e-06	1.00e-02	0.00	0.00e+00	0.2000	8.33e-15	23
0.770	1.08e-05	0.0	7.18e-06	2.00e-02	0.00	0.00e+00	0.2000	8.33e-15	23
0.770	1.08e-05	0.0	7.18e-06	3.00e-02	0.00	0.00e+00	0.2000	8.33e-15	23
0.770	1.08e-05	0.0	7.18e-06	4.00e-02	0.00	0.00e+00	0.2000	8.33e-15	23
0.760	1.15e-05	0.0	6.62e-06	-5.00e-02	0.00	0.00e+00	0.2000	8.33e-15	24
0.760	1.15e-05	0.0	6.62e-06	-4.00e-02	0.00	0.00e+00	0.2000	8.33e-15	24
0.760	1.15e-05	0.0	6.62e-06	-3.00e-02	0.00	0.00e+00	0.2000	8.33e-15	24
0.760	1.15e-05	0.0	6.62e-06	-2.00e-02	0.00	0.00e+00	0.2000	8.33e-15	24
0.760	1.15e-05	0.0	6.62e-06	-1.00e-02	0.00	0.00e+00	0.2000	8.33e-15	24
0.760	1.15e-05	0.0	6.62e-06	3.47e-18	0.00	0.00e+00	0.2000	8.33e-15	24
0.760	1.15e-05	0.0	6.62e-06	1.00e-02	0.00	0.00e+00	0.2000	8.33e-15	24
0.760	1.15e-05	0.0	6.62e-06	2.00e-02	0.00	0.00e+00	0.2000	8.33e-15	24
0.760	1.15e-05	0.0	6.62e-06	3.00e-02	0.00	0.00e+00	0.2000	8.33e-15	24
0.760	1.15e-05	0.0	6.62e-06	4.00e-02	0.00	0.00e+00	0.2000	8.33e-15	24
0.750	1.22e-05	0.0	5.85e-06	-5.00e-02	0.00	0.00e+00	0.2000	8.33e-15	25
0.750	1.22e-05	0.0	5.85e-06	-4.00e-02	0.00	0.00e+00	0.2000	8.33e-15	25
0.750	1.22e-05	0.0	5.85e-06	-3.00e-02	0.00	0.00e+00	0.2000	8.33e-15	25
0.750	1.22e-05	0.0	5.85e-06	-2.00e-02	0.00	0.00e+00	0.2000	8.33e-15	25
0.750	1.22e-05	0.0	5.85e-06	-1.00e-02	0.00	0.00e+00	0.2000	8.33e-15	25
0.750	1.22e-05	0.0	5.85e-06	3.47e-18	0.00	0.00e+00	0.2000	8.33e-15	25
0.750	1.22e-05	0.0	5.85e-06	1.00e-02	0.00	0.00e+00	0.2000	8.33e-15	25
0.750	1.22e-05	0.0	5.85e-06	2.00e-02	0.00	0.00e+00	0.2000	8.33e-15	25
0.750	1.22e-05	0.0	5.85e-06	3.00e-02	0.00	0.00e+00	0.2000	8.33e-15	25
0.750	1.22e-05	0.0	5.85e-06	4.00e-02	0.00	0.00e+00	0.2000	8.33e-15	25
0.740	1.28e-05	0.0	4.87e-06	-5.00e-02	0.00	0.00e+00	0.2000	8.33e-15	26
0.740	1.28e-05	0.0	4.87e-06	-4.00e-02	0.00	0.00e+00	0.2000	8.33e-15	26
0.740	1.28e-05	0.0	4.87e-06	-3.00e-02	0.00	0.00e+00	0.2000	8.33e-15	26
0.740	1.28e-05	0.0	4.87e-06	-2.00e-02	0.00	0.00e+00	0.2000	8.33e-15	26
0.740	1.28e-05	0.0	4.87e-06	-1.00e-02	0.00	0.00e+00	0.2000	8.33e-15	26
0.740	1.28e-05	0.0	4.87e-06	3.47e-18	0.00	0.00e+00	0.2000	8.33e-15	26
0.740	1.28e-05	0.0	4.87e-06	1.00e-02	0.00	0.00e+00	0.2000	8.33e-15	26
0.740	1.28e-05	0.0	4.87e-06	2.00e-02	0.00	0.00e+00	0.2000	8.33e-15	26
0.740	1.28e-05	0.0	4.87e-06	3.00e-02	0.00	0.00e+00	0.2000	8.33e-15	26
0.740	1.28e-05	0.0	4.87e-06	4.00e-02	0.00	0.00e+00	0.2000	8.33e-15	26
0.730	1.32e-05	0.0	3.67e-06	-5.00e-02	0.00	0.00e+00	0.2000	8.33e-15	27
0.730	1.32e-05	0.0	3.67e-06	-4.00e-02	0.00	0.00e+00	0.2000	8.33e-15	27
0.730	1.32e-05	0.0	3.67e-06	-3.00e-02	0.00	0.00e+00	0.2000	8.33e-15	27
0.730	1.32e-05	0.0	3.67e-06	-2.00e-02	0.00	0.00e+00	0.2000	8.33e-15	27
0.730	1.32e-05	0.0	3.67e-06	-1.00e-02	0.00	0.00e+00	0.2000	8.33e-15	27
0.730	1.32e-05	0.0	3.67e-06	3.47e-18	0.00	0.00e+00	0.2000	8.33e-15	27
0.730	1.32e-05	0.0	3.67e-06	1.00e-02	0.00	0.00e+00	0.2000	8.33e-15	27
0.730	1.32e-05	0.0	3.67e-06	2.00e-02	0.00	0.00e+00	0.2000	8.33e-15	27
0.730	1.32e-05	0.0	3.67e-06	3.00e-02	0.00	0.00e+00	0.2000	8.33e-15	27
0.730	1.32e-05	0.0	3.67e-06	4.00e-02	0.00	0.00e+00	0.2000	8.33e-15	27
0.720	1.36e-05	0.0	2.23e-06	-5.00e-02	0.00	0.00e+00	0.2000	8.33e-15	28
0.720	1.36e-05	0.0	2.23e-06	-4.00e-02	0.00	0.00e+00	0.2000	8.33e-15	28
0.720	1.36e-05	0.0	2.23e-06	-3.00e-02	0.00	0.00e+00	0.2000	8.33e-15	28
0.720	1.36e-05	0.0	2.23e-06	-2.00e-02	0.00	0.00e+00	0.2000	8.33e-15	28
0.720	1.36e-05	0.0	2.23e-06	-1.00e-02	0.00	0.00e+00	0.2000	8.33e-15	28
0.720	1.36e-05	0.0	2.23e-06	3.47e-18	0.00	0.00e+00	0.2000	8.33e-15	28
0.720	1.36e-05	0.0	2.23e-06	1.00e-02	0.00	0.00e+00	0.2000	8.33e-15	28
0.720	1.36e-05	0.0	2.23e-06	2.00e-02	0.00	0.00e+00	0.2000	8.33e-15	28
0.720	1.36e-05	0.0	2.23e-06	3.00e-02	0.00	0.00e+00	0.2000	8.33e-15	28
0.720	1.36e-05	0.0	2.23e-06	4.00e-02	0.00	0.00e+00	0.2000	8.33e-15	28
0.710	1.38e-05	0.0	5.56e-07	-5.00e-02	0.00	0.00e+00	0.2000	8.33e-15	29
0.710	1.38e-05	0.0	5.56e-07	-4.00e-02	0.00	0.00e+00	0.2000	8.33e-15	29
0.710	1.38e-05	0.0	5.56e-07	-3.00e-02	0.00	0.00e+00	0.2000	8.33e-15	29
0.710	1.38e-05	0.0	5.56e-07	-2.00e-02	0.00	0.00e+00	0.2000	8.33e-15	29
0.710	1.38e-05	0.0	5.56e-07	-1.00e-02	0.00	0.00e+00	0.2000	8.33e-15	29
0.710	1.38e-05	0.0	5.56e-07	3.47e-18	0.00	0.00e+00	0.2000	8.33e-15	29
0.710	1.38e-05	0.0	5.56e-07	1.00e-02	0.00	0.00e+00	0.2000	8.33e-15	29
0.710	1.38e-05	0.0	5.56e-07	2.00e-02	0.00	0.00e+00	0.2000	8.33e-15	29
0.710	1.38e-05	0.0	5.56e-07	3.00e-02	0.00	0.00e+00	0.2000	8.33e-15	29
0.710	1.38e-05	0.0	5.56e-07	4.00e-02	0.00	0.00e+00	0.2000	8.33e-15	29
0.700	1.39e-05	0.0	-1.33e-06	-5.00e-02	0.00	0.00e+00	0.2000	8.33e-15	30
0.700	1.39e-05	0.0	-1.33e-06	-4.00e-02	0.00	0.00e+00	0.2000	8.33e-15	30
0.700	1.39e-05	0.0	-1.33e-06	-3.00e-02	0.00	0.00e+00	0.2000	8.33e-15	30
0.700	1.39e-05	0.0	-1.33e-06	-2.00e-02	0.00	0.00e+00	0.2000	8.33e-15	30
0.700	1.39e-05	0.0	-1.33e-06	-1.00e-02	0.00	0.00e+00	0.2000	8.33e-15	30
0.700	1.39e-05	0.0	-1.33e-06	3.47e-18	0.00	0.00e+00	0.2000	8.33e-15	30
0.700	1.39e-05	0.0	-1.33e-06	1.00e-02	0.00	0.00e+00	0.2000	8.33e-15	30
0.700	1.39e-05	0.0	-1.33e-06	2.00e-02	0.00	0.00e+00	0.2000	8.33e-15	30
0.700	1.39e-05	0.0	-1.33e-06	3.00e-02	0.00	0.00e+00	0.2000	8.33e-15	30
0.700	1.39e-05	0.0	-1.33e-06	4.00e-02	0.00	0.00e+00	0.2000	8.33e-15	30
0.690	1.38e-05	0.0	-3.42e-06	-5.00e-02	0.00	0.00e+00	0.2000	8.33e-15	31
0.690	1.38e-05	0.0	-3.42e-06	-4.00e-02	0.00	0.00e+00	0.2000	8.33e-15	31
0.690	1.38e-05	0.0	-3.42e-06	-3.00e-02	0.00	0.00e+00	0.2000	8.33e-15	31
0.690	1.38e-05	0.0	-3.42e-06	-2.00e-02	0.00	0.00e+00	0.2000	8.33e-15	31
0.690	1.38e-05	0.0	-3.42e-06	-1.00e-02	0.00	0.00e+00	0.2000	8.33e-15	31
0.690	1.38e-05	0.0	-3.42e-06	3.47e-18	0.00	0.00e+00	0.2000	8.33e-15	31
0.690	1.38e-05	0.0	-3.42e-06	1.00e-02	0.00	0.00e+00	0.2000	8.33e-15	31
0.690	1.38e-05	0.0	-3.42e-06	2.00e-02	0.00	0.00e+00	0.2000	8.33e-15	31
0.690	1.38e-05	0.0	-3.42e-06	3.00e-02	0.00	0.00e+00	0.2000	8.33e-15	31
0.690	1.38e-05	0.0	-3.42e-06	4.00e-02	0.00	0.00e+00	0.2000	8.33e-15	31
0.680	1.34e-05	0.0	-5.68e-06	-5.00e-02	0.00	0.00e+00	0.2000	8.33e-15	32
0.680	1.34e-05	0.0	-5.68e-06	-4.00e-02	0.00	0.00e+00	0.2000	8.33e-15	32
0.680	1.34e-05	0.0	-5.68e-06	-3.00e-02	0.00	0.00e+00	0.2000	8.33e-15	32
0.680	1.34e-05	0.0	-5.68e-06	-2.00e-02	0.00	0.00e+00	0.2000	8.33e-15	32
0.680	1.34e-05	0.0	-5.68e-06	-1.00e-02	0.00	0.00e+00	0.2000	8.33e-15	32
0.680	1.34e-05	0.0	-5.68e-06	3.47e-18	0.00	0.00e+00	0.2000	8.33e-15	32
0.680	1.34e-05	0.0	-5.68e-06	1.00e-02	0.00	0.00e+00	0.2000	8.33e-15	32
0.680	1.34e-05	0.0	-5.68e-06	2.00e-02	0.00	0.00e+00	0.2000	8.33e-15	32
0.680	1.34e-05	0.0	-5.68e-06	3.00e-02	0.00	0.00e+00	0.2000	8.33e-15	32
0.680	1.34e-05	0.0	-5.68e-06	4.00e-02	0.00	0.00e+00	0.2000	8.33e-15	32
0.670	1.28e-05	0.0	-8.06e-06	-5.00e-02	0.00	0.00e+00	0.2000	8.33e-15	33
0.670	1.28e-05	0.0	-8.06e-06	-4.00e-02	0.00	0.00e+00	0.2000	8.33e-15	33
0.670	1.28e-05	0.0	-8.06e-06	-3.00e-02	0.00	0.00e+00	0.2000	8.33e-15	33
0.670	1.28e-05	0.0	-8.06e-06	-2.00e-02	0.00	0.00e+00	0.2000	8.33e-15	33
0.670	1.28e-05	0.0	-8.06e-06	-1.00e-02	0.00	0.00e+00	0.2000	8.33e-15	33
0.670	1.28e-05	0.0	-8.06e-06	3.47e-18	0.00	0.00e+00	0.2000	8.33e-15	33
0.670	1.28e-05	0.0	-8.06e-06	1.00e-02	0.00	0.00e+00	0.2000	8.33e-15	33
0.670	1.28e-05	0.0	-8.06e-06	2.00e-02	0.00	0.00e+00	0.2000	8.33e-15	33
0.670	1.28e-05	0.0	-8.06e-06	3.00e-02	0.00	0.00e+00	0.2000	8.33e-15	33
0.670	1.28e-05	0.0	-8.06e-06	4.00e-02	0.00	0.00e+00	0.2000	8.33e-15	33
0.660	1.20e-05	0.0	-1.05e-05	-5.00e-02	0.00	0.00e+00	0.2000	8.33e-15	34
0.660	1.20e-05	0.0	-1.05e-05	-4.00e-02	0.00	0.00e+00	0.2000	8.33e-15	34
0.660	1.20e-05	0.0	-1.05e-05	-3.00e-02	0.00	0.00e+00	0.2000	8.33e-15	34
0.660	1.20e-05	0.0	-1.05e-05	-2.00e-02	0.00	0.00e+00	0.2000	8.33e-15	34
0.660	1.20e-05	0.0	-1.05e-05	-1.00e-02	0.00	0.00e+00	0.2000	8.33e-15	34
0.660	1.20e-05	0.0	-1.05e-05	3.47e-18	0.00	0.00e+00	0.2000	8.33e-15	34
0.660	1.20e-05	0.0	-1.05e-05	1.00e-02	0.00	0.00e+00	0.2000	8.33e-15	34
0.660	1.20e-05	0.0	-1.05e-05	2.00e-02	0.00	0.00e+00	0.2000	8.33e-15	34
0.660	1.20e-05	0.0	-1.05e-05	3.00e-02	0.00	0.00e+00	0.2000	8.33e-15	34
0.660	1.20e-05	0.0	-1.05e-05	4.00e-02	0.00	0.00e+00	0.2000	8.33e-15	34
0.650	1.10e-05	0.0	-1.30e-05	-5.00e-02	0.00	0.00e+00	0.2000	8.33e-15	35
0.650	1.10e-05	0.0	-1.30e-05	-4.00e-02	0.00	0.00e+00	0.2000	8.33e-15	35
0.650	1.10e-05	0.0	-1.30e-05	-3.00e-02	0.00	0.00e+00	0.2000	8.33e-15	35
0.650	1.10e-05	0.0	-1.30e-05	-2.00e-02	0.00	0.00e+00	0.2000	8.33e-15	35
0.650	1.10e-05	0.0	-1.30e-05	-1.00e-02	0.00	0.00e+00	0.2000	8.33e-15	35
0.650	1.10e-05	0.0	-1.30e-05	3.47e-18	0.00	0.00e+00	0.2000	8.33e-15	35
0.650	1.10e-05	0.0	-1.30e-05	1.00e-02	0.00	0.00e+00	0.2000	8.33e-15	35
0.650	1.10e-05	0.0	-1.30e-05	2.00e-02	0.00	0.00e+00	0.2000	8.33e-15	35
0.650	1.10e-05	0.0	-1.30e-05	3.00e-02	0.00	0.00e+00	0.2000	8.33e-15	35
0.650	1.10e-05	0.0	-1.30e-05	4.00e-02	0.00	0.00e+00	0.2000	8.33e-15	35
0.640	9.68e-06	0.0	-1.54e-05	-5.00e-02	0.00	0.00e+00	0.2000	8.33e-15	36
0.640	9.68e-06	0.0	-1.54e-05	-4.00e-02	0.00	0.00e+00	0.2000	8.33e-15	36
0.640	9.68e-06	0.0	-1.54e-05	-3.00e-02	0.00	0.00e+00	0.2000	8.33e-15	36
0.640	9.68e-06	0.0	-1.54e-05	-2.00e-02	0.00	0.00e+00	0.2000	8.33e-15	36
0.640	9.68e-06	0.0	-1.54e-05	-1.00e-02	0.00	0.00e+00	0.2000	8.33e-15	36
0.640	9.68e-06	0.0	-1.54e-05	3.47e-18	0.00	0.00e+00	0.2000	8.33e-15	36
0.640	9.68e-06	0.0	-1.54e-05	1.00e-02	0.00	0.00e+00	0.2000	8.33e-15	36
0.640	9.68e-06	0.0	-1.54e-05	2.00e-02	0.00	0.00e+00	0.2000	8.33e-15	36
0.640	9.68e-06	0.0	-1.54e-05	3.00e-02	0.00	0.00e+00	0.2000	8.33e-15	36
0.640	9.68e-06	0.0	-1.54e-05	4.00e-02	0.00	0.00e+00	0.2000	8.33e-15	36
0.630	8.14e-06	0.0	-1.77e-05	-5.00e-02	0.00	0.00e+00	0.2000	8.33e-15	37
0.630	8.14e-06	0.0	-1.77e-05	-4.00e-02	0.00	0.00e+00	0.2000	8.33e-15	37
0.630	8.14e-06	0.0	-1.77e-05	-3.00e-02	0.00	0.00e+00	0.2000	8.33e-15	37
0.630	8.14e-06	0.0	-1.77e-05	-2.00e-02	0.00	0.00e+00	0.2000	8.33e-15	37
0.630	8.14e-06	0.0	-1.77e-05	-1.00e-02	0.00	0.00e+00	0.2000	8.33e-15	37
0.630	8.14e-06	0.0	-1.77e-05	3.47e-18	0.00	0.00e+00	0.2000	8.33e-15	37
0.630	8.14e-06	0.0	-1.77e-05	1.00e-02	0.00	0.00e+00	0.2000	8.33e-15	37
0.630	8.14e-06	0.0	-1.77e-05	2.00e-02	0.00	0.00e+00	0.2000	8.33e-15	37
0.630	8.14e-06	0.0	-1.77e-05	3.00e-02	0.00	0.00e+00	0.2000	8.33e-15	37
0.630	8.14e-06	0.0	-1.77e-05	4.00e-02	0.00	0.00e+00	0.2000	8.33e-15	37
0.620	6.36e-06	0.0	-1.98e-05	-5.00e-02	0.00	0.00e+00	0.2000	8.33e-15	38
0.620	6.36e-06	0.0	-1.98e-05	-4.00e-02	0.00	0.00e+00	0.2000	8.33e-15	38
0.620	6.36e-06	0.0	-1.98e-05	-3.00e-02	0.00	0.00e+00	0.2000	8.33e-15	38
0.620	6.36e-06	0.0	-1.98e-05	-2.00e-02	0.00	0.00e+00	0.2000	8.33e-15	38
0.620	6.36e-06	0.0	-1.98e-05	-1.00e-02	0.00	0.00e+00	0.2000	8.33e-15	38
0.620	6.36e-06	0.0	-1.98e-05	3.47e-18	0.00	0.00e+00	0.2000	8.33e-15	38
0.620	6.36e-06	0.0	-1.98e-05	1.00e-02	0.00	0.00e+00	0.2000	8.33e-15	38
0.620	6.36e-06	0.0	-1.98e-05	2.00e-02	0.00	0.00e+00	0.2000	8.33e-15	38
0.620	6.36e-06	0.0	-1.98e-05	3.00e-02	0.00	0.00e+00	0.2000	8.33e-15	38
0.620	6.36e-06	0.0	-1.98e-05	4.00e-02	0.00	0.00e+00	0.2000	8.33e-15	38
0.610	4.38e-06	0.0	-2.16e-05	-5.00e-02	0.00	0.00e+00	0.2000	8.33e-15	39
0.610	4.38e-06	0.0	-2.16e-05	-4.00e-02	0.00	0.00e+00	0.2000	8.33e-15	39
0.610	4.38e-06	0.0	-2.16e-05	-3.00e-02	0.00	0.00e+00	0.2000	8.33e-15	39
0.610	4.38e-06	0.0	-2.16e-05	-2.00e-02	0.00	0.00e+00	0.2000	8.33e-15	39
0.610	4.38e-06	0.0	-2.16e-05	-1.00e-02	0.00	0.00e+00	0.2000	8.33e-15	39
0.610	4.38e-06	0.0	-2.16e-05	3.47e-18	0.00	0.00e+00	0.2000	8.33e-15	39
0.610	4.38e-06	0.0	-2.16e-05	1.00e-02	0.00	0.00e+00	0.2000	8.33e-15	39
0.610	4.38e-06	0.0	-2.16e-05	2.00e-02	0.00	0.00e+00	0.2000	8.33e-15	39
0.610	4.38e-06	0.0	-2.16e-05	3.00e-02	0.00	0.00e+00	0.2000	8.33e-15	39
0.610	4.38e-06	0.0	-2.16e-05	4.00e-02	0.00	0.00e+00	0.2000	8.33e-15	39
0.600	2.22e-06	0.0	-2.30e-05	-5.00e-02	0.00	0.00e+00	0.2000	8.33e-15	40
0.600	2.22e-06	0.0	-2.30e-05	-4.00e-02	0.00	0.00e+00	0.2000	8.33e-15	40
0.600	2.22e-06	0.0	-2.30e-05	-3.00e-02	0.00	0.00e+00	0.2000	8.33e-15	40
0.600	2.22e-06	0.0	-2.30e-05	-2.00e-02	0.00	0.00e+00	0.2000	8.33e-15	40
0.600	2.22e-06	0.0	-2.30e-05	-1.00e-02	0.00	0.00e+00	0.2000	8.33e-15	40
0.600	2.22e-06	0.0	-2.30e-05	3.47e-18	0.00	0.00e+00	0.2000	8.33e-15	40
0.600	2.22e-06	0.0	-2.30e-05	1.00e-02	0.00	0.00e+00	0.2000	8.33e-15	40
0.600	2.22e-06	0.0	-2.30e-05	2.00e-02	0.00	0.00e+00	0.2000	8.33e-15	40
0.600	2.22e-06	0.0	-2.30e-05	3.00e-02	0.00	0.00e+00	0.2000	8.33e-15	40
0.600	2.22e-06	0.0	-2.30e-05	4.00e-02	0.00	0.00e+00	0.2000	8.33e-15	40
0.590	-8.61e-08	0.0	-2.40e-05	-5.00e-02	0.00	0.00e+00	0.2000	8.33e-15	41
0.590	-8.61e-08	0.0	-2.40e-05	-4.00e-02	0.00	0.00e+00	0.2000	8.33e-15	41
0.590	-8.61e-08	0.0	-2.40e-05	-3.00e-02	0.00	0.00e+00	0.2000	8.33e-15	41
0.590	-8.61e-08	0.0	-2.40e-05	-2.00e-02	0.00	0.00e+00	0.2000	8.33e-15	41
0.590	-8.61e-08	0.0	-2.40e-05	-1.00e-02	0.00	0.00e+00	0.2000	8.33e-15	41
0.590	-8.61e-08	0.0	-2.40e-05	3.47e-18	0.00	0.00e+00	0.2000	8.33e-15	41
0.590	-8.61e-08	0.0	-2.40e-05	1.00e-02	0.00	0.00e+00	0.2000	8.33e-15	41
0.590	-8.61e-08	0.0	-2.40e-05	2.00e-02	0.00	0.00e+00	0.2000	8.33e-15	41
0.590	-8.61e-08	0.0	-2.40e-05	3.00e-02	0.00	0.00e+00	0.2000	8.33e-15	41
0.590	-8.61e-08	0.0	-2.40e-05	4.00e-02	0.00	0.00e+00	0.2000	8.33e-15	41
0.580	-2.48e-06	0.0	-2.43e-05	-5.00e-02	0.00	0.00e+00	0.2000	8.33e-15	42
0.580	-2.48e-06	0.0	-2.43e-05	-4.00e-02	0.00	0.00e+00	0.2000	8.33e-15	42
0.580	-2.48e-06	0.0	-2.43e-05	-3.00e-02	0.00	0.00e+00	0.2000	8.33e-15	42
0.580	-2.48e-06	0.0	-2.43e-05	-2.00e-02	0.00	0.00e+00	0.2000	8.33e-15	42
0.580	-2.48e-06	0.0	-2.43e-05	-1.00e-02	0.00	0.00e+00	0.2000	8.33e-15	42
0.580	-2.48e-06	0.0	-2.43e-05	3.47e-18	0.00	0.00e+00	0.2000	8.33e-15	42
0.580	-2.48e-06	0.0	-2.43e-05	1.00e-02	0.00	0.00e+00	0.2000	8.33e-15	42
0.580	-2.48e-06	0.0	-2.43e-05	2.00e-02	0.00	0.00e+00	0.2000	8.33e-15	42
0.580	-2.48e-06	0.0	-2.43e-05	3.00e-02	0.00	0.00e+00	0.2000	8.33e-15	42
0.580	-2.48e-06	0.0	-2.43e-05	4.00e-02	0.00	0.00e+00	0.2000	8.33e-15	42
0.570	-4.92e-06	0.0	-2.41e-05	-5.00e-02	0.00	0.00e+00	0.2000	8.33e-15	43
0.570	-4.92e-06	0.0	-2.41e-05	-4.00e-02	0.00	0.00e+00	0.2000	8.33e-15	43
0.570	-4.92e-06	0.0	-2.41e-05	-3.00e-02	0.00	0.00e+00	0.2000	8.33e-15	43
0.570	-4.92e-06	0.0	-2.41e-05	-2.00e-02	0.00	0.00e+00	0.2000	8.33e-15	43
0.570	-4.92e-06	0.0	-2.41e-05	-1.00e-02	0.00	0.00e+00	0.2000	8.33e-15	43
0.570	-4.92e-06	0.0	-2.41e-05	3.47e-18	0.00	0.00e+00	0.2000	8.33e-15	43
0.570	-4.92e-06	0.0	-2.41e-05	1.00e-02	0.00	0.00e+00	0.2000	8.33e-15	43
0.570	-4.92e-06	0.0	-2.41e-05	2.00e-02	0.00	0.00e+00	0.2000	8.33e-15	43
0.570	-4.92e-06	0.0	-2.41e-05	3.00e-02	0.00	0.00e+00	0.2000	8.33e-15	43
0.570	-4.92e-06	0.0	-2.41e-05	4.00e-02	0.00	0.00e+00	0.2000	8.33e-15	43
0.560	-7.33e-06	0.0	-2.32e-05	-5.00e-02	0.00	0.00e+00	0.2000	8.33e-15	44
0.560	-7.33e-06	0.0	-2.32e-05	-4.00e-02	0.00	0.00e+00	0.2000	8.33e-15	44
0.560	-7.33e-06	0.0	-2.32e-05	-3.00e-02	0.00	0.00e+00	0.2000	8.33e-15	44
0.560	-7.33e-06	0.0	-2.32e-05	-2.00e-02	0.00	0.00e+00	0.2000	8.33e-15	44
0.560	-7.33e-06	0.0	-2.32e-05	-1.00e-02	0.00	0.00e+00	0.2000	8.33e-15	44
0.560	-7.33e-06	0.0	-2.32e-05	3.47e-18	0.00	0.00e+00	0.2000	8.33e-15	44
0.560	-7.33e-06	0.0	-2.32e-05	1.00e-02	0.00	0.00e+00	0.2000	8.33e-15	44
0.560	-7.33e-06	0.0	-2.32e-05	2.00e-02	0.00	0.00e+00	0.2000	8.33e-15	44
0.560	-7.33e-06	0.0	-2.32e-05	3.00e-02	0.00	0.00e+00	0.2000	8.33e-15	44
0.560	-7.33e-06	0.0	-2.32e-05	4.00e-02	0.00	0.00e+00	0.2000	8.33e-15	44
0.550	-9.64e-06	0.0	-2.15e-05	-5.00e-02	0.00	0.00e+00	0.2000	8.33e-15	45
0.550	-9.64e-06	0.0	-2.15e-05	-4.00e-02	0.00	0.00e+00	0.2000	8.33e-15	45
0.550	-9.64e-06	0.0	-2.15e-05	-3.00e-02	0.00	0.00e+00	0.2000	8.33e-15	45
0.550	-9.64e-06	0.0	-2.15e-05	-2.00e-02	0.00	0.00e+00	0.2000	8.33e-15	45
0.550	-9.64e-06	0.0	-2.15e-05	-1.00e-02	0.00	0.00e+00	0.2000	8.33e-15	45
0.550	-9.64e-06	0.0	-2.15e-05	3.47e-18	0.00	0.00e+00	0.2000	8.33e-15	45
0.550	-9.64e-06	0.0	-2.15e-05	1.00e-02	0.00	0.00e+00	0.2000	8.33e-15	45
0.550	-9.64e-06	0.0	-2.15e-05	2.00e-02	0.00	0.00e+00	0.2000	8.33e-15	45
0.550	-9.64e-06	0.0	-2.15e-05	3.00e-02	0.00	0.00e+00	0.2000	8.33e-15	45
0.550	-9.64e-06	0.0	-2.15e-05	4.00e-02	0.00	0.00e+00	0.2000	8.33e-15	45
0.540	-1.18e-05	0.0	-1.90e-05	-5.00e-02	0.00	0.00e+00	0.2000	8.33e-15	46
0.540	-1.18e-05	0.0	-1.90e-05	-4.00e-02	0.00	0.00e+00	0.2000	8.33e-15	46
0.540	-1.18e-05	0.0	-1.90e-05	-3.00e-02	0.00	0.00e+00	0.2000	8.33e-15	46
0.540	-1.18e-05	0.0	-1.90e-05	-2.00e-02	0.00	0.00e+00	0.2000	8.33e-15	46
0.540	-1.18e-05	0.0	-1.90e-05	-1.00e-02	0.00	0.00e+00	0.2000	8.33e-15	46
0.540	-1.18e-05	0.0	-1.90e-05	3.47e-18	0.00	0.00e+00	0.2000	8.33e-15	46
0.540	-1.18e-05	0.0	-1.90e-05	1.00e-02	0.00	0.00e+00	0.2000	8.33e-15	46
0.540	-1.18e-05	0.0	-1.90e-05	2.00e-02	0.00	0.00e+00	0.2000	8.33e-15	46
0.540	-1.18e-05	0.0	-1.90e-05	3.00e-02	0.00	0.00e+00	0.2000	8.33e-15	46
0.540	-1.18e-05	0.0	-1.90e-05	4.00e-02	0.00	0.00e+00	0.2000	8.33e-15	46
0.530	-1.37e-05	0.0	-1.58e-05	-5.00e-02	0.00	0.00e+00	0.2000	8.33e-15	47
0.530	-1.37e-05	0.0	-1.58e-05	-4.00e-02	0.00	0.00e+00	0.2000	8.33e-15	47
0.530	-1.37e-05	0.0	-1.58e-05	-3.00e-02	0.00	0.00e+00	0.2000	8.33e-15	47
0.530	-1.37e-05	0.0	-1.58e-05	-2.00e-02	0.00	0.00e+00	0.2000	8.33e-15	47
0.530	-1.37e-05	0.0	-1.58e-05	-1.00e-02	0.00	0.00e+00	0.2000	8.33e-15	47
0.530	-1.37e-05	0.0	-1.58e-05	3.47e-18	0.00	0.00e+00	0.2000	8.33e-15	47
0.530	-1.37e-05	0.0	-1.58e-05	1.00e-02	0.00	0.00e+00	0.2000	8.33e-15	47
0.530	-1.37e-05	0.0	-1.58e-05	2.00e-02	0.00	0.00e+00	0.2000	8.33e-15	47
0.530	-1.37e-05	0.0	-1.58e-05	3.00e-02	0.00	0.00e+00	0.2000	8.33e-15	47
0.530	-1.37e-05	0.0	-1.58e-05	4.00e-02	0.00	0.00e+00	0.2000	8.33e-15	47
0.520	-1.53e-05	0.0	-1.19e-05	-5.00e-02	0.00	0.00e+00	0.2000	8.33e-15	48
0.520	-1.53e-05	0.0	-1.19e-05	-4.00e-02	0.00	0.00e+00	0.2000	8.33e-15	48
0.520	-1.53e-05	0.0	-1.19e-05	-3.00e-02	0.00	0.00e+00	0.2000	8.33e-15	48
0.520	-1.53e-05	0.0	-1.19e-05	-2.00e-02	0.00	0.00e+00	0.2000	8.33e-15	48
0.520	-1.53e-05	0.0	-1.19e-05	-1.00e-02	0.00	0.00e+00	0.2000	8.33e-15	48
0.520	-1.53e-05	0.0	-1.19e-05	3.47e-18	0.00	0.00e+00	0.2000	8.33e-15	48
0.520	-1.53e-05	0.0	-1.19e-05	1.00e-02	0.00	0.00e+00	0.2000	8.33e-15	48
0.520	-1.53e-05	0.0	-1.19e-05	2.00e-02	0.00	0.00e+00	0.2000	8.33e-15	48
0.520	-1.53e-05	0.0	-1.19e-05	3.00e-02	0.00	0.00e+00	0.2000	8.33e-15	48
0.520	-1.53e-05	0.0	-1.19e-05	4.00e-02	0.00	0.00e+00	0.2000	8.33e-15	48
0.510	-1.65e-05	0.0	-7.25e-06	-5.00e-02	0.00	0.00e+00	0.2000	8.33e-15	49
0.510	-1.65e-05	0.0	-7.25e-06	-4.00e-02	0.00	0.00e+00	0.2000	8.33e-15	49
0.510	-1.65e-05	0.0	-7.25e-06	-3.00e-02	0.00	0.00e+00	0.2000	8.33e-15	49
0.510	-1.65e-05	0.0	-7.25e-06	-2.00e-02	0.00	0.00e+00	0.2000	8.33e-15	49
0.510	-1.65e-05	0.0	-7.25e-06	-1.00e-02	0.00	0.00e+00	0.2000	8.33e-15	49
0.510	-1.65e-05	0.0	-7.25e-06	3.47e-18	0.00	0.00e+00	0.2000	8.33e-15	49
0.510	-1.65e-05	0.0	-7.25e-06	1.00e-02	0.00	0.00e+00	0.2000	8.33e-15	49
0.510	-1.65e-05	0.0	-7.25e-06	2.00e-02	0.00	0.00e+00	0.2000	8.33e-15	49
0.510	-1.65e-05	0.0	-7.25e-06	3.00e-02	0.00	0.00e+00	0.2000	8.33e-15	49
0.510	-1.65e-05	0.0	-7.25e-06	4.00e-02	0.00	0.00e+00	0.2000	8.33e-15	49
0.500	-1.72e-05	0.0	-1.98e-06	-5.00e-02	0.00	0.00e+00	0.2000	8.33e-15	50
0.500	-1.72e-05	0.0	-1.98e-06	-4.00e-02	0.00	0.00e+00	0.2000	8.33e-15	50
0.500	-1.72e-05	0.0	-1.98e-06	-3.00e-02	0.00	0.00e+00	0.2000	8.33e-15	50
0.500	-1.72e-05	0.0	-1.98e-06	-2.00e-02	0.00	0.00e+00	0.2000	8.33e-15	50
0.500	-1.72e-05	0.0	-1.98e-06	-1.00e-02	0.00	0.00e+00	0.2000	8.33e-15	50
0.500	-1.72e-05	0.0	-1.98e-06	3.47e-18	0.00	0.00e+00	0.2000	8.33e-15	50
0.500	-1.72e-05	0.0	-1.98e-06	1.00e-02	0.00	0.00e+00	0.2000	8.33e-15	50
0.500	-1.72e-05	0.0	-1.98e-06	2.00e-02	0.00	0.00e+00	0.2000	8.33e-15	50
0.500	-1.72e-05	0.0	-1.98e-06	3.00e-02	0.00	0.00e+00	0.2000	8.33e-15	50
0.500	-1.72e-05	0.0	-1.98e-06	4.00e-02	0.00	0.00e+00	0.2000	8.33e-15	50
0.490	-1.74e-05	0.0	3.81e-06	-5.00e-02	0.00	0.00e+00	0.2000	8.33e-15	51
0.490	-1.74e-05	0.0	3.81e-06	-4.00e-02	0.00	0.00e+00	0.2000	8.33e-15	51
0.490	-1.74e-05	0.0	3.81e-06	-3.00e-02	0.00	0.00e+00	0.2000	8.33e-15	51
0.490	-1.74e-05	0.0	3.81e-06	-2.00e-02	0.00	0.00e+00	0.2000	8.33e-15	51
0.490	-1.74e-05	0.0	3.81e-06	-1.00e-02	0.00	0.00e+00	0.2000	8.33e-15	51
0.490	-1.74e-05	0.0	3.81e-06	3.47e-18	0.00	0.00e+00	0.2000	8.33e-15	51
0.490	-1.74e-05	0.0	3.81e-06	1.00e-02	0.00	0.00e+00	0.2000	8.33e-15	51
0.490	-1.74e-05	0.0	3.81e-06	2.00e-02	0.00	0.00e+00	0.2000	8.33e-15	51
0.490	-1.74e-05	0.0	3.81e-06	3.00e-02	0.00	0.00e+00	0.2000	8.33e-15	51
0.490	-1.74e-05	0.0	3.81e-06	4.00e-02	0.00	0.00e+00	0.2000	8.33e-15	51
0.480	-1.70e-05	0.0	1.00e-05	-5.00e-02	0.00	0.00e+00	0.2000	8.33e-15	52
0.480	-1.70e-05	0.0	1.00e-05	-4.00e-02	0.00	0.00e+00	0.2000	8.33e-15	52
0.480	-1.70e-05	0.0	1.00e-05	-3.00e-02	0.00	0.00e+00	0.2000	8.33e-15	52
0.480	-1.70e-05	0.0	1.00e-05	-2.00e-02	0.00	0.00e+00	0.2000	8.33e-15	52
0.480	-1.70e-05	0.0	1.00e-05	-1.00e-02	0.00	0.00e+00	0.2000	8.33e-15	52
0.480	-1.70e-05	0.0	1.00e-05	3.47e-18	0.00	0.00e+00	0.2000	8.33e-15	52
0.480	-1.70e-05	0.0	1.00e-05	1.00e-02	0.00	0.00e+00	0.2000	8.33e-15	52
0.480	-1.70e-05	0.0	1.00e-05	2.00e-02	0.00	0.00e+00	0.2000	8.33e-15	52
0.480	-1.70e-05	0.0	1.00e-05	3.00e-02	0.00	0.00e+00	0.2000	8.33e-15	52
0.480	-1.70e-05	0.0	1.00e-05	4.00e-02	0.00	0.00e+00	0.2000	8.33e-15	52
0.470	-1.60e-05	0.0	1.65e-05	-5.00e-02	0.00	0.00e+00	0.2000	8.33e-15	53
0.470	-1.60e-05	0.0	1.65e-05	-4.00e-02	0.00	0.00e+00	0.2000	8.33e-15	53
0.470	-1.60e-05	0.0	1.65e-05	-3.00e-02	0.00	0.00e+00	0.2000	8.33e-15	53
0.470	-1.60e-05	0.0	1.65e-05	-2.00e-02	0.00	0.00e+00	0.2000	8.33e-15	53
0.470	-1.60e-05	0.0	1.65e-05	-1.00e-02	0.00	0.00e+00	0.2000	8.33e-15	53
0.470	-1.60e-05	0.0	1.65e-05	3.47e-18	0.00	0.00e+00	0.2000	8.33e-15	53
0.470	-1.60e-05	0.0	1.65e-05	1.00e-02	0.00	0.00e+00	0.2000	8.33e-15	53
0.470	-1.60e-05	0.0	1.65e-05	2.00e-02	0.00	0.00e+00	0.2000	8.33e-15	53
0.470	-1.60e-05	0.0	1.65e-05	3.00e-02	0.00	0.00e+00	0.2000	8.33e-15	53
0.470	-1.60e-05	0.0	1.65e-05	4.00e-02	0.00	0.00e+00	0.2000	8.33e-15	53
0.460	-1.44e-05	0.0	2.30e-05	-5.00e-02	0.00	0.00e+00	0.2000	8.33e-15	54
0.460	-1.44e-05	0.0	2.30e-05	-4.00e-02	0.00	0.00e+00	0.2000	8.33e-15	54
0.460	-1.44e-05	0.0	2.30e-05	-3.00e-02	0.00	0.00e+00	0.2000	8.33e-15	54
0.460	-1.44e-05	0.0	2.30e-05	-2.00e-02	0.00	0.00e+00	0.2000	8.33e-15	54
0.460	-1.44e-05	0.0	2.30e-05	-1.00e-02	0.00	0.00e+00	0.2000	8.33e-15	54
0.460	-1.44e-05	0.0	2.30e-05	3.47e-18	0.00	0.00e+00	0.2000	8.33e-15	54
0.460	-1.44e-05	0.0	2.30e-05	1.00e-02	0.00	0.00e+00	0.2000	8.33e-15	54
0.460	-1.44e-05	0.0	2.30e-05	2.00e-02	0.00	0.00e+00	0.2000	8.33e-15	54
0.460	-1.44e-05	0.0	2.30e-05	3.00e-02	0.00	0.00e+00	0.2000	8.33e-15	54
0.460	-1.44e-05	0.0	2.30e-05	4.00e-02	0.00	0.00e+00	0.2000	8.33e-15	54
0.450	-1.21e-05	0.0	2.94e-05	-5.00e-02	0.00	0.00e+00	0.2000	8.33e-15	55
0.450	-1.21e-05	0.0	2.94e-05	-4.00e-02	0.00	0.00e+00	0.2000	8.33e-15	55
0.450	-1.21e-05	0.0	2.94e-05	-3.00e-02	0.00	0.00e+00	0.2000	8.33e-15	55
0.450	-1.21e-05	0.0	2.94e-05	-2.00e-02	0.00	0.00e+00	0.2000	8.33e-15	55
0.450	-1.21e-05	0.0	2.94e-05	-1.00e-02	0.00	0.00e+00	0.2000	8.33e-15	55
0.450	-1.21e-05	0.0	2.94e-05	3.47e-18	0.00	0.00e+00	0.2000	8.33e-15	55
0.450	-1.21e-05	0.0	2.94e-05	1.00e-02	0.00	0.00e+00	0.2000	8.33e-15	55
0.450	-1.21e-05	0.0	2.94e-05	2.00e-02	0.00	0.00e+00	0.2000	8.33e-15	55
0.450	-1.21e-05	0.0	2.94e-05	3.00e-02	0.00	0.00e+00	0.2000	8.33e-15	55
0.450	-1.21e-05	0.0	2.94e-05	4.00e-02	0.00	0.00e+00	0.2000	8.33e-15	55
0.440	-9.13e-06	0.0	3.55e-05	-5.00e-02	0.00	0.00e+00	0.2000	8.33e-15	56
0.440	-9.13e-06	0.0	3.55e-05	-4.00e-02	0.00	0.00e+00	0.2000	8.33e-15	56
0.440	-9.13e-06	0.0	3.55e-05	-3.00e-02	0.00	0.00e+00	0.2000	8.33e-15	56
0.440	-9.13e-06	0.0	3.55e-05	-2.00e-02	0.00	0.00e+00	0.2000	8.33e-15	56
0.440	-9.13e-06	0.0	3.55e-05	-1.00e-02	0.00	0.00e+00	0.2000	8.33e-15	56
0.440	-9.13e-06	0.0	3.55e-05	3.47e-18	0.00	0.00e+00	0.2000	8.33e-15	56
0.440	-9.13e-06	0.0	3.55e-05	1.00e-02	0.00	0.00e+00	0.2000	8.33e-15	56
0.440	-9.13e-06	0.0	3.55e-05	2.00e-02	0.00	0.00e+00	0.2000	8.33e-15	56
0.440	-9.13e-06	0.0	3.55e-05	3.00e-02	0.00	0.00e+00	0.2000	8.33e-15	56
0.440	-9.13e-06	0.0	3.55e-05	4.00e-02	0.00	0.00e+00	0.2000	8.33e-15	56
0.430	-5.58e-06	0.0	4.10e-05	-5.00e-02	0.00	0.00e+00	0.2000	8.33e-15	57
0.430	-5.58e-06	0.0	4.10e-05	-4.00e-02	0.00	0.00e+00	0.2000	8.33e-15	57
0.430	-5.58e-06	0.0	4.10e-05	-3.00e-02	0.00	0.00e+00	0.2000	8.33e-15	57
0.430	-5.58e-06	0.0	4.10e-05	-2.00e-02	0.00	0.00e+00	0.2000	8.33e-15	57
0.430	-5.58e-06	0.0	4.10e-05	-1.00e-02	0.00	0.00e+00	0.2000	8.33e-15	57
0.430	-5.58e-06	0.0	4.10e-05	3.47e-18	0.00	0.00e+00	0.2000	8.33e-15	57
0.430	-5.58e-06	0.0	4.10e-05	1.00e-02	0.00	0.00e+00	0.2000	8.33e-15	57
0.430	-5.58e-06	0.0	4.10e-05	2.00e-02	0.00	0.00e+00	0.2000	8.33e-15	57
0.430	-5.58e-06	0.0	4.10e-05	3.00e-02	0.00	0.00e+00	0.2000	8.33e-15	57
0.430	-5.58e-06	0.0	4.10e-05	4.00e-02	0.00	0.00e+00	0.2000	8.33e-15	57
0.420	-1.48e-06	0.0	4.58e-05	-5.00e-02	0.00	0.00e+00	0.2000	8.33e-15	58
0.420	-1.48e-06	0.0	4.58e-05	-4.00e-02	0.00	0.00e+00	0.2000	8.33e-15	58
0.420	-1.48e-06	0.0	4.58e-05	-3.00e-02	0.00	0.00e+00	0.2000	8.33e-15	58
0.420	-1.48e-06	0.0	4.58e-05	-2.00e-02	0.00	0.00e+00	0.2000	8.33e-15	58
0.420	-1.48e-06	0.0	4.58e-05	-1.00e-02	0.00	0.00e+00	0.2000	8.33e-15	58
0.420	-1.48e-06	0.0	4.58e-05	3.47e-18	0.00	0.00e+00	0.2000	8.33e-15	58
0.420	-1.48e-06	0.0	4.58e-05	1.00e-02	0.00	0.00e+00	0.2000	8.33e-15	58
0.420	-1.48e-06	0.0	4.58e-05	2.00e-02	0.00	0.00e+00	0.2000	8.33e-15	58
0.420	-1.48e-06	0.0	4.58e-05	3.00e-02	0.00	0.00e+00	0.2000	8.33e-15	58
0.420	-1.48e-06	0.0	4.58e-05	4.00e-02	0.00	0.00e+00	0.2000	8.33e-15	58
0.410	3.10e-06	0.0	4.96e-05	-5.00e-02	0.00	0.00e+00	0.2000	8.33e-15	59
0.410	3.10e-06	0.0	4.96e-05	-4.00e-02	0.00	0.00e+00	0.2000	8.33e-15	59
0.410	3.10e-06	0.0	4.96e-05	-3.00e-02	0.00	0.00e+00	0.2000	8.33e-15	59
0.410	3.10e-06	0.0	4.96e-05	-2.00e-02	0.00	0.00e+00	0.2000	8.33e-15	59
0.410	3.10e-06	0.0	4.96e-05	-1.00e-02	0.00	0.00e+00	0.2000	8.33e-15	59
0.410	3.10e-06	0.0	4.96e-05	3.47e-18	0.00	0.00e+00	0.2000	8.33e-15	59
0.410	3.10e-06	0.0	4.96e-05	1.00e-02	0.00	0.00e+00	0.2000	8.33e-15	59
0.410	3.10e-06	0.0	4.96e-05	2.00e-02	0.00	0.00e+00	0.2000	8.33e-15	59
0.410	3.10e-06	0.0	4.96e-05	3.00e-02	0.00	0.00e+00	0.2000	8.33e-15	59
0.410	3.10e-06	0.0	4.96e-05	4.00e-02	0.00	0.00e+00	0.2000	8.33e-15	59
0.400	8.06e-06	0.0	5.23e-05	-5.00e-02	0.00	0.00e+00	0.2000	8.33e-15	60
0.400	8.06e-06	0.0	5.23e-05	-4.00e-02	0.00	0.00e+00	0.2000	8.33e-15	60
0.400	8.06e-06	0.0	5.23e-05	-3.00e-02	0.00	0.00e+00	0.2000	8.33e-15	60
0.400	8.06e-06	0.0	5.23e-05	-2.00e-02	0.00	0.00e+00	0.2000	8.33e-15	60
0.400	8.06e-06	0.0	5.23e-05	-1.00e-02	0.00	0.00e+00	0.2000	8.33e-15	60
0.400	8.06e-06	0.0	5.23e-05	3.47e-18	0.00	0.00e+00	0.2000	8.33e-15	60
0.400	8.06e-06	0.0	5.23e-05	1.00e-02	0.00	0.00e+00	0.2000	8.33e-15	60
0.400	8.06e-06	0.0	5.23e-05	2.00e-02	0.00	0.00e+00	0.2000	8.33e-15	60
0.400	8.06e-06	0.0	5.23e-05	3.00e-02	0.00	0.00e+00	0.2000	8.33e-15	60
0.400	8.06e-06	0.0	5.23e-05	4.00e-02	0.00	0.00e+00	0.2000	8.33e-15	60
0.390	1.33e-05	0.0	5.37e-05	-5.00e-02	0.00	0.00e+00	0.2000	8.33e-15	61
0.390	1.33e-05	0.0	5.37e-05	-4.00e-02	0.00	0.00e+00	0.2000	8.33e-15	61
0.390	1.33e-05	0.0	5.37e-05	-3.00e-02	0.00	0.00e+00	0.2000	8.33e-15	61
0.390	1.33e-05	0.0	5.37e-05	-2.00e-02	0.00	0.00e+00	0.2000	8.33e-15	61
0.390	1.33e-05	0.0	5.37e-05	-1.00e-02	0.00	0.00e+00	0.2000	8.33e-15	61
0.390	1.33e-05	0.0	5.37e-05	3.47e-18	0.00	0.00e+00	0.2000	8.33e-15	61
0.390	1.33e-05	0.0	5.37e-05	1.00e-02	0.00	0.00e+00	0.2000	8.33e-15	61
0.390	1.33e-05	0.0	5.37e-05	2.00e-02	0.00	0.00e+00	0.2000	8.33e-15	61
0.390	1.33e-05	0.0	5.37e-05	3.00e-02	0.00	0.00e+00	0.2000	8.33e-15	61
0.390	1.33e-05	0.0	5.37e-05	4.00e-02	0.00	0.00e+00	0.2000	8.33e-15	61
0.380	1.87e-05	0.0	5.36e-05	-5.00e-02	0.00	0.00e+00	0.2000	8.33e-15	62
0.380	1.87e-05	0.0	5.36e-05	-4.00e-02	0.00	0.00e+00	0.2000	8.33e-15	62
0.380	1.87e-05	0.0	5.36e-05	-3.00e-02	0.00	0.00e+00	0.2000	8.33e-15	62
0.380	1.87e-05	0.0	5.36e-05	-2.00e-02	0.00	0.00e+00	0.2000	8.33e-15	62
0.380	1.87e-05	0.0	5.36e-05	-1.00e-02	0.00	0.00e+00	0.2000	8.33e-15	62
0.380	1.87e-05	0.0	5.36e-05	3.47e-18	0.00	0.00e+00	0.2000	8.33e-15	62
0.380	1.87e-05	0.0	5.36e-05	1.00e-02	0.00	0.00e+00	0.2000	8.33e-15	62
0.380	1.87e-05	0.0	5.36e-05	2.00e-02	0.00	0.00e+00	0.2000	8.33e-15	62
0.380	1.87e-05	0.0	5.36e-05	3.00e-02	0.00	0.00e+00	0.2000	8.33e-15	62
0.380	1.87e-05	0.0	5.36e-05	4.00e-02	0.00	0.00e+00	0.2000	8.33e-15	62
0.370	2.40e-05	0.0	5.19e-05	-5.00e-02	0.00	0.00e+00	0.2000	8.33e-15	63
0.370	2.40e-05	0.0	5.19e-05	-4.00e-02	0.00	0.00e+00	0.2000	8.33e-15	63
0.370	2.40e-05	0.0	5.19e-05	-3.00e-02	0.00	0.00e+00	0.2000	8.33e-15	63
0.370	2.40e-05	0.0	5.19e-05	-2.00e-02	0.00	0.00e+00	0.2000	8.33e-15	63
0.370	2.40e-05	0.0	5.19e-05	-1.00e-02	0.00	0.00e+00	0.2000	8.33e-15	63
0.370	2.40e-05	0.0	5.19e-05	3.47e-18	0.00	0.00e+00	0.2000	8.33e-15	63
0.370	2.40e-05	0.0	5.19e-05	1.00e-02	0.00	0.00e+00	0.2000	8.33e-15	63
0.370	2.40e-05	0.0	5.19e-05	2.00e-02	0.00	0.00e+00	0.2000	8.33e-15	63
0.370	2.40e-05	0.0	5.19e-05	3.00e-02	0.00	0.00e+00	0.2000	8.33e-15	63
0.370	2.40e-05	0.0	5.19e-05	4.00e-02	0.00	0.00e+00	0.2000	8.33e-15	63
0.360	2.92e-05	0.0	4.85e-05	-5.00e-02	0.00	0.00e+00	0.2000	8.33e-15	64
0.360	2.92e-05	0.0	4.85e-05	-4.00e-02	0.00	0.00e+00	0.2000	8.33e-15	64
0.360	2.92e-05	0.0	4.85e-05	-3.00e-02	0.00	0.00e+00	0.2000	8.33e-15	64
0.360	2.92e-05	0.0	4.85e-05	-2.00e-02	0.00	0.00e+00	0.2000	8.33e-15	64
0.360	2.92e-05	0.0	4.85e-05	-1.00e-02	0.00	0.00e+00	0.2000	8.33e-15	64
0.360	2.92e-05	0.0	4.85e-05	3.47e-18	0.00	0.00e+00	0.2000	8.33e-15	64
0.360	2.92e-05	0.0	4.85e-05	1.00e-02	0.00	0.00e+00	0.2000	8.33e-15	64
0.360	2.92e-05	0.0	4.85e-05	2.00e-02	0.00	0.00e+00	0.2000	8.33e-15	64
0.360	2.92e-05	0.0	4.85e-05	3.00e-02	0.00	0.00e+00	0.2000	8.33e-15	64
0.360	2.92e-05	0.0	4.85e-05	4.00e-02	0.00	0.00e+00	0.2000	8.33e-15	64
0.350	3.40e-05	0.0	4.35e-05	-5.00e-02	0.00	0.00e+00	0.2000	8.33e-15	65
0.350	3.40e-05	0.0	4.35e-05	-4.00e-02	0.00	0.00e+00	0.2000	8.33e-15	65
0.350	3.40e-05	0.0	4.35e-05	-3.00e-02	0.00	0.00e+00	0.2000	8.33e-15	65
0.350	3.40e-05	0.0	4.35e-05	-2.00e-02	0.00	0.00e+00	0.2000	8.33e-15	65
0.350	3.40e-05	0.0	4.35e-05	-1.00e-02	0.00	0.00e+00	0.2000	8.33e-15	65
0.350	3.40e-05	0.0	4.35e-05	3.47e-18	0.00	0.00e+00	0.2000	8.33e-15	65
0.350	3.40e-05	0.0	4.35e-05	1.00e-02	0.00	0.00e+00	0.2000	8.33e-15	65
0.350	3.40e-05	0.0	4.35e-05	2.00e-02	0.00	0.00e+00	0.2000	8.33e-15	65
0.350	3.40e-05	0.0	4.35e-05	3.00e-02	0.00	0.00e+00	0.2000	8.33e-15	65
0.350	3.40e-05	0.0	4.35e-05	4.00e-02	0.00	0.00e+00	0.2000	8.33e-15	65
0.340	3.84e-05	0.0	3.68e-05	-5.00e-02	0.00	0.00e+00	0.2000	8.33e-15	66
0.340	3.84e-05	0.0	3.68e-05	-4.00e-02	0.00	0.00e+00	0.2000	8.33e-15	66
0.340	3.84e-05	0.0	3.68e-05	-3.00e-02	0.00	0.00e+00	0.2000	8.33e-15	66
0.340	3.84e-05	0.0	3.68e-05	-2.00e-02	0.00	0.00e+00	0.2000	8.33e-15	66
0.340	3.84e-05	0.0	3.68e-05	-1.00e-02	0.00	0.00e+00	0.2000	8.33e-15	66
0.340	3.84e-05	0.0	3.68e-05	3.47e-18	0.00	0.00e+00	0.2000	8.33e-15	66
0.340	3.84e-05	0.0	3.68e-05	1.00e-02	0.00	0.00e+00	0.2000	8.33e-15	66
0.340	3.84e-05	0.0	3.68e-05	2.00e-02	0.00	0.00e+00	0.2000	8.33e-15	66
0.340	3.84e-05	0.0	3.68e-05	3.00e-02	0.00	0.00e+00	0.2000	8.33e-15	66
0.340	3.84e-05	0.0	3.68e-05	4.00e-02	0.00	0.00e+00	0.2000	8.33e-15	66
0.330	4.21e-05	0.0	2.85e-05	-5.00e-02	0.00	0.00e+00	0.2000	8.33e-15	67
0.330	4.21e-05	0.0	2.85e-05	-4.00e-02	0.00	0.00e+00	0.2000	8.33e-15	67
0.330	4.21e-05	0.0	2.85e-05	-3.00e-02	0.00	0.00e+00	0.2000	8.33e-15	67
0.330	4.21e-05	0.0	2.85e-05	-2.00e-02	0.00	0.00e+00	0.2000	8.33e-15	67
0.330	4.21e-05	0.0	2.85e-05	-1.00e-02	0.00	0.00e+00	0.2000	8.33e-15	67
0.330	4.21e-05	0.0	2.85e-05	3.47e-18	0.00	0.00e+00	0.2000	8.33e-15	67
0.330	4.21e-05	0.0	2.85e-05	1.00e-02	0.00	0.00e+00	0.2000	8.33e-15	67
0.330	4.21e-05	0.0	2.85e-05	2.00e-02	0.00	0.00e+00	0.2000	8.33e-15	67
0.330	4.21e-05	0.0	2.85e-05	3.00e-02	0.00	0.00e+00	0.2000	8.33e-15	67
0.330	4.21e-05	0.0	2.85e-05	4.00e-02	0.00	0.00e+00	0.2000	8.33e-15	67
0.320	4.49e-05	0.0	1.88e-05	-5.00e-02	0.00	0.00e+00	0.2000	8.33e-15	68
0.320	4.49e-05	0.0	1.88e-05	-4.00e-02	0.00	0.00e+00	0.2000	8.33e-15	68
0.320	4.49e-05	0.0	1.88e-05	-3.00e-02	0.00	0.00e+00	0.2000	8.33e-15	68
0.320	4.49e-05	0.0	1.88e-05	-2.00e-02	0.00	0.00e+00	0.2000	8.33e-15	68
0.320	4.49e-05	0.0	1.88e-05	-1.00e-02	0.00	0.00e+00	0.2000	8.33e-15	68
0.320	4.49e-05	0.0	1.88e-05	3.47e-18	0.00	0.00e+00	0.2000	8.33e-15	68
0.320	4.49e-05	0.0	1.88e-05	1.00e-02	0.00	0.00e+00	0.2000	8.33e-15	68
0.320	4.49e-05	0.0	1.88e-05	2.00e-02	0.00	0.00e+00	0.2000	8.33e-15	68
0.320	4.49e-05	0.0	1.88e-05	3.00e-02	0.00	0.00e+00	0.2000	8.33e-15	68
0.320	4.49e-05	0.0	1.88e-05	4.00e-02	0.00	0.00e+00	0.2000	8.33e-15	68
0.310	4.68e-05	0.0	7.92e-06	-5.00e-02	0.00	0.00e+00	0.2000	8.33e-15	69
0.310	4.68e-05	0.0	7.92e-06	-4.00e-02	0.00	0.00e+00	0.2000	8.33e-15	69
0.310	4.68e-05	0.0	7.92e-06	-3.00e-02	0.00	0.00e+00	0.2000	8.33e-15	69
0.310	4.68e-05	0.0	7.92e-06	-2.00e-02	0.00	0.00e+00	0.2000	8.33e-15	69
0.310	4.68e-05	0.0	7.92e-06	-1.00e-02	0.00	0.00e+00	0.2000	8.33e-15	69
0.310	4.68e-05	0.0	7.92e-06	3.47e-18	0.00	0.00e+00	0.2000	8.33e-15	69
0.310	4.68e-05	0.0	7.92e-06	1.00e-02	0.00	0.00e+00	0.2000	8.33e-15	69
0.310	4.68e-05	0.0	7.92e-06	2.00e-02	0.00	0.00e+00	0.2000	8.33e-15	69
0.310	4.68e-05	0.0	7.92e-06	3.00e-02	0.00	0.00e+00	0.2000	8.33e-15	69
0.310	4.68e-05	0.0	7.92e-06	4.00e-02	0.00	0.00e+00	0.2000	8.33e-15	69
0.300	4.76e-05	0.0	-3.99e-06	-5.00e-02	0.00	0.00e+00	0.2000	8.33e-15	70
0.300	4.76e-05	0.0	-3.99e-06	-4.00e-02	0.00	0.00e+00	0.2000	8.33e-15	70
0.300	4.76e-05	0.0	-3.99e-06	-3.00e-02	0.00	0.00e+00	0.2000	8.33e-15	70
0.300	4.76e-05	0.0	-3.99e-06	-2.00e-02	0.00	0.00e+00	0.2000	8.33e-15	70
0.300	4.76e-05	0.0	-3.99e-06	-1.00e-02	0.00	0.00e+00	0.2000	8.33e-15	70
0.300	4.76e-05	0.0	-3.99e-06	3.47e-18	0.00	0.00e+00	0.2000	8.33e-15	70
0.300	4.76e-05	0.0	-3.99e-06	1.00e-02	0.00	0.00e+00	0.2000	8.33e-15	70
0.300	4.76e-05	0.0	-3.99e-06	2.00e-02	0.00	0.00e+00	0.2000	8.33e-15	70
0.300	4.76e-05	0.0	-3.99e-06	3.00e-02	0.00	0.00e+00	0.2000	8.33e-15	70
0.300	4.76e-05	0.0	-3.99e-06	4.00e-02	0.00	0.00e+00	0.2000	8.33e-15	70
0.290	4.72e-05	0.0	-1.66e-05	-5.00e-02	0.00	0.00e+00	0.2000	8.33e-15	71
0.290	4.72e-05	0.0	-1.66e-05	-4.00e-02	0.00	0.00e+00	0.2000	8.33e-15	71
0.290	4.72e-05	0.0	-1.66e-05	-3.00e-02	0.00	0.00e+00	0.2000	8.33e-15	71
0.290	4.72e-05	0.0	-1.66e-05	-2.00e-02	0.00	0.00e+00	0.2000	8.33e-15	71
0.290	4.72e-05	0.0	-1.66e-05	-1.00e-02	0.00	0.00e+00	0.2000	8.33e-15	71
0.290	4.72e-05	0.0	-1.66e-05	3.47e-18	0.00	0.00e+00	0.2000	8.33e-15	71
0.290	4.72e-05	0.0	-1.66e-05	1.00e-02	0.00	0.00e+00	0.2000	8.33e-15	71
0.290	4.72e-05	0.0	-1.66e-05	2.00e-02	0.00	0.00e+00	0.2000	8.33e-15	71
0.290	4.72e-05	0.0	-1.66e-05	3.00e-02	0.00	0.00e+00	0.2000	8.33e-15	71
0.290	4.72e-05	0.0	-1.66e-05	4.00e-02	0.00	0.00e+00	0.2000	8.33e-15	71
0.280	4.55e-05	0.0	-2.95e-05	-5.00e-02	0.00	0.00e+00	0.2000	8.33e-15	72
0.280	4.55e-05	0.0	-2.95e-05	-4.00e-02	0.00	0.00e+00	0.2000	8.33e-15	72
0.280	4.55e-05	0.0	-2.95e-05	-3.00e-02	0.00	0.00e+00	0.2000	8.33e-15	72
0.280	4.55e-05	0.0	-2.95e-05	-2.00e-02	0.00	0.00e+00	0.2000	8.33e-15	72
0.280	4.55e-05	0.0	-2.95e-05	-1.00e-02	0.00	0.00e+00	0.2000	8.33e-15	72
0.280	4.55e-05	0.0	-2.95e-05	3.47e-18	0.00	0.00e+00	0.2000	8.33e-15	72
0.280	4.55e-05	0.0	-2.95e-05	1.00e-02	0.00	0.00e+00	0.2000	8.33e-15	72
0.280	4.55e-05	0.0	-2.95e-05	2.00e-02	0.00	0.00e+00	0.2000	8.33e-15	72
0.280	4.55e-05	0.0	-2.95e-05	3.00e-02	0.00	0.00e+00	0.2000	8.33e-15	72
0.280	4.55e-05	0.0	-2.95e-05	4.00e-02	0.00	0.00e+00	0.2000	8.33e-15	72
0.270	4.26e-05	0.0	-4.25e-05	-5.00e-02	0.00	0.00e+00	0.2000	8.33e-15	73
0.270	4.26e-05	0.0	-4.25e-05	-4.00e-02	0.00	0.00e+00	0.2000	8.33e-15	73
0.270	4.26e-05	0.0	-4.25e-05	-3.00e-02	0.00	0.00e+00	0.2000	8.33e-15	73
0.270	4.26e-05	0.0	-4.25e-05	-2.00e-02	0.00	0.00e+00	0.2000	8.33e-15	73
0.270	4.26e-05	0.0	-4.25e-05	-1.00e-02	0.00	0.00e+00	0.2000	8.33e-15	73
0.270	4.26e-05	0.0	-4.25e-05	3.47e-18	0.00	0.00e+00	0.2000	8.33e-15	73
0.270	4.26e-05	0.0	-4.25e-05	1.00e-02	0.00	0.00e+00	0.2000	8.33e-15	73
0.270	4.26e-05	0.0	-4.25e-05	2.00e-02	0.00	0.00e+00	0.2000	8.33e-15	73
0.270	4.26e-05	0.0	-4.25e-05	3.00e-02	0.00	0.00e+00	0.2000	8.33e-15	73
0.270	4.26e-05	0.0	-4.25e-05	4.00e-02	0.00	0.00e+00	0.2000	8.33e-15	73
0.260	3.83e-05	0.0	-5.50e-05	-5.00e-02	0.00	0.00e+00	0.2000	8.33e-15	74
0.260	3.83e-05	0.0	-5.50e-05	-4.00e-02	0.00	0.00e+00	0.2000	8.33e-15	74
0.260	3.83e-05	0.0	-5.50e-05	-3.00e-02	0.00	0.00e+00	0.2000	8.33e-15	74
0.260	3.83e-05	0.0	-5.50e-05	-2.00e-02	0.00	0.00e+00	0.2000	8.33e-15	74
0.260	3.83e-05	0.0	-5.50e-05	-1.00e-02	0.00	0.00e+00	0.2000	8.33e-15	74
0.260	3.83e-05	0.0	-5.50e-05	3.47e-18	0.00	0.00e+00	0.2000	8.33e-15	74
0.260	3.83e-05	0.0	-5.50e-05	1.00e-02	0.00	0.00e+00	0.2000	8.33e-15	74
0.260	3.83e-05	0.0	-5.50e-05	2.00e-02	0.00	0.00e+00	0.2000	8.33e-15	74
0.260	3.83e-05	0.0	-5.50e-05	3.00e-02	0.00	0.00e+00	0.2000	8.33e-15	74
0.260	3.83e-05	0.0	-5.50e-05	4.00e-02	0.00	0.00e+00	0.2000	8.33e-15	74
0.250	3.28e-05	0.0	-6.67e-05	-5.00e-02	0.00	0.00e+00	0.2000	8.33e-15	75
0.250	3.28e-05	0.0	-6.67e-05	-4.00e-02	0.00	0.00e+00	0.2000	8.33e-15	75
0.250	3.28e-05	0.0	-6.67e-05	-3.00e-02	0.00	0.00e+00	0.2000	8.33e-15	75
0.250	3.28e-05	0.0	-6.67e-05	-2.00e-02	0.00	0.00e+00	0.2000	8.33e-15	75
0.250	3.28e-05	0.0	-6.67e-05	-1.00e-02	0.00	0.00e+00	0.2000	8.33e-15	75
0.250	3.28e-05	0.0	-6.67e-05	3.47e-18	0.00	0.00e+00	0.2000	8.33e-15	75
0.250	3.28e-05	0.0	-6.67e-05	1.00e-02	0.00	0.00e+00	0.2000	8.33e-15	75
0.250	3.28e-05	0.0	-6.67e-05	2.00e-02	0.00	0.00e+00	0.2000	8.33e-15	75
0.250	3.28e-05	0.0	-6.67e-05	3.00e-02	0.00	0.00e+00	0.2000	8.33e-15	75
0.250	3.28e-05	0.0	-6.67e-05	4.00e-02	0.00	0.00e+00	0.2000	8.33e-15	75
0.240	2.62e-05	0.0	-7.71e-05	-5.00e-02	0.00	0.00e+00	0.2000	8.33e-15	76
0.240	2.62e-05	0.0	-7.71e-05	-4.00e-02	0.00	0.00e+00	0.2000	8.33e-15	76
0.240	2.62e-05	0.0	-7.71e-05	-3.00e-02	0.00	0.00e+00	0.2000	8.33e-15	76
0.240	2.62e-05	0.0	-7.71e-05	-2.00e-02	0.00	0.00e+00	0.2000	8.33e-15	76
0.240	2.62e-05	0.0	-7.71e-05	-1.00e-02	0.00	0.00e+00	0.2000	8.33e-15	76
0.240	2.62e-05	0.0	-7.71e-05	3.47e-18	0.00	0.00e+00	0.2000	8.33e-15	76
0.240	2.62e-05	0.0	-7.71e-05	1.00e-02	0.00	0.00e+00	0.2000	8.33e-15	76
0.240	2.62e-05	0.0	-7.71e-05	2.00e-02	0.00	0.00e+00	0.2000	8.33e-15	76
0.240	2.62e-05	0.0	-7.71e-05	3.00e-02	0.00	0.00e+00	0.2000	8.33e-15	76
0.240	2.62e-05	0.0	-7.71e-05	4.00e-02	0.00	0.00e+00	0.2000	8.33e-15	76
0.230	1.85e-05	0.0	-8.59e-05	-5.00e-02	0.00	0.00e+00	0.2000	8.33e-15	77
0.230	1.85e-05	0.0	-8.59e-05	-4.00e-02	0.00	0.00e+00	0.2000	8.33e-15	77
0.230	1.85e-05	0.0	-8.59e-05	-3.00e-02	0.00	0.00e+00	0.2000	8.33e-15	77
0.230	1.85e-05	0.0	-8.59e-05	-2.00e-02	0.00	0.00e+00	0.2000	8.33e-15	77
0.230	1.85e-05	0.0	-8.59e-05	-1.00e-02	0.00	0.00e+00	0.2000	8.33e-15	77
0.230	1.85e-05	0.0	-8.59e-05	3.47e-18	0.00	0.00e+00	0.2000	8.33e-15	77
0.230	1.85e-05	0.0	-8.59e-05	1.00e-02	0.00	0.00e+00	0.2000	8.33e-15	77
0.230	1.85e-05	0.0	-8.59e-05	2.00e-02	0.00	0.00e+00	0.2000	8.33e-15	77
0.230	1.85e-05	0.0	-8.59e-05	3.00e-02	0.00	0.00e+00	0.2000	8.33e-15	77
0.230	1.85e-05	0.0	-8.59e-05	4.00e-02	0.00	0.00e+00	0.2000	8.33e-15	77
0.220	9.86e-06	0.0	-9.27e-05	-5.00e-02	0.00	0.00e+00	0.2000	8.33e-15	78
0.220	9.86e-06	0.0	-9.27e-05	-4.00e-02	0.00	0.00e+00	0.2000	8.33e-15	78
0.220	9.86e-06	0.0	-9.27e-05	-3.00e-02	0.00	0.00e+00	0.2000	8.33e-15	78
0.220	9.86e-06	0.0	-9.27e-05	-2.00e-02	0.00	0.00e+00	0.2000	8.33e-15	78
0.220	9.86e-06	0.0	-9.27e-05	-1.00e-02	0.00	0.00e+00	0.2000	8.33e-15	78
0.220	9.86e-06	0.0	-9.27e-05	3.47e-18	0.00	0.00e+00	0.2000	8.33e-15	78
0.220	9.86e-06	0.0	-9.27e-05	1.00e-02	0.00	0.00e+00	0.2000	8.33e-15	78
0.220	9.86e-06	0.0	-9.27e-05	2.00e-02	0.00	0.00e+00	0.2000	8.33e-15	78
0.220	9.86e-06	0.0	-9.27e-05	3.00e-02	0.00	0.00e+00	0.2000	8.33e-15	78
0.220	9.86e-06	0.0	-9.27e-05	4.00e-02	0.00	0.00e+00	0.2000	8.33e-15	78
0.210	5.90e-07	0.0	-9.71e-05	-5.00e-02	0.00	0.00e+00	0.2000	8.33e-15	79
0.210	5.90e-07	0.0	-9.71e-05	-4.00e-02	0.00	0.00e+00	0.2000	8.33e-15	79
0.210	5.90e-07	0.0	-9.71e-05	-3.00e-02	0.00	0.00e+00	0.2000	8.33e-15	79
0.210	5.90e-07	0.0	-9.71e-05	-2.00e-02	0.00	0.00e+00	0.2000	8.33e-15	79
0.210	5.90e-07	0.0	-9.71e-05	-1.00e-02	0.00	0.00e+00	0.2000	8.33e-15	79
0.210	5.90e-07	0.0	-9.71e-05	3.47e-18	0.00	0.00e+00	0.2000	8.33e-15	79
0.210	5.90e-07	0.0	-9.71e-05	1.00e-02	0.00	0.00e+00	0.2000	8.33e-15	79
0.210	5.90e-07	0.0	-9.71e-05	2.00e-02	0.00	0.00e+00	0.2000	8.33e-15	79
0.210	5.90e-07	0.0	-9.71e-05	3.00e-02	0.00	0.00e+00	0.2000	8.33e-15	79
0.210	5.90e-07	0.0	-9.71e-05	4.00e-02	0.00	0.00e+00	0.2000	8.33e-15	79
0.200	-9.12e-06	0.0	-9.89e-05	-5.00e-02	0.00	0.00e+00	0.2000	8.33e-15	80
0.200	-9.12e-06	0.0	-9.89e-05	-4.00e-02	0.00	0.00e+00	0.2000	8.33e-15	80
0.200	-9.12e-06	0.0	-9.89e-05	-3.00e-02	0.00	0.00e+00	0.2000	8.33e-15	80
0.200	-9.12e-06	0.0	-9.89e-05	-2.00e-02	0.00	0.00e+00	0.2000	8.33e-15	80
0.200	-9.12e-06	0.0	-9.89e-05	-1.00e-02	0.00	0.00e+00	0.2000	8.33e-15	80
0.200	-9.12e-06	0.0	-9.89e-05	3.47e-18	0.00	0.00e+00	0.2000	8.33e-15	80
0.200	-9.12e-06	0.0	-9.89e-05	1.00e-02	0.00	0.00e+00	0.2000	8.33e-15	80
0.200	-9.12e-06	0.0	-9.89e-05	2.00e-02	0.00	0.00e+00	0.2000	8.33e-15	80
0.200	-9.12e-06	0.0	-9.89e-05	3.00e-02	0.00	0.00e+00	0.2000	8.33e-15	80
0.200	-9.12e-06	0.0	-9.89e-05	4.00e-02	0.00	0.00e+00	0.2000	8.33e-15	80
0.190	-1.90e-05	0.0	-9.78e-05	-5.00e-02	0.00	0.00e+00	0.2000	8.33e-15	81
0.190	-1.90e-05	0.0	-9.78e-05	-4.00e-02	0.00	0.00e+00	0.2000	8.33e-15	81
0.190	-1.90e-05	0.0	-9.78e-05	-3.00e-02	0.00	0.00e+00	0.2000	8.33e-15	81
0.190	-1.90e-05	0.0	-9.78e-05	-2.00e-02	0.00	0.00e+00	0.2000	8.33e-15	81
0.190	-1.90e-05	0.0	-9.78e-05	-1.00e-02	0.00	0.00e+00	0.2000	8.33e-15	81
0.190	-1.90e-05	0.0	-9.78e-05	3.47e-18	0.00	0.00e+00	0.2000	8.33e-15	81
0.190	-1.90e-05	0.0	-9.78e-05	1.00e-02	0.00	0.00e+00	0.2000	8.33e-15	81
0.190	-1.90e-05	0.0	-9.78e-05	2.00e-02	0.00	0.00e+00	0.2000	8.33e-15	81
0.190	-1.90e-05	0.0	-9.78e-05	3.00e-02	0.00	0.00e+00	0.2000	8.33e-15	81
0.190	-1.90e-05	0.0	-9.78e-05	4.00e-02	0.00	0.00e+00	0.2000	8.33e-15	81
0.180	-2.88e-05	0.0	-9.37e-05	-5.00e-02	0.00	0.00e+00	0.2000	8.33e-15	82
0.180	-2.88e-05	0.0	-9.37e-05	-4.00e-02	0.00	0.00e+00	0.2000	8.33e-15	82
0.180	-2.88e-05	0.0	-9.37e-05	-3.00e-02	0.00	0.00e+00	0.2000	8.33e-15	82
0.180	-2.88e-05	0.0	-9.37e-05	-2.00e-02	0.00	0.00e+00	0.2000	8.33e-15	82
0.180	-2.88e-05	0.0	-9.37e-05	-1.00e-02	0.00	0.00e+00	0.2000	8.33e-15	82
0.180	-2.88e-05	0.0	-9.37e-05	3.47e-18	0.00	0.00e+00	0.2000	8.33e-15	82
0.180	-2.88e-05	0.0	-9.37e-05	1.00e-02	0.00	0.00e+00	0.2000	8.33e-15	82
0.180	-2.88e-05	0.0	-9.37e-05	2.00e-02	0.00	0.00e+00	0.2000	8.33e-15	82
0.180	-2.88e-05	0.0	-9.37e-05	3.00e-02	0.00	0.00e+00	0.2000	8.33e-15	82
0.180	-2.88e-05	0.0	-9.37e-05	4.00e-02	0.00	0.00e+00	0.2000	8.33e-15	82
0.170	-3.82e-05	0.0	-8.66e-05	-5.00e-02	0.00	0.00e+00	0.2000	8.33e-15	83
0.170	-3.82e-05	0.0	-8.66e-05	-4.00e-02	0.00	0.00e+00	0.2000	8.33e-15	83
0.170	-3.82e-05	0.0	-8.66e-05	-3.00e-02	0.00	0.00e+00	0.2000	8.33e-15	83
0.170	-3.82e-05	0.0	-8.66e-05	-2.00e-02	0.00	0.00e+00	0.2000	8.33e-15	83
0.170	-3.82e-05	0.0	-8.66e-05	-1.00e-02	0.00	0.00e+00	0.2000	8.33e-15	83
0.170	-3.82e-05	0.0	-8.66e-05	3.47e-18	0.00	0.00e+00	0.2000	8.33e-15	83
0.170	-3.82e-05	0.0	-8.66e-05	1.00e-02	0.00	0.00e+00	0.2000	8.33e-15	83
0.170	-3.82e-05	0.0	-8.66e-05	2.00e-02	0.00	0.00e+00	0.2000	8.33e-15	83
0.170	-3.82e-05	0.0	-8.66e-05	3.00e-02	0.00	0.00e+00	0.2000	8.33e-15	83
0.170	-3.82e-05	0.0	-8.66e-05	4.00e-02	0.00	0.00e+00	0.2000	8.33e-15	83
0.160	-4.68e-05	0.0	-7.64e-05	-5.00e-02	0.00	0.00e+00	0.2000	8.33e-15	84
0.160	-4.68e-05	0.0	-7.64e-05	-4.00e-02	0.00	0.00e+00	0.2000	8.33e-15	84
0.160	-4.68e-05	0.0	-7.64e-05	-3.00e-02	0.00	0.00e+00	0.2000	8.33e-15	84
0.160	-4.68e-05	0.0	-7.64e-05	-2.00e-02	0.00	0.00e+00	0.2000	8.33e-15	84
0.160	-4.68e-05	0.0	-7.64e-05	-1.00e-02	0.00	0.00e+00	0.2000	8.33e-15	84
0.160	-4.68e-05	0.0	-7.64e-05	3.47e-18	0.00	0.00e+00	0.2000	8.33e-15	84
0.160	-4.68e-05	0.0	-7.64e-05	1.00e-02	0.00	0.00e+00	0.2000	8.33e-15	84
0.160	-4.68e-05	0.0	-7.64e-05	2.00e-02	0.00	0.00e+00	0.2000	8.33e-15	84
0.160	-4.68e-05	0.0	-7.64e-05	3.00e-02	0.00	0.00e+00	0.2000	8.33e-15	84
0.160	-4.68e-05	0.0	-7.64e-05	4.00e-02	0.00	0.00e+00	0.2000	8.33e-15	84
0.150	-5.45e-05	0.0	-6.33e-05	-5.00e-02	0.00	0.00e+00	0.2000	8.33e-15	85
0.150	-5.45e-05	0.0	-6.33e-05	-4.00e-02	0.00	0.00e+00	0.2000	8.33e-15	85
0.150	-5.45e-05	0.0	-6.33e-05	-3.00e-02	0.00	0.00e+00	0.2000	8.33e-15	85
0.150	-5.45e-05	0.0	-6.33e-05	-2.00e-02	0.00	0.00e+00	0.2000	8.33e-15	85
0.150	-5.45e-05	0.0	-6.33e-05	-1.00e-02	0.00	0.00e+00	0.2000	8.33e-15	85
0.150	-5.45e-05	0.0	-6.33e-05	3.47e-18	0.00	0.00e+00	0.2000	8.33e-15	85
0.150	-5.45e-05	0.0	-6.33e-05	1.00e-02	0.00	0.00e+00	0.2000	8.33e-15	85
0.150	-5.45e-05	0.0	-6.33e-05	2.00e-02	0.00	0.00e+00	0.2000	8.33e-15	85
0.150	-5.45e-05	0.0	-6.33e-05	3.00e-02	0.00	0.00e+00	0.2000	8.33e-15	85
0.150	-5.45e-05	0.0	-6.33e-05	4.00e-02	0.00	0.00e+00	0.2000	8.33e-15	85
0.140	-6.08e-05	0.0	-4.75e-05	-5.00e-02	0.00	0.00e+00	0.2000	8.33e-15	86
0.140	-6.08e-05	0.0	-4.75e-05	-4.00e-02	0.00	0.00e+00	0.2000	8.33e-15	86
0.140	-6.08e-05	0.0	-4.75e-05	-3.00e-02	0.00	0.00e+00	0.2000	8.33e-15	86
0.140	-6.08e-05	0.0	-4.75e-05	-2.00e-02	0.00	0.00e+00	0.2000	8.33e-15	86
0.140	-6.08e-05	0.0	-4.75e-05	-1.00e-02	0.00	0.00e+00	0.2000	8.33e-15	86
0.140	-6.08e-05	0.0	-4.75e-05	3.47e-18	0.00	0.00e+00	0.2000	8.33e-15	86
0.140	-6.08e-05	0.0	-4.75e-05	1.00e-02	0.00	0.00e+00	0.2000	8.33e-15	86
0.140	-6.08e-05	0.0	-4.75e-05	2.00e-02	0.00	0.00e+00	0.2000	8.33e-15	86
0.140	-6.08e-05	0.0	-4.75e-05	3.00e-02	0.00	0.00e+00	0.2000	8.33e-15	86
0.140	-6.08e-05	0.0	-4.75e-05	4.00e-02	0.00	0.00e+00	0.2000	8.33e-15	86
0.130	-6.56e-05	0.0	-2.94e-05	-5.00e-02	0.00	0.00e+00	0.2000	8.33e-15	87
0.130	-6.56e-05	0.0	-2.94e-05	-4.00e-02	0.00	0.00e+00	0.2000	8.33e-15	87
0.130	-6.56e-05	0.0	-2.94e-05	-3.00e-02	0.00	0.00e+00	0.2000	8.33e-15	87
0.130	-6.56e-05	0.0	-2.94e-05	-2.00e-02	0.00	0.00e+00	0.2000	8.33e-15	87
0.130	-6.56e-05	0.0	-2.94e-05	-1.00e-02	0.00	0.00e+00	0.2000	8.33e-15	87
0.130	-6.56e-05	0.0	-2.94e-05	3.47e-18	0.00	0.00e+00	0.2000	8.33e-15	87
0.130	-6.56e-05	0.0	-2.94e-05	1.00e-02	0.00	0.00e+00	0.2000	8.33e-15	87
0.130	-6.56e-05	0.0	-2.94e-05	2.00e-02	0.00	0.00e+00	0.2000	8.33e-15	87
0.130	-6.56e-05	0.0	-2.94e-05	3.00e-02	0.00	0.00e+00	0.2000	8.33e-15	87
0.130	-6.56e-05	0.0	-2.94e-05	4.00e-02	0.00	0.00e+00	0.2000	8.33e-15	87
0.120	-6.85e-05	0.0	-9.42e-06	-5.00e-02	0.00	0.00e+00	0.2000	8.33e-15	88
0.120	-6.85e-05	0.0	-9.42e-06	-4.00e-02	0.00	0.00e+00	0.2000	8.33e-15	88
0.120	-6.85e-05	0.0	-9.42e-06	-3.00e-02	0.00	0.00e+00	0.2000	8.33e-15	88
0.120	-6.85e-05	0.0	-9.42e-06	-2.00e-02	0.00	0.00e+00	0.2000	8.33e-15	88
0.120	-6.85e-05	0.0	-9.42e-06	-1.00e-02	0.00	0.00e+00	0.2000	8.33e-15	88
0.120	-6.85e-05	0.0	-9.42e-06	3.47e-18	0.00	0.00e+00	0.2000	8.33e-15	88
0.120	-6.85e-05	0.0	-9.42e-06	1.00e-02	0.00	0.00e+00	0.2000	8.33e-15	88
0.120	-6.85e-05	0.0	-9.42e-06	2.00e-02	0.00	0.00e+00	0.2000	8.33e-15	88
0.120	-6.85e-05	0.0	-9.42e-06	3.00e-02	0.00	0.00e+00	0.2000	8.33e-15	88
0.120	-6.85e-05	0.0	-9.42e-06	4.00e-02	0.00	0.00e+00	0.2000	8.33e-15	88
0.110	-6.94e-05	0.0	1.20e-05	-5.00e-02	0.00	0.00e+00	0.2000	8.33e-15	89
0.110	-6.94e-05	0.0	1.20e-05	-4.00e-02	0.00	0.00e+00	0.2000	8.33e-15	89
0.110	-6.94e-05	0.0	1.20e-05	-3.00e-02	0.00	0.00e+00	0.2000	8.33e-15	89
0.110	-6.94e-05	0.0	1.20e-05	-2.00e-02	0.00	0.00e+00	0.2000	8.33e-15	89
0.110	-6.94e-05	0.0	1.20e-05	-1.00e-02	0.00	0.00e+00	0.2000	8.33e-15	89
0.110	-6.94e-05	0.0	1.20e-05	3.47e-18	0.00	0.00e+00	0.2000	8.33e-15	89
0.110	-6.94e-05	0.0	1.20e-05	1.00e-02	0.00	0.00e+00	0.2000	8.33e-15	89
0.110	-6.94e-05	0.0	1.20e-05	2.00e-02	0.00	0.00e+00	0.2000	8.33e-15	89
0.110	-6.94e-05	0.0	1.20e-05	3.00e-02	0.00	0.00e+00	0.2000	8.33e-15	89
0.110	-6.94e-05	0.0	1.20e-05	4.00e-02	0.00	0.00e+00	0.2000	8.33e-15	89
0.100	-6.82e-05	0.0	3.43e-05	-5.00e-02	0.00	0.00e+00	0.2000	8.33e-15	90
0.100	-6.82e-05	0.0	3.43e-05	-4.00e-02	0.00	0.00e+00	0.2000	8.33e-15	90
0.100	-6.82e-05	0.0	3.43e-05	-3.00e-02	0.00	0.00e+00	0.2000	8.33e-15	90
0.100	-6.82e-05	0.0	3.43e-05	-2.00e-02	0.00	0.00e+00	0.2000	8.33e-15	90
0.100	-6.82e-05	0.0	3.43e-05	-1.00e-02	0.00	0.00e+00	0.2000	8.33e-15	90
0.100	-6.82e-05	0.0	3.43e-05	3.47e-18	0.00	0.00e+00	0.2000	8.33e-15	90
0.100	-6.82e-05	0.0	3.43e-05	1.00e-02	0.00	0.00e+00	0.2000	8.33e-15	90
0.100	-6.82e-05	0.0	3.43e-05	2.00e-02	0.00	0.00e+00	0.2000	8.33e-15	90
0.100	-6.82e-05	0.0	3.43e-05	3.00e-02	0.00	0.00e+00	0.2000	8.33e-15	90
0.100	-6.82e-05	0.0	3.43e-05	4.00e-02	0.00	0.00e+00	0.2000	8.33e-15	90
0.090	-6.48e-05	0.0	5.68e-05	-5.00e-02	0.00	0.00e+00	0.2000	8.33e-15	91
0.090	-6.48e-05	0.0	5.68e-05	-4.00e-02	0.00	0.00e+00	0.2000	8.33e-15	91
0.090	-6.48e-05	0.0	5.68e-05	-3.00e-02	0.00	0.00e+00	0.2000	8.33e-15	91
0.090	-6.48e-05	0.0	5.68e-05	-2.00e-02	0.00	0.00e+00	0.2000	8.33e-15	91
0.090	-6.48e-05	0.0	5.68e-05	-1.00e-02	0.00	0.00e+00	0.2000	8.33e-15	91
0.090	-6.48e-05	0.0	5.68e-05	3.47e-18	0.00	0.00e+00	0.2000	8.33e-15	91
0.090	-6.48e-05	0.0	5.68e-05	1.00e-02	0.00	0.00e+00	0.2000	8.33e-15	91
0.090	-6.48e-05	0.0	5.68e-05	2.00e-02	0.00	0.00e+00	0.2000	8.33e-15	91
0.090	-6.48e-05	0.0	5.68e-05	3.00e-02	0.00	0.00e+00	0.2000	8.33e-15	91
0.090	-6.48e-05	0.0	5.68e-05	4.00e-02	0.00	0.00e+00	0.2000	8.33e-15	91
0.080	-5.91e-05	0.0	7.88e-05	-5.00e-02	0.00	0.00e+00	0.2000	8.33e-15	92
0.080	-5.91e-05	0.0	7.88e-05	-4.00e-02	0.00	0.00e+00	0.2000	8.33e-15	92
0.080	-5.91e-05	0.0	7.88e-05	-3.00e-02	0.00	0.00e+00	0.2000	8.33e-15	92
0.080	-5.91e-05	0.0	7.88e-05	-2.00e-02	0.00	0.00e+00	0.2000	8.33e-15	92
0.080	-5.91e-05	0.0	7.88e-05	-1.00e-02	0.00	0.00e+00	0.2000	8.33e-15	92
0.080	-5.91e-05	0.0	7.88e-05	3.47e-18	0.00	0.00e+00	0.2000	8.33e-15	92
0.080	-5.91e-05	0.0	7.88e-05	1.00e-02	0.00	0.00e+00	0.2000	8.33e-15	92
0.080	-5.91e-05	0.0	7.88e-05	2.00e-02	0.00	0.00e+00	0.2000	8.33e-15	92
0.080	-5.91e-05	0.0	7.88e-05	3.00e-02	0.00	0.00e+00	0.2000	8.33e-15	92
0.080	-5.91e-05	0.0	7.88e-05	4.00e-02	0.00	0.00e+00	0.2000	8.33e-15	92
0.070	-5.12e-05	0.0	9.96e-05	-5.00e-02	0.00	0.00e+00	0.2000	8.33e-15	93
0.070	-5.12e-05	0.0	9.96e-05	-4.00e-02	0.00	0.00e+00	0.2000	8.33e-15	93
0.070	-5.12e-05	0.0	9.96e-05	-3.00e-02	0.00	0.00e+00	0.2000	8.33e-15	93
0.070	-5.12e-05	0.0	9.96e-05	-2.00e-02	0.00	0.00e+00	0.2000	8.33e-15	93
0.070	-5.12e-05	0.0	9.96e-05	-1.00e-02	0.00	0.00e+00	0.2000	8.33e-15	93
0.070	-5.12e-05	0.0	9.96e-05	3.47e-18	0.00	0.00e+00	0.2000	8.33e-15	93
0.070	-5.12e-05	0.0	9.96e-05	1.00e-02	0.00	0.00e+00	0.2000	8.33e-15	93
0.070	-5.12e-05	0.0	9.96e-05	2.00e-02	0.00	0.00e+00	0.2000	8.33e-15	93
0.070	-5.12e-05	0.0	9.96e-05	3.00e-02	0.00	0.00e+00	0.2000	8.33e-15	93
0.070	-5.12e-05	0.0	9.96e-05	4.00e-02	0.00	0.00e+00	0.2000	8.33e-15	93
0.060	-4.13e-05	0.0	1.19e-04	-5.00e-02	0.00	0.00e+00	0.2000	8.33e-15	94
0.060	-4.13e-05	0.0	1.19e-04	-4.00e-02	0.00	0.00e+00	0.2000	8.33e-15	94
0.060	-4.13e-05	0.0	1.19e-04	-3.00e-02	0.00	0.00e+00	0.2000	8.33e-15	94
0.060	-4.13e-05	0.0	1.19e-04	-2.00e-02	0.00	0.00e+00	0.2000	8.33e-15	94
0.060	-4.13e-05	0.0	1.19e-04	-1.00e-02	0.00	0.00e+00	0.2000	8.33e-15	94
0.060	-4.13e-05	0.0	1.19e-04	3.47e-18	0.00	0.00e+00	0.2000	8.33e-15	94
0.060	-4.13e-05	0.0	1.19e-04	1.00e-02	0.00	0.00e+00	0.2000	8.33e-15	94
0.060	-4.13e-05	0.0	1.19e-04	2.00e-02	0.00	0.00e+00	0.2000	8.33e-15	94
0.060	-4.13e-05	0.0	1.19e-04	3.00e-02	0.00	0.00e+00	0.2000	8.33e-15	94
0.060	-4.13e-05	0.0	1.19e-04	4.00e-02	0.00	0.00e+00	0.2000	8.33e-15	94
0.050	-2.94e-05	0.0	1.35e-04	-5.00e-02	0.00	0.00e+00	0.2000	8.33e-15	95
0.050	-2.94e-05	0.0	1.35e-04	-4.00e-02	0.00	0.00e+00	0.2000	8.33e-15	95
0.050	-2.94e-05	0.0	1.35e-04	-3.00e-02	0.00	0.00e+00	0.2000	8.33e-15	95
0.050	-2.94e-05	0.0	1.35e-04	-2.00e-02	0.00	0.00e+00	0.2000	8.33e-15	95
0.050	-2.94e-05	0.0	1.35e-04	-1.00e-02	0.00	0.00e+00	0.2000	8.33e-15	95
0.050	-2.94e-05	0.0	1.35e-04	3.47e-18	0.00	0.00e+00	0.2000	8.33e-15	95
0.050	-2.94e-05	0.0	1.35e-04	1.00e-02	0.00	0.00e+00	0.2000	8.33e-15	95
0.050	-2.94e-05	0.0	1.35e-04	2.00e-02	0.00	0.00e+00	0.2000	8.33e-15	95
0.050	-2.94e-05	0.0	1.35e-04	3.00e-02	0.00	0.00e+00	0.2000	8.33e-15	95
0.050	-2.94e-05	0.0	1.35e-04	4.00e-02	0.00	0.00e+00	0.2000	8.33e-15	95
0.040	-1.59e-05	0.0	1.48e-04	-5.00e-02	0.00	0.00e+00	0.2000	8.33e-15	96
0.040	-1.59e-05	0.0	1.48e-04	-4.00e-02	0.00	0.00e+00	0.2000	8.33e-15	96
0.040	-1.59e-05	0.0	1.48e-04	-3.00e-02	0.00	0.00e+00	0.2000	8.33e-15	96
0.040	-1.59e-05	0.0	1.48e-04	-2.00e-02	0.00	0.00e+00	0.2000	8.33e-15	96
0.040	-1.59e-05	0.0	1.48e-04	-1.00e-02	0.00	0.00e+00	0.2000	8.33e-15	96
0.040	-1.59e-05	0.0	1.48e-04	3.47e-18	0.00	0.00e+00	0.2000	8.33e-15	96
0.040	-1.59e-05	0.0	1.48e-04	1.00e-02	0.00	0.00e+00	0.2000	8.33e-15	96
0.040	-1.59e-05	0.0	1.48e-04	2.00e-02	0.00	0.00e+00	0.2000	8.33e-15	96
0.040	-1.59e-05	0.0	1.48e-04	3.00e-02	0.00	0.00e+00	0.2000	8.33e-15	96
0.040	-1.59e-05	0.0	1.48e-04	4.00e-02	0.00	0.00e+00	0.2000	8.33e-15	96
0.030	-1.14e-06	0.0	1.57e-04	-5.00e-02	0.00	0.00e+00	0.2000	8.33e-15	97
0.030	-1.14e-06	0.0	1.57e-04	-4.00e-02	0.00	0.00e+00	0.2000	8.33e-15	97
0.030	-1.14e-06	0.0	1.57e-04	-3.00e-02	0.00	0.00e+00	0.2000	8.33e-15	97
0.030	-1.14e-06	0.0	1.57e-04	-2.00e-02	0.00	0.00e+00	0.2000	8.33e-15	97
0.030	-1.14e-06	0.0	1.57e-04	-1.00e-02	0.00	0.00e+00	0.2000	8.33e-15	97
0.030	-1.14e-06	0.0	1.57e-04	3.47e-18	0.00	0.00e+00	0.2000	8.33e-15	97
0.030	-1.14e-06	0.0	1.57e-04	1.00e-02	0.00	0.00e+00	0.2000	8.33e-15	97
0.030	-1.14e-06	0.0	1.57e-04	2.00e-02	0.00	0.00e+00	0.2000	8.33e-15	97
0.030	-1.14e-06	0.0	1.57e-04	3.00e-02	0.00	0.00e+00	0.2000	8.33e-15	97
0.030	-1.14e-06	0.0	1.57e-04	4.00e-02	0.00	0.00e+00	0.2000	8.33e-15	97
0.020	1.46e-05	0.0	1.63e-04	-5.00e-02	0.00	0.00e+00	0.2000	8.33e-15	98
0.020	1.46e-05	0.0	1.63e-04	-4.00e-02	0.00	0.00e+00	0.2000	8.33e-15	98
0.020	1.46e-05	0.0	1.63e-04	-3.00e-02	0.00	0.00e+00	0.2000	8.33e-15	98
0.020	1.46e-05	0.0	1.63e-04	-2.00e-02	0.00	0.00e+00	0.2000	8.33e-15	98
0.020	1.46e-05	0.0	1.63e-04	-1.00e-02	0.00	0.00e+00	0.2000	8.33e-15	98
0.020	1.46e-05	0.0	1.63e-04	3.47e-18	0.00	0.00e+00	0.2000	8.33e-15	98
0.020	1.46e-05	0.0	1.63e-04	1.00e-02	0.00	0.00e+00	0.2000	8.33e-15	98
0.020	1.46e-05	0.0	1.63e-04	2.00e-02	0.00	0.00e+00	0.2000	8.33e-15	98
0.020	1.46e-05	0.0	1.63e-04	3.00e-02	0.00	0.00e+00	0.2000	8.33e-15	98
0.020	1.46e-05	0.0	1.63e-04	4.00e-02	0.00	0.00e+00	0.2000	8.33e-15	98
0.010	3.09e-05	0.0	1.65e-04	-5.00e-02	0.00	0.00e+00	0.2000	8.33e-15	99
0.010	3.09e-05	0.0	1.65e-04	-4.00e-02	0.00	0.00e+00	0.2000	8.33e-15	99
0.010	3.09e-05	0.0	1.65e-04	-3.00e-02	0.00	0.00e+00	0.2000	8.33e-15	99
0.010	3.09e-05	0.0	1.65e-04	-2.00e-02	0.00	0.00e+00	0.2000	8.33e-15	99
0.010	3.09e-05	0.0	1.65e-04	-1.00e-02	0.00	0.00e+00	0.2000	8.33e-15	99
0.010	3.09e-05	0.0	1.65e-04	3.47e-18	0.00	0.00e+00	0.2000	8.33e-15	99
0.010	3.09e-05	0.0	1.65e-04	1.00e-02	0.00	0.00e+00	0.2000	8.33e-15	99
0.010	3.09e-05	0.0	1.65e-04	2.00e-02	0.00	0.00e+00	0.2000	8.33e-15	99
0.010	3.09e-05	0.0	1.65e-04	3.00e-02	0.00	0.00e+00	0.2000	8.33e-15	99
0.010	3.09e-05	0.0	1.65e-04	4.00e-02	0.00	0.00e+00	0.2000	8.33e-15	99
