1.000	0.00e+00	0.0	0.00e+00	-5.00e-04	0.00	-6.63e+00	4.7808	8.33e-17	0
0.981	-1.78e-02	0.0	-2.33e-10	-5.00e-04	0.00	-0.00e+00	4.7808	8.33e-17	19
0.962	-3.66e-02	0.0	-2.34e-10	-5.00e-04	0.00	-0.00e+00	4.7808	8.33e-17	38
0.943	-5.57e-02	0.0	-2.36e-10	-5.00e-04	0.00	-0.00e+00	4.7808	8.33e-17	57
0.924	-7.48e-02	0.0	-2.38e-10	-5.00e-04	0.00	-0.00e+00	4.7808	8.33e-17	76
0.905	-9.41e-02	0.0	-2.40e-10	-5.00e-04	0.00	-0.00e+00	4.7808	8.33e-17	95
0.886	-1.14e-01	0.0	-2.41e-10	-5.00e-04	0.00	-0.00e+00	4.7808	8.33e-17	114
0.867	-1.33e-01	0.0	-2.43e-10	-5.00e-04	0.00	-0.00e+00	4.7808	8.33e-17	133
0.848	-1.53e-01	0.0	-2.45e-10	-5.00e-04	0.00	-0.00e+00	4.7808	8.33e-17	152
0.829	-1.73e-01	0.0	-2.47e-10	-5.00e-04	0.00	-0.00e+00	4.7808	8.33e-17	171
0.810	-1.93e-01	0.0	-2.48e-10	-5.00e-04	0.00	-0.00e+00	4.7808	8.33e-17	190
0.791	-2.13e-01	0.0	-2.50e-10	-5.00e-04	0.00	-0.00e+00	4.7808	8.33e-17	209
0.772	-2.33e-01	0.0	-2.52e-10	-5.00e-04	0.00	-0.00e+00	4.7808	8.33e-17	228
0.753	-2.54e-01	0.0	-2.54e-10	-5.00e-04	0.00	-0.00e+00	4.7808	8.33e-17	247
0.734	-2.74e-01	0.0	-2.55e-10	-5.00e-04	0.00	-0.00e+00	4.7808	8.33e-17	266
0.715	-2.95e-01	0.0	-2.57e-10	-5.00e-04	0.00	-0.00e+00	4.7808	8.33e-17	285
0.696	-3.16e-01	0.0	-2.59e-10	-5.00e-04	0.00	-0.00e+00	4.7808	8.33e-17	304
0.677	-3.37e-01	0.0	-2.61e-10	-5.00e-04	0.00	-0.00e+00	4.7808	8.33e-17	323
0.658	-3.58e-01	0.0	-2.63e-10	-5.00e-04	0.00	-0.00e+00	4.7808	8.33e-17	342
0.639	-3.80e-01	0.0	-2.64e-10	-5.00e-04	0.00	-0.00e+00	4.7808	8.33e-17	361
0.620	-4.01e-01	0.0	-2.66e-10	-5.00e-04	0.00	-0.00e+00	4.7808	8.33e-17	380
0.601	-4.23e-01	0.0	-2.68e-10	-5.00e-04	0.00	-0.00e+00	4.7808	8.33e-17	399
0.582	-4.44e-01	0.0	-2.70e-10	-5.00e-04	0.00	-0.00e+00	4.7808	8.33e-17	418
0.563	-4.66e-01	0.0	-2.72e-10	-5.00e-04	0.00	-0.00e+00	4.7808	8.33e-17	437
0.544	-4.88e-01	0.0	-2.73e-10	-5.00e-04	0.00	-0.00e+00	4.7808	8.33e-17	456
0.525	-5.11e-01	0.0	-2.75e-10	-5.00e-04	0.00	-0.00e+00	4.7808	8.33e-17	475
0.506	-5.33e-01	0.0	-2.77e-10	-5.00e-04	0.00	-0.00e+00	4.7808	8.33e-17	494
0.487	-5.55e-01	0.0	-2.79e-10	-5.00e-04	0.00	-0.00e+00	4.7808	8.33e-17	513
0.468	-5.78e-01	0.0	-2.81e-10	-5.00e-04	0.00	-0.00e+00	4.7808	8.33e-17	532
0.449	-6.01e-01	0.0	-2.83e-10	-5.00e-04	0.00	-0.00e+00	4.7808	8.33e-17	551
0.430	-6.24e-01	0.0	-2.84e-10	-5.00e-04	0.00	-0.00e+00	4.7808	8.33e-17	570
0.411	-6.47e-01	0.0	-2.86e-10	-5.00e-04	0.00	-0.00e+00	4.7808	8.33e-17	589
0.392	-6.70e-01	0.0	-2.88e-10	-5.00e-04	0.00	-0.00e+00	4.7808	8.33e-17	608
0.373	-6.93e-01	0.0	-2.90e-10	-5.00e-04	0.00	-0.00e+00	4.7808	8.33e-17	627
0.354	-7.17e-01	0.0	-2.92e-10	-5.00e-04	0.00	-0.00e+00	4.7808	8.33e-17	646
0.335	-7.41e-01	0.0	-2.93e-10	-5.00e-04	0.00	-0.00e+00	4.7808	8.33e-17	665
0.316	-7.64e-01	0.0	-2.95e-10	-5.00e-04	0.00	-0.00e+00	4.7808	8.33e-17	684
0.297	-7.88e-01	0.0	-2.97e-10	-5.00e-04	0.00	-0.00e+00	4.7808	8.33e-17	703
0.278	-8.13e-01	0.0	-2.99e-10	-5.00e-04	0.00	-0.00e+00	4.7808	8.33e-17	722
0.259	-8.37e-01	0.0	-3.01e-10	-5.00e-04	0.00	-0.00e+00	4.7808	8.33e-17	741
0.240	-8.61e-01	0.0	-3.03e-10	-5.00e-04	0.00	-0.00e+00	4.7808	8.33e-17	760
0.221	-8.86e-01	0.0	-3.05e-10	-5.00e-04	0.00	-0.00e+00	4.7808	8.33e-17	779
0.202	-9.10e-01	0.0	-3.06e-10	-5.00e-04	0.00	-0.00e+00	4.7808	8.33e-17	798
0.183	-9.35e-01	0.0	-3.08e-10	-5.00e-04	0.00	-0.00e+00	4.7808	8.33e-17	817
0.164	-9.60e-01	0.0	-3.10e-10	-5.00e-04	0.00	-0.00e+00	4.7808	8.33e-17	836
0.145	-9.86e-01	0.0	-3.12e-10	-5.00e-04	0.00	-0.00e+00	4.7808	8.33e-17	855
0.126	-1.01e+00	0.0	-3.14e-10	-5.00e-04	0.00	-0.00e+00	4.7808	8.33e-17	874
0.107	-1.04e+00	0.0	-3.16e-10	-5.00e-04	0.00	-0.00e+00	4.7808	8.33e-17	893
0.088	-1.06e+00	0.0	-3.18e-10	-5.00e-04	0.00	-0.00e+00	4.7808	8.33e-17	912
0.069	-1.09e+00	0.0	-3.19e-10	-5.00e-04	0.00	-0.00e+00	4.7808	8.33e-17	931
0.050	-1.11e+00	0.0	-3.21e-10	-5.00e-04	0.00	-0.00e+00	4.7808	8.33e-17	950
0.031	-1.14e+00	0.0	-3.23e-10	-5.00e-04	0.00	-0.00e+00	4.7808	8.33e-17	969
0.012	-1.17e+00	0.0	-3.25e-10	-5.00e-04	0.00	-0.00e+00	4.7808	8.33e-17	988
