1.000	0.00e+00	0.0	0.00e+00	-5.00e-04	0.00	-2.95e+00	0.2490	8.33e-17	0
0.981	-7.92e-03	0.0	-1.04e-10	-5.00e-04	0.00	-0.00e+00	0.2490	8.33e-17	19
0.962	-1.64e-02	0.0	-1.06e-10	-5.00e-04	0.00	-0.00e+00	0.2490	8.33e-17	38
0.943	-2.51e-02	0.0	-1.08e-10	-5.00e-04	0.00	-0.00e+00	0.2490	8.33e-17	57
0.924	-3.38e-02	0.0	-1.09e-10	-5.00e-04	0.00	-0.00e+00	0.2490	8.33e-17	76
0.905	-4.28e-02	0.0	-1.11e-10	-5.00e-04	0.00	-0.00e+00	0.2490	8.33e-17	95
0.886	-5.18e-02	0.0	-1.13e-10	-5.00e-04	0.00	-0.00e+00	0.2490	8.33e-17	114
0.867	-6.10e-02	0.0	-1.15e-10	-5.00e-04	0.00	-0.00e+00	0.2490	8.33e-17	133
0.848	-7.04e-02	0.0	-1.16e-10	-5.00e-04	0.00	-0.00e+00	0.2490	8.33e-17	152
0.829	-7.98e-02	0.0	-1.18e-10	-5.00e-04	0.00	-0.00e+00	0.2490	8.33e-17	171
0.810	-8.95e-02	0.0	-1.20e-10	-5.00e-04	0.00	-0.00e+00	0.2490	8.33e-17	190
0.791	-9.92e-02	0.0	-1.21e-10	-5.00e-04	0.00	-0.00e+00	0.2490	8.33e-17	209
0.772	-1.09e-01	0.0	-1.23e-10	-5.00e-04	0.00	-0.00e+00	0.2490	8.33e-17	228
0.753	-1.19e-01	0.0	-1.25e-10	-5.00e-04	0.00	-0.00e+00	0.2490	8.33e-17	247
0.734	-1.29e-01	0.0	-1.27e-10	-5.00e-04	0.00	-0.00e+00	0.2490	8.33e-17	266
0.715	-1.40e-01	0.0	-1.28e-10	-5.00e-04	0.00	-0.00e+00	0.2490	8.33e-17	285
0.696	-1.50e-01	0.0	-1.30e-10	-5.00e-04	0.00	-0.00e+00	0.2490	8.33e-17	304
0.677	-1.61e-01	0.0	-1.32e-10	-5.00e-04	0.00	-0.00e+00	0.2490	8.33e-17	323
0.658	-1.71e-01	0.0	-1.33e-10	-5.00e-04	0.00	-0.00e+00	0.2490	8.33e-17	342
0.639	-1.82e-01	0.0	-1.35e-10	-5.00e-04	0.00	-0.00e+00	0.2490	8.33e-17	361
0.620	-1.93e-01	0.0	-1.37e-10	-5.00e-04	0.00	-0.00e+00	0.2490	8.33e-17	380
0.601	-2.04e-01	0.0	-1.38e-10	-5.00e-04	0.00	-0.00e+00	0.2490	8.33e-17	399
0.582	-2.16e-01	0.0	-1.40e-10	-5.00e-04	0.00	-0.00e+00	0.2490	8.33e-17	418
0.563	-2.27e-01	0.0	-1.42e-10	-5.00e-04	0.00	-0.00e+00	0.2490	8.33e-17	437
0.544	-2.39e-01	0.0	-1.43e-10	-5.00e-04	0.00	-0.00e+00	0.2490	8.33e-17	456
0.525	-2.50e-01	0.0	-1.45e-10	-5.00e-04	0.00	-0.00e+00	0.2490	8.33e-17	475
0.506	-2.62e-01	0.0	-1.47e-10	-5.00e-04	0.00	-0.00e+00	0.2490	8.33e-17	494
0.487	-2.74e-01	0.0	-1.48e-10	-5.00e-04	0.00	-0.00e+00	0.2490	8.33e-17	513
0.468	-2.86e-01	0.0	-1.50e-10	-5.00e-04	0.00	-0.00e+00	0.2490	8.33e-17	532
0.449	-2.98e-01	0.0	-1.52e-10	-5.00e-04	0.00	-0.00e+00	0.2490	8.33e-17	551
0.430	-3.11e-01	0.0	-1.53e-10	-5.00e-04	0.00	-0.00e+00	0.2490	8.33e-17	570
0.411	-3.23e-01	0.0	-1.55e-10	-5.00e-04	0.00	-0.00e+00	0.2490	8.33e-17	589
0.392	-3.36e-01	0.0	-1.57e-10	-5.00e-04	0.00	-0.00e+00	0.2490	8.33e-17	608
0.373	-3.48e-01	0.0	-1.58e-10	-5.00e-04	0.00	-0.00e+00	0.2490	8.33e-17	627
0.354	-3.61e-01	0.0	-1.60e-10	-5.00e-04	0.00	-0.00e+00	0.2490	8.33e-17	646
0.335	-3.74e-01	0.0	-1.61e-10	-5.00e-04	0.00	-0.00e+00	0.2490	8.33e-17	665
0.316	-3.87e-01	0.0	-1.63e-10	-5.00e-04	0.00	-0.00e+00	0.2490	8.33e-17	684
0.297	-4.01e-01	0.0	-1.65e-10	-5.00e-04	0.00	-0.00e+00	0.2490	8.33e-17	703
0.278	-4.14e-01	0.0	-1.66e-10	-5.00e-04	0.00	-0.00e+00	0.2490	8.33e-17	722
0.259	-4.28e-01	0.0	-1.68e-10	-5.00e-04	0.00	-0.00e+00	0.2490	8.33e-17	741
0.240	-4.41e-01	0.0	-1.70e-10	-5.00e-04	0.00	-0.00e+00	0.2490	8.33e-17	760
0.221	-4.55e-01	0.0	-1.71e-10	-5.00e-04	0.00	-0.00e+00	0.2490	8.33e-17	779
0.202	-4.69e-01	0.0	-1.73e-10	-5.00e-04	0.00	-0.00e+00	0.2490	8.33e-17	798
0.183	-4.83e-01	0.0	-1.74e-10	-5.00e-04	0.00	-0.00e+00	0.2490	8.33e-17	817
0.164	-4.97e-01	0.0	-1.76e-10	-5.00e-04	0.00	-0.00e+00	0.2490	8.33e-17	836
0.145	-5.11e-01	0.0	-1.78e-10	-5.00e-04	0.00	-0.00e+00	0.2490	8.33e-17	855
0.126	-5.26e-01	0.0	-1.79e-10	-5.00e-04	0.00	-0.00e+00	0.2490	8.33e-17	874
0.107	-5.40e-01	0.0	-1.81e-10	-5.00e-04	0.00	-0.00e+00	0.2490	8.33e-17	893
0.088	-5.55e-01	0.0	-1.82e-10	-5.00e-04	0.00	-0.00e+00	0.2490	8.33e-17	912
0.069	-5.70e-01	0.0	-1.84e-10	-5.00e-04	0.00	-0.00e+00	0.2490	8.33e-17	931
0.050	-5.85e-01	0.0	-1.85e-10	-5.00e-04	0.00	-0.00e+00	0.2490	8.33e-17	950
0.031	-6.00e-01	0.0	-1.87e-10	-5.00e-04	0.00	-0.00e+00	0.2490	8.33e-17	969
0.012	-6.15e-01	0.0	-1.89e-10	-5.00e-04	0.00	-0.00e+00	0.2490	8.33e-17	988
