1.000	0.00e+00	0.0	0.00e+00	-5.00e-04	0.00	-7.98e+00	3.5856	8.33e-17	0
0.981	-2.13e-02	0.0	-2.79e-10	-5.00e-04	0.00	-0.00e+00	3.5856	8.33e-17	19
0.962	-4.40e-02	0.0	-2.81e-10	-5.00e-04	0.00	-0.00e+00	3.5856	8.33e-17	38
0.943	-6.68e-02	0.0	-2.83e-10	-5.00e-04	0.00	-0.00e+00	3.5856	8.33e-17	57
0.924	-8.98e-02	0.0	-2.85e-10	-5.00e-04	0.00	-0.00e+00	3.5856	8.33e-17	76
0.905	-1.13e-01	0.0	-2.86e-10	-5.00e-04	0.00	-0.00e+00	3.5856	8.33e-17	95
0.886	-1.36e-01	0.0	-2.88e-10	-5.00e-04	0.00	-0.00e+00	3.5856	8.33e-17	114
0.867	-1.59e-01	0.0	-2.90e-10	-5.00e-04	0.00	-0.00e+00	3.5856	8.33e-17	133
0.848	-1.83e-01	0.0	-2.92e-10	-5.00e-04	0.00	-0.00e+00	3.5856	8.33e-17	152
0.829	-2.07e-01	0.0	-2.93e-10	-5.00e-04	0.00	-0.00e+00	3.5856	8.33e-17	171
0.810	-2.30e-01	0.0	-2.95e-10	-5.00e-04	0.00	-0.00e+00	3.5856	8.33e-17	190
0.791	-2.54e-01	0.0	-2.97e-10	-5.00e-04	0.00	-0.00e+00	3.5856	8.33e-17	209
0.772	-2.78e-01	0.0	-2.99e-10	-5.00e-04	0.00	-0.00e+00	3.5856	8.33e-17	228
0.753	-3.03e-01	0.0	-3.00e-10	-5.00e-04	0.00	-0.00e+00	3.5856	8.33e-17	247
0.734	-3.27e-01	0.0	-3.02e-10	-5.00e-04	0.00	-0.00e+00	3.5856	8.33e-17	266
0.715	-3.52e-01	0.0	-3.04e-10	-5.00e-04	0.00	-0.00e+00	3.5856	8.33e-17	285
0.696	-3.76e-01	0.0	-3.06e-10	-5.00e-04	0.00	-0.00e+00	3.5856	8.33e-17	304
0.677	-4.01e-01	0.0	-3.08e-10	-5.00e-04	0.00	-0.00e+00	3.5856	8.33e-17	323
0.658	-4.26e-01	0.0	-3.09e-10	-5.00e-04	0.00	-0.00e+00	3.5856	8.33e-17	342
0.639	-4.51e-01	0.0	-3.11e-10	-5.00e-04	0.00	-0.00e+00	3.5856	8.33e-17	361
0.620	-4.76e-01	0.0	-3.13e-10	-5.00e-04	0.00	-0.00e+00	3.5856	8.33e-17	380
0.601	-5.02e-01	0.0	-3.15e-10	-5.00e-04	0.00	-0.00e+00	3.5856	8.33e-17	399
0.582	-5.27e-01	0.0	-3.16e-10	-5.00e-04	0.00	-0.00e+00	3.5856	8.33e-17	418
0.563	-5.53e-01	0.0	-3.18e-10	-5.00e-04	0.00	-0.00e+00	3.5856	8.33e-17	437
0.544	-5.79e-01	0.0	-3.20e-10	-5.00e-04	0.00	-0.00e+00	3.5856	8.33e-17	456
0.525	-6.05e-01	0.0	-3.22e-10	-5.00e-04	0.00	-0.00e+00	3.5856	8.33e-17	475
0.506	-6.31e-01	0.0	-3.24e-10	-5.00e-04	0.00	-0.00e+00	3.5856	8.33e-17	494
0.487	-6.57e-01	0.0	-3.25e-10	-5.00e-04	0.00	-0.00e+00	3.5856	8.33e-17	513
0.468	-6.84e-01	0.0	-3.27e-10	-5.00e-04	0.00	-0.00e+00	3.5856	8.33e-17	532
0.449	-7.10e-01	0.0	-3.29e-10	-5.00e-04	0.00	-0.00e+00	3.5856	8.33e-17	551
0.430	-7.37e-01	0.0	-3.31e-10	-5.00e-04	0.00	-0.00e+00	3.5856	8.33e-17	570
0.411	-7.64e-01	0.0	-3.33e-10	-5.00e-04	0.00	-0.00e+00	3.5856	8.33e-17	589
0.392	-7.91e-01	0.0	-3.34e-10	-5.00e-04	0.00	-0.00e+00	3.5856	8.33e-17	608
0.373	-8.18e-01	0.0	-3.36e-10	-5.00e-04	0.00	-0.00e+00	3.5856	8.33e-17	627
0.354	-8.45e-01	0.0	-3.38e-10	-5.00e-04	0.00	-0.00e+00	3.5856	8.33e-17	646
0.335	-8.72e-01	0.0	-3.40e-10	-5.00e-04	0.00	-0.00e+00	3.5856	8.33e-17	665
0.316	-9.00e-01	0.0	-3.42e-10	-5.00e-04	0.00	-0.00e+00	3.5856	8.33e-17	684
0.297	-9.28e-01	0.0	-3.43e-10	-5.00e-04	0.00	-0.00e+00	3.5856	8.33e-17	703
0.278	-9.56e-01	0.0	-3.45e-10	-5.00e-04	0.00	-0.00e+00	3.5856	8.33e-17	722
0.259	-9.84e-01	0.0	-3.47e-10	-5.00e-04	0.00	-0.00e+00	3.5856	8.33e-17	741
0.240	-1.01e+00	0.0	-3.49e-10	-5.00e-04	0.00	-0.00e+00	3.5856	8.33e-17	760
0.221	-1.04e+00	0.0	-3.51e-10	-5.00e-04	0.00	-0.00e+00	3.5856	8.33e-17	779
0.202	-1.07e+00	0.0	-3.53e-10	-5.00e-04	0.00	-0.00e+00	3.5856	8.33e-17	798
0.183	-1.10e+00	0.0	-3.54e-10	-5.00e-04	0.00	-0.00e+00	3.5856	8.33e-17	817
0.164	-1.13e+00	0.0	-3.56e-10	-5.00e-04	0.00	-0.00e+00	3.5856	8.33e-17	836
0.145	-1.15e+00	0.0	-3.58e-10	-5.00e-04	0.00	-0.00e+00	3.5856	8.33e-17	855
0.126	-1.18e+00	0.0	-3.60e-10	-5.00e-04	0.00	-0.00e+00	3.5856	8.33e-17	874
0.107	-1.21e+00	0.0	-3.62e-10	-5.00e-04	0.00	-0.00e+00	3.5856	8.33e-17	893
0.088	-1.24e+00	0.0	-3.64e-10	-5.00e-04	0.00	-0.00e+00	3.5856	8.33e-17	912
0.069	-1.27e+00	0.0	-3.65e-10	-5.00e-04	0.00	-0.00e+00	3.5856	8.33e-17	931
0.050	-1.30e+00	0.0	-3.67e-10	-5.00e-04	0.00	-0.00e+00	3.5856	8.33e-17	950
0.031	-1.33e+00	0.0	-3.69e-10	-5.00e-04	0.00	-0.00e+00	3.5856	8.33e-17	969
0.012	-1.36e+00	0.0	-3.71e-10	-5.00e-04	0.00	-0.00e+00	3.5856	8.33e-17	988
