0.00e+00	0.00e+00	0.00e+00	0.00e+00	-5.00e-04	0.00e+00	2.98e-02	0.3400	8.33e-17	0
2.00e-02	-1.80e-08	0.00e+00	-4.56e-02	-5.00e-04	0.00e+00	0.00e+00	0.3400	8.33e-17	20
4.00e-02	-8.78e-07	0.00e+00	-2.45e-01	-5.00e-04	0.00e+00	0.00e+00	0.3400	8.33e-17	40
6.00e-02	-5.65e-06	0.00e+00	-5.99e-01	-5.00e-04	0.00e+00	0.00e+00	0.3400	8.33e-17	60
8.00e-02	-1.99e-05	0.00e+00	-1.11e+00	-5.00e-04	0.00e+00	0.00e+00	0.3400	8.33e-17	80
1.00e-01	-5.16e-05	0.00e+00	-1.77e+00	-5.00e-04	0.00e+00	0.00e+00	0.3400	8.33e-17	100
1.20e-01	-1.11e-04	0.00e+00	-2.59e+00	-5.00e-04	0.00e+00	0.00e+00	0.3400	8.33e-17	120
1.40e-01	-2.12e-04	0.00e+00	-3.57e+00	-5.00e-04	0.00e+00	0.00e+00	0.3400	8.33e-17	140
1.60e-01	-3.69e-04	0.00e+00	-4.70e+00	-5.00e-04	0.00e+00	0.00e+00	0.3400	8.33e-17	160
1.80e-01	-6.01e-04	0.00e+00	-5.98e+00	-5.00e-04	0.00e+00	0.00e+00	0.3400	8.33e-17	180
2.00e-01	-9.27e-04	0.00e+00	-7.42e+00	-5.00e-04	0.00e+00	0.00e+00	0.3400	8.33e-17	200
2.20e-01	-1.37e-03	0.00e+00	-9.01e+00	-5.00e-04	0.00e+00	0.00e+00	0.3400	8.33e-17	220
2.40e-01	-1.96e-03	0.00e+00	-1.08e+01	-5.00e-04	0.00e+00	0.00e+00	0.3400	8.33e-17	240
2.60e-01	-2.72e-03	0.00e+00	-1.27e+01	-5.00e-04	0.00e+00	0.00e+00	0.3400	8.33e-17	260
2.80e-01	-3.67e-03	0.00e+00	-1.47e+01	-5.00e-04	0.00e+00	0.00e+00	0.3400	8.33e-17	280
3.00e-01	-4.87e-03	0.00e+00	-1.69e+01	-5.00e-04	0.00e+00	0.00e+00	0.3400	8.33e-17	300
3.20e-01	-6.33e-03	0.00e+00	-1.93e+01	-5.00e-04	0.00e+00	0.00e+00	0.3400	8.33e-17	320
3.40e-01	-8.10e-03	0.00e+00	-2.18e+01	-5.00e-04	0.00e+00	0.00e+00	0.3400	8.33e-17	340
3.60e-01	-1.02e-02	0.00e+00	-2.44e+01	-5.00e-04	0.00e+00	0.00e+00	0.3400	8.33e-17	360
3.80e-01	-1.27e-02	0.00e+00	-2.72e+01	-5.00e-04	0.00e+00	0.00e+00	0.3400	8.33e-17	380
4.00e-01	-1.57e-02	0.00e+00	-3.02e+01	-5.00e-04	0.00e+00	0.00e+00	0.3400	8.33e-17	400
4.20e-01	-1.91e-02	0.00e+00	-3.33e+01	-5.00e-04	0.00e+00	0.00e+00	0.3400	8.33e-17	420
4.40e-01	-2.30e-02	0.00e+00	-3.65e+01	-5.00e-04	0.00e+00	0.00e+00	0.3400	8.33e-17	440
4.60e-01	-2.76e-02	0.00e+00	-3.99e+01	-5.00e-04	0.00e+00	0.00e+00	0.3400	8.33e-17	460
4.80e-01	-3.27e-02	0.00e+00	-4.34e+01	-5.00e-04	0.00e+00	0.00e+00	0.3400	8.33e-17	480
5.00e-01	-3.86e-02	0.00e+00	-4.71e+01	-5.00e-04	0.00e+00	0.00e+00	0.3400	8.33e-17	500
5.20e-01	-4.52e-02	0.00e+00	-5.09e+01	-5.00e-04	0.00e+00	0.00e+00	0.3400	8.33e-17	520
5.40e-01	-5.26e-02	0.00e+00	-5.49e+01	-5.00e-04	0.00e+00	0.00e+00	0.3400	8.33e-17	540
5.60e-01	-6.09e-02	0.00e+00	-5.89e+01	-5.00e-04	0.00e+00	0.00e+00	0.3400	8.33e-17	560
5.80e-01	-7.01e-02	0.00e+00	-6.32e+01	-5.00e-04	0.00e+00	0.00e+00	0.3400	8.33e-17	580
6.00e-01	-8.04e-02	0.00e+00	-6.75e+01	-5.00e-04	0.00e+00	0.00e+00	0.3400	8.33e-17	600
6.20e-01	-9.17e-02	0.00e+00	-7.20e+01	-5.00e-04	0.00e+00	0.00e+00	0.3400	8.33e-17	620
6.40e-01	-1.04e-01	0.00e+00	-7.66e+01	-5.00e-04	0.00e+00	0.00e+00	0.3400	8.33e-17	640
6.60e-01	-1.18e-01	0.00e+00	-8.13e+01	-5.00e-04	0.00e+00	0.00e+00	0.3400	8.33e-17	660
6.80e-01	-1.33e-01	0.00e+00	-8.61e+01	-5.00e-04	0.00e+00	0.00e+00	0.3400	8.33e-17	680
7.00e-01	-1.49e-01	0.00e+00	-9.10e+01	-5.00e-04	0.00e+00	0.00e+00	0.3400	8.33e-17	700
7.20e-01	-1.67e-01	0.00e+00	-9.61e+01	-5.00e-04	0.00e+00	0.00e+00	0.3400	8.33e-17	720
7.40e-01	-1.86e-01	0.00e+00	-1.01e+02	-5.00e-04	0.00e+00	0.00e+00	0.3400	8.33e-17	740
7.60e-01	-2.07e-01	0.00e+00	-1.06e+02	-5.00e-04	0.00e+00	0.00e+00	0.3400	8.33e-17	760
7.80e-01	-2.30e-01	0.00e+00	-1.12e+02	-5.00e-04	0.00e+00	0.00e+00	0.3400	8.33e-17	780
8.00e-01	-2.54e-01	0.00e+00	-1.17e+02	-5.00e-04	0.00e+00	0.00e+00	0.3400	8.33e-17	800
8.20e-01	-2.81e-01	0.00e+00	-1.23e+02	-5.00e-04	0.00e+00	0.00e+00	0.3400	8.33e-17	820
8.40e-01	-3.09e-01	0.00e+00	-1.28e+02	-5.00e-04	0.00e+00	0.00e+00	0.3400	8.33e-17	840
8.60e-01	-3.39e-01	0.00e+00	-1.34e+02	-5.00e-04	0.00e+00	0.00e+00	0.3400	8.33e-17	860
8.80e-01	-3.72e-01	0.00e+00	-1.40e+02	-5.00e-04	0.00e+00	0.00e+00	0.3400	8.33e-17	880
9.00e-01	-4.07e-01	0.00e+00	-1.46e+02	-5.00e-04	0.00e+00	0.00e+00	0.3400	8.33e-17	900
9.20e-01	-4.44e-01	0.00e+00	-1.52e+02	-5.00e-04	0.00e+00	0.00e+00	0.3400	8.33e-17	920
9.40e-01	-4.83e-01	0.00e+00	-1.58e+02	-5.00e-04	0.00e+00	0.00e+00	0.3400	8.33e-17	940
9.60e-01	-5.25e-01	0.00e+00	-1.64e+02	-5.00e-04	0.00e+00	0.00e+00	0.3400	8.33e-17	960
9.80e-01	-5.70e-01	0.00e+00	-1.70e+02	-5.00e-04	0.00e+00	0.00e+00	0.3400	8.33e-17	980
9.99e-01	-6.15e-01	0.00e+00	-1.76e+02	-5.00e-04	0.00e+00	0.00e+00	0.3400	8.33e-17	999
