1.000	0.00e+00	0.0	0.00e+00	-5.00e-02	0.00	0.00e+00	1.2000	8.33e-15	0
1.000	0.00e+00	0.0	0.00e+00	-4.00e-02	0.00	0.00e+00	1.2000	8.33e-15	0
1.000	0.00e+00	0.0	0.00e+00	-3.00e-02	0.00	0.00e+00	1.2000	8.33e-15	0
1.000	0.00e+00	0.0	0.00e+00	-2.00e-02	0.00	0.00e+00	1.2000	8.33e-15	0
1.000	0.00e+00	0.0	0.00e+00	-1.00e-02	0.00	0.00e+00	1.2000	8.33e-15	0
1.000	0.00e+00	0.0	0.00e+00	3.47e-18	0.00	0.00e+00	1.2000	8.33e-15	0
1.000	0.00e+00	0.0	0.00e+00	1.00e-02	0.00	0.00e+00	1.2000	8.33e-15	0
1.000	0.00e+00	0.0	0.00e+00	2.00e-02	0.00	0.00e+00	1.2000	8.33e-15	0
1.000	0.00e+00	0.0	0.00e+00	3.00e-02	0.00	0.00e+00	1.2000	8.33e-15	0
1.000	0.00e+00	0.0	0.00e+00	4.00e-02	0.00	0.00e+00	1.2000	8.33e-15	0
0.990	0.00e+00	0.0	4.56e-07	-5.00e-02	0.00	0.00e+00	1.2000	8.33e-15	1
0.990	0.00e+00	0.0	4.56e-07	-4.00e-02	0.00	0.00e+00	1.2000	8.33e-15	1
0.990	0.00e+00	0.0	4.56e-07	-3.00e-02	0.00	0.00e+00	1.2000	8.33e-15	1
0.990	0.00e+00	0.0	4.56e-07	-2.00e-02	0.00	0.00e+00	1.2000	8.33e-15	1
0.990	0.00e+00	0.0	4.56e-07	-1.00e-02	0.00	0.00e+00	1.2000	8.33e-15	1
0.990	0.00e+00	0.0	4.56e-07	3.47e-18	0.00	0.00e+00	1.2000	8.33e-15	1
0.990	0.00e+00	0.0	4.56e-07	1.00e-02	0.00	0.00e+00	1.2000	8.33e-15	1
0.990	0.00e+00	0.0	4.56e-07	2.00e-02	0.00	0.00e+00	1.2000	8.33e-15	1
0.990	0.00e+00	0.0	4.56e-07	3.00e-02	0.00	0.00e+00	1.2000	8.33e-15	1
0.990	0.00e+00	0.0	4.56e-07	4.00e-02	0.00	0.00e+00	1.2000	8.33e-15	1
0.980	4.56e-08	0.0	9.21e-07	-5.00e-02	0.00	0.00e+00	1.2000	8.33e-15	2
0.980	4.56e-08	0.0	9.21e-07	-4.00e-02	0.00	0.00e+00	1.2000	8.33e-15	2
0.980	4.56e-08	0.0	9.21e-07	-3.00e-02	0.00	0.00e+00	1.2000	8.33e-15	2
0.980	4.56e-08	0.0	9.21e-07	-2.00e-02	0.00	0.00e+00	1.2000	8.33e-15	2
0.980	4.56e-08	0.0	9.21e-07	-1.00e-02	0.00	0.00e+00	1.2000	8.33e-15	2
0.980	4.56e-08	0.0	9.21e-07	3.47e-18	0.00	0.00e+00	1.2000	8.33e-15	2
0.980	4.56e-08	0.0	9.21e-07	1.00e-02	0.00	0.00e+00	1.2000	8.33e-15	2
0.980	4.56e-08	0.0	9.21e-07	2.00e-02	0.00	0.00e+00	1.2000	8.33e-15	2
0.980	4.56e-08	0.0	9.21e-07	3.00e-02	0.00	0.00e+00	1.2000	8.33e-15	2
0.980	4.56e-08	0.0	9.21e-07	4.00e-02	0.00	0.00e+00	1.2000	8.33e-15	2
0.970	1.38e-07	0.0	1.38e-06	-5.00e-02	0.00	0.00e+00	1.2000	8.33e-15	3
0.970	1.38e-07	0.0	1.38e-06	-4.00e-02	0.00	0.00e+00	1.2000	8.33e-15	3
0.970	1.38e-07	0.0	1.38e-06	-3.00e-02	0.00	0.00e+00	1.2000	8.33e-15	3
0.970	1.38e-07	0.0	1.38e-06	-2.00e-02	0.00	0.00e+00	1.2000	8.33e-15	3
0.970	1.38e-07	0.0	1.38e-06	-1.00e-02	0.00	0.00e+00	1.2000	8.33e-15	3
0.970	1.38e-07	0.0	1.38e-06	3.47e-18	0.00	0.00e+00	1.2000	8.33e-15	3
0.970	1.38e-07	0.0	1.38e-06	1.00e-02	0.00	0.00e+00	1.2000	8.33e-15	3
0.970	1.38e-07	0.0	1.38e-06	2.00e-02	0.00	0.00e+00	1.2000	8.33e-15	3
0.970	1.38e-07	0.0	1.38e-06	3.00e-02	0.00	0.00e+00	1.2000	8.33e-15	3
0.970	1.38e-07	0.0	1.38e-06	4.00e-02	0.00	0.00e+00	1.2000	8.33e-15	3
0.960	2.76e-07	0.0	1.84e-06	-5.00e-02	0.00	0.00e+00	1.2000	8.33e-15	4
0.960	2.76e-07	0.0	1.84e-06	-4.00e-02	0.00	0.00e+00	1.2000	8.33e-15	4
0.960	2.76e-07	0.0	1.84e-06	-3.00e-02	0.00	0.00e+00	1.2000	8.33e-15	4
0.960	2.76e-07	0.0	1.84e-06	-2.00e-02	0.00	0.00e+00	1.2000	8.33e-15	4
0.960	2.76e-07	0.0	1.84e-06	-1.00e-02	0.00	0.00e+00	1.2000	8.33e-15	4
0.960	2.76e-07	0.0	1.84e-06	3.47e-18	0.00	0.00e+00	1.2000	8.33e-15	4
0.960	2.76e-07	0.0	1.84e-06	1.00e-02	0.00	0.00e+00	1.2000	8.33e-15	4
0.960	2.76e-07	0.0	1.84e-06	2.00e-02	0.00	0.00e+00	1.2000	8.33e-15	4
0.960	2.76e-07	0.0	1.84e-06	3.00e-02	0.00	0.00e+00	1.2000	8.33e-15	4
0.960	2.76e-07	0.0	1.84e-06	4.00e-02	0.00	0.00e+00	1.2000	8.33e-15	4
0.950	4.60e-07	0.0	2.30e-06	-5.00e-02	0.00	0.00e+00	1.2000	8.33e-15	5
0.950	4.60e-07	0.0	2.30e-06	-4.00e-02	0.00	0.00e+00	1.2000	8.33e-15	5
0.950	4.60e-07	0.0	2.30e-06	-3.00e-02	0.00	0.00e+00	1.2000	8.33e-15	5
0.950	4.60e-07	0.0	2.30e-06	-2.00e-02	0.00	0.00e+00	1.2000	8.33e-15	5
0.950	4.60e-07	0.0	2.30e-06	-1.00e-02	0.00	0.00e+00	1.2000	8.33e-15	5
0.950	4.60e-07	0.0	2.30e-06	3.47e-18	0.00	0.00e+00	1.2000	8.33e-15	5
0.950	4.60e-07	0.0	2.30e-06	1.00e-02	0.00	0.00e+00	1.2000	8.33e-15	5
0.950	4.60e-07	0.0	2.30e-06	2.00e-02	0.00	0.00e+00	1.2000	8.33e-15	5
0.950	4.60e-07	0.0	2.30e-06	3.00e-02	0.00	0.00e+00	1.2000	8.33e-15	5
0.950	4.60e-07	0.0	2.30e-06	4.00e-02	0.00	0.00e+00	1.2000	8.33e-15	5
0.940	6.91e-07	0.0	2.76e-06	-5.00e-02	0.00	0.00e+00	1.2000	8.33e-15	6
0.940	6.91e-07	0.0	2.76e-06	-4.00e-02	0.00	0.00e+00	1.2000	8.33e-15	6
0.940	6.91e-07	0.0	2.76e-06	-3.00e-02	0.00	0.00e+00	1.2000	8.33e-15	6
0.940	6.91e-07	0.0	2.76e-06	-2.00e-02	0.00	0.00e+00	1.2000	8.33e-15	6
0.940	6.91e-07	0.0	2.76e-06	-1.00e-02	0.00	0.00e+00	1.2000	8.33e-15	6
0.940	6.91e-07	0.0	2.76e-06	3.47e-18	0.00	0.00e+00	1.2000	8.33e-15	6
0.940	6.91e-07	0.0	2.76e-06	1.00e-02	0.00	0.00e+00	1.2000	8.33e-15	6
0.940	6.91e-07	0.0	2.76e-06	2.00e-02	0.00	0.00e+00	1.2000	8.33e-15	6
0.940	6.91e-07	0.0	2.76e-06	3.00e-02	0.00	0.00e+00	1.2000	8.33e-15	6
0.940	6.91e-07	0.0	2.76e-06	4.00e-02	0.00	0.00e+00	1.2000	8.33e-15	6
0.930	9.67e-07	0.0	3.22e-06	-5.00e-02	0.00	0.00e+00	1.2000	8.33e-15	7
0.930	9.67e-07	0.0	3.22e-06	-4.00e-02	0.00	0.00e+00	1.2000	8.33e-15	7
0.930	9.67e-07	0.0	3.22e-06	-3.00e-02	0.00	0.00e+00	1.2000	8.33e-15	7
0.930	9.67e-07	0.0	3.22e-06	-2.00e-02	0.00	0.00e+00	1.2000	8.33e-15	7
0.930	9.67e-07	0.0	3.22e-06	-1.00e-02	0.00	0.00e+00	1.2000	8.33e-15	7
0.930	9.67e-07	0.0	3.22e-06	3.47e-18	0.00	0.00e+00	1.2000	8.33e-15	7
0.930	9.67e-07	0.0	3.22e-06	1.00e-02	0.00	0.00e+00	1.2000	8.33e-15	7
0.930	9.67e-07	0.0	3.22e-06	2.00e-02	0.00	0.00e+00	1.2000	8.33e-15	7
0.930	9.67e-07	0.0	3.22e-06	3.00e-02	0.00	0.00e+00	1.2000	8.33e-15	7
0.930	9.67e-07	0.0	3.22e-06	4.00e-02	0.00	0.00e+00	1.2000	8.33e-15	7
0.920	1.29e-06	0.0	3.69e-06	-5.00e-02	0.00	0.00e+00	1.2000	8.33e-15	8
0.920	1.29e-06	0.0	3.69e-06	-4.00e-02	0.00	0.00e+00	1.2000	8.33e-15	8
0.920	1.29e-06	0.0	3.69e-06	-3.00e-02	0.00	0.00e+00	1.2000	8.33e-15	8
0.920	1.29e-06	0.0	3.69e-06	-2.00e-02	0.00	0.00e+00	1.2000	8.33e-15	8
0.920	1.29e-06	0.0	3.69e-06	-1.00e-02	0.00	0.00e+00	1.2000	8.33e-15	8
0.920	1.29e-06	0.0	3.69e-06	3.47e-18	0.00	0.00e+00	1.2000	8.33e-15	8
0.920	1.29e-06	0.0	3.69e-06	1.00e-02	0.00	0.00e+00	1.2000	8.33e-15	8
0.920	1.29e-06	0.0	3.69e-06	2.00e-02	0.00	0.00e+00	1.2000	8.33e-15	8
0.920	1.29e-06	0.0	3.69e-06	3.00e-02	0.00	0.00e+00	1.2000	8.33e-15	8
0.920	1.29e-06	0.0	3.69e-06	4.00e-02	0.00	0.00e+00	1.2000	8.33e-15	8
0.910	1.66e-06	0.0	4.15e-06	-5.00e-02	0.00	0.00e+00	1.2000	8.33e-15	9
0.910	1.66e-06	0.0	4.15e-06	-4.00e-02	0.00	0.00e+00	1.2000	8.33e-15	9
0.910	1.66e-06	0.0	4.15e-06	-3.00e-02	0.00	0.00e+00	1.2000	8.33e-15	9
0.910	1.66e-06	0.0	4.15e-06	-2.00e-02	0.00	0.00e+00	1.2000	8.33e-15	9
0.910	1.66e-06	0.0	4.15e-06	-1.00e-02	0.00	0.00e+00	1.2000	8.33e-15	9
0.910	1.66e-06	0.0	4.15e-06	3.47e-18	0.00	0.00e+00	1.2000	8.33e-15	9
0.910	1.66e-06	0.0	4.15e-06	1.00e-02	0.00	0.00e+00	1.2000	8.33e-15	9
0.910	1.66e-06	0.0	4.15e-06	2.00e-02	0.00	0.00e+00	1.2000	8.33e-15	9
0.910	1.66e-06	0.0	4.15e-06	3.00e-02	0.00	0.00e+00	1.2000	8.33e-15	9
0.910	1.66e-06	0.0	4.15e-06	4.00e-02	0.00	0.00e+00	1.2000	8.33e-15	9
0.900	2.07e-06	0.0	4.61e-06	-5.00e-02	0.00	0.00e+00	1.2000	8.33e-15	10
0.900	2.07e-06	0.0	4.61e-06	-4.00e-02	0.00	0.00e+00	1.2000	8.33e-15	10
0.900	2.07e-06	0.0	4.61e-06	-3.00e-02	0.00	0.00e+00	1.2000	8.33e-15	10
0.900	2.07e-06	0.0	4.61e-06	-2.00e-02	0.00	0.00e+00	1.2000	8.33e-15	10
0.900	2.07e-06	0.0	4.61e-06	-1.00e-02	0.00	0.00e+00	1.2000	8.33e-15	10
0.900	2.07e-06	0.0	4.61e-06	3.47e-18	0.00	0.00e+00	1.2000	8.33e-15	10
0.900	2.07e-06	0.0	4.61e-06	1.00e-02	0.00	0.00e+00	1.2000	8.33e-15	10
0.900	2.07e-06	0.0	4.61e-06	2.00e-02	0.00	0.00e+00	1.2000	8.33e-15	10
0.900	2.07e-06	0.0	4.61e-06	3.00e-02	0.00	0.00e+00	1.2000	8.33e-15	10
0.900	2.07e-06	0.0	4.61e-06	4.00e-02	0.00	0.00e+00	1.2000	8.33e-15	10
0.890	2.53e-06	0.0	5.07e-06	-5.00e-02	0.00	0.00e+00	1.2000	8.33e-15	11
0.890	2.53e-06	0.0	5.07e-06	-4.00e-02	0.00	0.00e+00	1.2000	8.33e-15	11
0.890	2.53e-06	0.0	5.07e-06	-3.00e-02	0.00	0.00e+00	1.2000	8.33e-15	11
0.890	2.53e-06	0.0	5.07e-06	-2.00e-02	0.00	0.00e+00	1.2000	8.33e-15	11
0.890	2.53e-06	0.0	5.07e-06	-1.00e-02	0.00	0.00e+00	1.2000	8.33e-15	11
0.890	2.53e-06	0.0	5.07e-06	3.47e-18	0.00	0.00e+00	1.2000	8.33e-15	11
0.890	2.53e-06	0.0	5.07e-06	1.00e-02	0.00	0.00e+00	1.2000	8.33e-15	11
0.890	2.53e-06	0.0	5.07e-06	2.00e-02	0.00	0.00e+00	1.2000	8.33e-15	11
0.890	2.53e-06	0.0	5.07e-06	3.00e-02	0.00	0.00e+00	1.2000	8.33e-15	11
0.890	2.53e-06	0.0	5.07e-06	4.00e-02	0.00	0.00e+00	1.2000	8.33e-15	11
0.880	3.04e-06	0.0	5.53e-06	-5.00e-02	0.00	0.00e+00	1.2000	8.33e-15	12
0.880	3.04e-06	0.0	5.53e-06	-4.00e-02	0.00	0.00e+00	1.2000	8.33e-15	12
0.880	3.04e-06	0.0	5.53e-06	-3.00e-02	0.00	0.00e+00	1.2000	8.33e-15	12
0.880	3.04e-06	0.0	5.53e-06	-2.00e-02	0.00	0.00e+00	1.2000	8.33e-15	12
0.880	3.04e-06	0.0	5.53e-06	-1.00e-02	0.00	0.00e+00	1.2000	8.33e-15	12
0.880	3.04e-06	0.0	5.53e-06	3.47e-18	0.00	0.00e+00	1.2000	8.33e-15	12
0.880	3.04e-06	0.0	5.53e-06	1.00e-02	0.00	0.00e+00	1.2000	8.33e-15	12
0.880	3.04e-06	0.0	5.53e-06	2.00e-02	0.00	0.00e+00	1.2000	8.33e-15	12
0.880	3.04e-06	0.0	5.53e-06	3.00e-02	0.00	0.00e+00	1.2000	8.33e-15	12
0.880	3.04e-06	0.0	5.53e-06	4.00e-02	0.00	0.00e+00	1.2000	8.33e-15	12
0.870	3.59e-06	0.0	5.99e-06	-5.00e-02	0.00	0.00e+00	1.2000	8.33e-15	13
0.870	3.59e-06	0.0	5.99e-06	-4.00e-02	0.00	0.00e+00	1.2000	8.33e-15	13
0.870	3.59e-06	0.0	5.99e-06	-3.00e-02	0.00	0.00e+00	1.2000	8.33e-15	13
0.870	3.59e-06	0.0	5.99e-06	-2.00e-02	0.00	0.00e+00	1.2000	8.33e-15	13
0.870	3.59e-06	0.0	5.99e-06	-1.00e-02	0.00	0.00e+00	1.2000	8.33e-15	13
0.870	3.59e-06	0.0	5.99e-06	3.47e-18	0.00	0.00e+00	1.2000	8.33e-15	13
0.870	3.59e-06	0.0	5.99e-06	1.00e-02	0.00	0.00e+00	1.2000	8.33e-15	13
0.870	3.59e-06	0.0	5.99e-06	2.00e-02	0.00	0.00e+00	1.2000	8.33e-15	13
0.870	3.59e-06	0.0	5.99e-06	3.00e-02	0.00	0.00e+00	1.2000	8.33e-15	13
0.870	3.59e-06	0.0	5.99e-06	4.00e-02	0.00	0.00e+00	1.2000	8.33e-15	13
0.860	4.19e-06	0.0	6.45e-06	-5.00e-02	0.00	0.00e+00	1.2000	8.33e-15	14
0.860	4.19e-06	0.0	6.45e-06	-4.00e-02	0.00	0.00e+00	1.2000	8.33e-15	14
0.860	4.19e-06	0.0	6.45e-06	-3.00e-02	0.00	0.00e+00	1.2000	8.33e-15	14
0.860	4.19e-06	0.0	6.45e-06	-2.00e-02	0.00	0.00e+00	1.2000	8.33e-15	14
0.860	4.19e-06	0.0	6.45e-06	-1.00e-02	0.00	0.00e+00	1.2000	8.33e-15	14
0.860	4.19e-06	0.0	6.45e-06	3.47e-18	0.00	0.00e+00	1.2000	8.33e-15	14
0.860	4.19e-06	0.0	6.45e-06	1.00e-02	0.00	0.00e+00	1.2000	8.33e-15	14
0.860	4.19e-06	0.0	6.45e-06	2.00e-02	0.00	0.00e+00	1.2000	8.33e-15	14
0.860	4.19e-06	0.0	6.45e-06	3.00e-02	0.00	0.00e+00	1.2000	8.33e-15	14
0.860	4.19e-06	0.0	6.45e-06	4.00e-02	0.00	0.00e+00	1.2000	8.33e-15	14
0.850	4.84e-06	0.0	6.91e-06	-5.00e-02	0.00	0.00e+00	1.2000	8.33e-15	15
0.850	4.84e-06	0.0	6.91e-06	-4.00e-02	0.00	0.00e+00	1.2000	8.33e-15	15
0.850	4.84e-06	0.0	6.91e-06	-3.00e-02	0.00	0.00e+00	1.2000	8.33e-15	15
0.850	4.84e-06	0.0	6.91e-06	-2.00e-02	0.00	0.00e+00	1.2000	8.33e-15	15
0.850	4.84e-06	0.0	6.91e-06	-1.00e-02	0.00	0.00e+00	1.2000	8.33e-15	15
0.850	4.84e-06	0.0	6.91e-06	3.47e-18	0.00	0.00e+00	1.2000	8.33e-15	15
0.850	4.84e-06	0.0	6.91e-06	1.00e-02	0.00	0.00e+00	1.2000	8.33e-15	15
0.850	4.84e-06	0.0	6.91e-06	2.00e-02	0.00	0.00e+00	1.2000	8.33e-15	15
0.850	4.84e-06	0.0	6.91e-06	3.00e-02	0.00	0.00e+00	1.2000	8.33e-15	15
0.850	4.84e-06	0.0	6.91e-06	4.00e-02	0.00	0.00e+00	1.2000	8.33e-15	15
0.840	5.53e-06	0.0	7.37e-06	-5.00e-02	0.00	0.00e+00	1.2000	8.33e-15	16
0.840	5.53e-06	0.0	7.37e-06	-4.00e-02	0.00	0.00e+00	1.2000	8.33e-15	16
0.840	5.53e-06	0.0	7.37e-06	-3.00e-02	0.00	0.00e+00	1.2000	8.33e-15	16
0.840	5.53e-06	0.0	7.37e-06	-2.00e-02	0.00	0.00e+00	1.2000	8.33e-15	16
0.840	5.53e-06	0.0	7.37e-06	-1.00e-02	0.00	0.00e+00	1.2000	8.33e-15	16
0.840	5.53e-06	0.0	7.37e-06	3.47e-18	0.00	0.00e+00	1.2000	8.33e-15	16
0.840	5.53e-06	0.0	7.37e-06	1.00e-02	0.00	0.00e+00	1.2000	8.33e-15	16
0.840	5.53e-06	0.0	7.37e-06	2.00e-02	0.00	0.00e+00	1.2000	8.33e-15	16
0.840	5.53e-06	0.0	7.37e-06	3.00e-02	0.00	0.00e+00	1.2000	8.33e-15	16
0.840	5.53e-06	0.0	7.37e-06	4.00e-02	0.00	0.00e+00	1.2000	8.33e-15	16
0.830	6.26e-06	0.0	7.83e-06	-5.00e-02	0.00	0.00e+00	1.2000	8.33e-15	17
0.830	6.26e-06	0.0	7.83e-06	-4.00e-02	0.00	0.00e+00	1.2000	8.33e-15	17
0.830	6.26e-06	0.0	7.83e-06	-3.00e-02	0.00	0.00e+00	1.2000	8.33e-15	17
0.830	6.26e-06	0.0	7.83e-06	-2.00e-02	0.00	0.00e+00	1.2000	8.33e-15	17
0.830	6.26e-06	0.0	7.83e-06	-1.00e-02	0.00	0.00e+00	1.2000	8.33e-15	17
0.830	6.26e-06	0.0	7.83e-06	3.47e-18	0.00	0.00e+00	1.2000	8.33e-15	17
0.830	6.26e-06	0.0	7.83e-06	1.00e-02	0.00	0.00e+00	1.2000	8.33e-15	17
0.830	6.26e-06	0.0	7.83e-06	2.00e-02	0.00	0.00e+00	1.2000	8.33e-15	17
0.830	6.26e-06	0.0	7.83e-06	3.00e-02	0.00	0.00e+00	1.2000	8.33e-15	17
0.830	6.26e-06	0.0	7.83e-06	4.00e-02	0.00	0.00e+00	1.2000	8.33e-15	17
0.820	7.05e-06	0.0	8.29e-06	-5.00e-02	0.00	0.00e+00	1.2000	8.33e-15	18
0.820	7.05e-06	0.0	8.29e-06	-4.00e-02	0.00	0.00e+00	1.2000	8.33e-15	18
0.820	7.05e-06	0.0	8.29e-06	-3.00e-02	0.00	0.00e+00	1.2000	8.33e-15	18
0.820	7.05e-06	0.0	8.29e-06	-2.00e-02	0.00	0.00e+00	1.2000	8.33e-15	18
0.820	7.05e-06	0.0	8.29e-06	-1.00e-02	0.00	0.00e+00	1.2000	8.33e-15	18
0.820	7.05e-06	0.0	8.29e-06	3.47e-18	0.00	0.00e+00	1.2000	8.33e-15	18
0.820	7.05e-06	0.0	8.29e-06	1.00e-02	0.00	0.00e+00	1.2000	8.33e-15	18
0.820	7.05e-06	0.0	8.29e-06	2.00e-02	0.00	0.00e+00	1.2000	8.33e-15	18
0.820	7.05e-06	0.0	8.29e-06	3.00e-02	0.00	0.00e+00	1.2000	8.33e-15	18
0.820	7.05e-06	0.0	8.29e-06	4.00e-02	0.00	0.00e+00	1.2000	8.33e-15	18
0.810	7.88e-06	0.0	8.76e-06	-5.00e-02	0.00	0.00e+00	1.2000	8.33e-15	19
0.810	7.88e-06	0.0	8.76e-06	-4.00e-02	0.00	0.00e+00	1.2000	8.33e-15	19
0.810	7.88e-06	0.0	8.76e-06	-3.00e-02	0.00	0.00e+00	1.2000	8.33e-15	19
0.810	7.88e-06	0.0	8.76e-06	-2.00e-02	0.00	0.00e+00	1.2000	8.33e-15	19
0.810	7.88e-06	0.0	8.76e-06	-1.00e-02	0.00	0.00e+00	1.2000	8.33e-15	19
0.810	7.88e-06	0.0	8.76e-06	3.47e-18	0.00	0.00e+00	1.2000	8.33e-15	19
0.810	7.88e-06	0.0	8.76e-06	1.00e-02	0.00	0.00e+00	1.2000	8.33e-15	19
0.810	7.88e-06	0.0	8.76e-06	2.00e-02	0.00	0.00e+00	1.2000	8.33e-15	19
0.810	7.88e-06	0.0	8.76e-06	3.00e-02	0.00	0.00e+00	1.2000	8.33e-15	19
0.810	7.88e-06	0.0	8.76e-06	4.00e-02	0.00	0.00e+00	1.2000	8.33e-15	19
0.800	8.75e-06	0.0	9.24e-06	-5.00e-02	0.00	0.00e+00	1.2000	8.33e-15	20
0.800	8.75e-06	0.0	9.24e-06	-4.00e-02	0.00	0.00e+00	1.2000	8.33e-15	20
0.800	8.75e-06	0.0	9.24e-06	-3.00e-02	0.00	0.00e+00	1.2000	8.33e-15	20
0.800	8.75e-06	0.0	9.24e-06	-2.00e-02	0.00	0.00e+00	1.2000	8.33e-15	20
0.800	8.75e-06	0.0	9.24e-06	-1.00e-02	0.00	0.00e+00	1.2000	8.33e-15	20
0.800	8.75e-06	0.0	9.24e-06	3.47e-18	0.00	0.00e+00	1.2000	8.33e-15	20
0.800	8.75e-06	0.0	9.24e-06	1.00e-02	0.00	0.00e+00	1.2000	8.33e-15	20
0.800	8.75e-06	0.0	9.24e-06	2.00e-02	0.00	0.00e+00	1.2000	8.33e-15	20
0.800	8.75e-06	0.0	9.24e-06	3.00e-02	0.00	0.00e+00	1.2000	8.33e-15	20
0.800	8.75e-06	0.0	9.24e-06	4.00e-02	0.00	0.00e+00	1.2000	8.33e-15	20
0.790	9.68e-06	0.0	9.73e-06	-5.00e-02	0.00	0.00e+00	1.2000	8.33e-15	21
0.790	9.68e-06	0.0	9.73e-06	-4.00e-02	0.00	0.00e+00	1.2000	8.33e-15	21
0.790	9.68e-06	0.0	9.73e-06	-3.00e-02	0.00	0.00e+00	1.2000	8.33e-15	21
0.790	9.68e-06	0.0	9.73e-06	-2.00e-02	0.00	0.00e+00	1.2000	8.33e-15	21
0.790	9.68e-06	0.0	9.73e-06	-1.00e-02	0.00	0.00e+00	1.2000	8.33e-15	21
0.790	9.68e-06	0.0	9.73e-06	3.47e-18	0.00	0.00e+00	1.2000	8.33e-15	21
0.790	9.68e-06	0.0	9.73e-06	1.00e-02	0.00	0.00e+00	1.2000	8.33e-15	21
0.790	9.68e-06	0.0	9.73e-06	2.00e-02	0.00	0.00e+00	1.2000	8.33e-15	21
0.790	9.68e-06	0.0	9.73e-06	3.00e-02	0.00	0.00e+00	1.2000	8.33e-15	21
0.790	9.68e-06	0.0	9.73e-06	4.00e-02	0.00	0.00e+00	1.2000	8.33e-15	21
0.780	1.06e-05	0.0	1.03e-05	-5.00e-02	0.00	0.00e+00	1.2000	8.33e-15	22
0.780	1.06e-05	0.0	1.03e-05	-4.00e-02	0.00	0.00e+00	1.2000	8.33e-15	22
0.780	1.06e-05	0.0	1.03e-05	-3.00e-02	0.00	0.00e+00	1.2000	8.33e-15	22
0.780	1.06e-05	0.0	1.03e-05	-2.00e-02	0.00	0.00e+00	1.2000	8.33e-15	22
0.780	1.06e-05	0.0	1.03e-05	-1.00e-02	0.00	0.00e+00	1.2000	8.33e-15	22
0.780	1.06e-05	0.0	1.03e-05	3.47e-18	0.00	0.00e+00	1.2000	8.33e-15	22
0.780	1.06e-05	0.0	1.03e-05	1.00e-02	0.00	0.00e+00	1.2000	8.33e-15	22
0.780	1.06e-05	0.0	1.03e-05	2.00e-02	0.00	0.00e+00	1.2000	8.33e-15	22
0.780	1.06e-05	0.0	1.03e-05	3.00e-02	0.00	0.00e+00	1.2000	8.33e-15	22
0.780	1.06e-05	0.0	1.03e-05	4.00e-02	0.00	0.00e+00	1.2000	8.33e-15	22
0.770	1.17e-05	0.0	1.08e-05	-5.00e-02	0.00	0.00e+00	1.2000	8.33e-15	23
0.770	1.17e-05	0.0	1.08e-05	-4.00e-02	0.00	0.00e+00	1.2000	8.33e-15	23
0.770	1.17e-05	0.0	1.08e-05	-3.00e-02	0.00	0.00e+00	1.2000	8.33e-15	23
0.770	1.17e-05	0.0	1.08e-05	-2.00e-02	0.00	0.00e+00	1.2000	8.33e-15	23
0.770	1.17e-05	0.0	1.08e-05	-1.00e-02	0.00	0.00e+00	1.2000	8.33e-15	23
0.770	1.17e-05	0.0	1.08e-05	3.47e-18	0.00	0.00e+00	1.2000	8.33e-15	23
0.770	1.17e-05	0.0	1.08e-05	1.00e-02	0.00	0.00e+00	1.2000	8.33e-15	23
0.770	1.17e-05	0.0	1.08e-05	2.00e-02	0.00	0.00e+00	1.2000	8.33e-15	23
0.770	1.17e-05	0.0	1.08e-05	3.00e-02	0.00	0.00e+00	1.2000	8.33e-15	23
0.770	1.17e-05	0.0	1.08e-05	4.00e-02	0.00	0.00e+00	1.2000	8.33e-15	23
0.760	1.28e-05	0.0	1.15e-05	-5.00e-02	0.00	0.00e+00	1.2000	8.33e-15	24
0.760	1.28e-05	0.0	1.15e-05	-4.00e-02	0.00	0.00e+00	1.2000	8.33e-15	24
0.760	1.28e-05	0.0	1.15e-05	-3.00e-02	0.00	0.00e+00	1.2000	8.33e-15	24
0.760	1.28e-05	0.0	1.15e-05	-2.00e-02	0.00	0.00e+00	1.2000	8.33e-15	24
0.760	1.28e-05	0.0	1.15e-05	-1.00e-02	0.00	0.00e+00	1.2000	8.33e-15	24
0.760	1.28e-05	0.0	1.15e-05	3.47e-18	0.00	0.00e+00	1.2000	8.33e-15	24
0.760	1.28e-05	0.0	1.15e-05	1.00e-02	0.00	0.00e+00	1.2000	8.33e-15	24
0.760	1.28e-05	0.0	1.15e-05	2.00e-02	0.00	0.00e+00	1.2000	8.33e-15	24
0.760	1.28e-05	0.0	1.15e-05	3.00e-02	0.00	0.00e+00	1.2000	8.33e-15	24
0.760	1.28e-05	0.0	1.15e-05	4.00e-02	0.00	0.00e+00	1.2000	8.33e-15	24
0.750	1.39e-05	0.0	1.23e-05	-5.00e-02	0.00	0.00e+00	1.2000	8.33e-15	25
0.750	1.39e-05	0.0	1.23e-05	-4.00e-02	0.00	0.00e+00	1.2000	8.33e-15	25
0.750	1.39e-05	0.0	1.23e-05	-3.00e-02	0.00	0.00e+00	1.2000	8.33e-15	25
0.750	1.39e-05	0.0	1.23e-05	-2.00e-02	0.00	0.00e+00	1.2000	8.33e-15	25
0.750	1.39e-05	0.0	1.23e-05	-1.00e-02	0.00	0.00e+00	1.2000	8.33e-15	25
0.750	1.39e-05	0.0	1.23e-05	3.47e-18	0.00	0.00e+00	1.2000	8.33e-15	25
0.750	1.39e-05	0.0	1.23e-05	1.00e-02	0.00	0.00e+00	1.2000	8.33e-15	25
0.750	1.39e-05	0.0	1.23e-05	2.00e-02	0.00	0.00e+00	1.2000	8.33e-15	25
0.750	1.39e-05	0.0	1.23e-05	3.00e-02	0.00	0.00e+00	1.2000	8.33e-15	25
0.750	1.39e-05	0.0	1.23e-05	4.00e-02	0.00	0.00e+00	1.2000	8.33e-15	25
0.740	1.51e-05	0.0	1.34e-05	-5.00e-02	0.00	0.00e+00	1.2000	8.33e-15	26
0.740	1.51e-05	0.0	1.34e-05	-4.00e-02	0.00	0.00e+00	1.2000	8.33e-15	26
0.740	1.51e-05	0.0	1.34e-05	-3.00e-02	0.00	0.00e+00	1.2000	8.33e-15	26
0.740	1.51e-05	0.0	1.34e-05	-2.00e-02	0.00	0.00e+00	1.2000	8.33e-15	26
0.740	1.51e-05	0.0	1.34e-05	-1.00e-02	0.00	0.00e+00	1.2000	8.33e-15	26
0.740	1.51e-05	0.0	1.34e-05	3.47e-18	0.00	0.00e+00	1.2000	8.33e-15	26
0.740	1.51e-05	0.0	1.34e-05	1.00e-02	0.00	0.00e+00	1.2000	8.33e-15	26
0.740	1.51e-05	0.0	1.34e-05	2.00e-02	0.00	0.00e+00	1.2000	8.33e-15	26
0.740	1.51e-05	0.0	1.34e-05	3.00e-02	0.00	0.00e+00	1.2000	8.33e-15	26
0.740	1.51e-05	0.0	1.34e-05	4.00e-02	0.00	0.00e+00	1.2000	8.33e-15	26
0.730	1.65e-05	0.0	1.48e-05	-5.00e-02	0.00	0.00e+00	1.2000	8.33e-15	27
0.730	1.65e-05	0.0	1.48e-05	-4.00e-02	0.00	0.00e+00	1.2000	8.33e-15	27
0.730	1.65e-05	0.0	1.48e-05	-3.00e-02	0.00	0.00e+00	1.2000	8.33e-15	27
0.730	1.65e-05	0.0	1.48e-05	-2.00e-02	0.00	0.00e+00	1.2000	8.33e-15	27
0.730	1.65e-05	0.0	1.48e-05	-1.00e-02	0.00	0.00e+00	1.2000	8.33e-15	27
0.730	1.65e-05	0.0	1.48e-05	3.47e-18	0.00	0.00e+00	1.2000	8.33e-15	27
0.730	1.65e-05	0.0	1.48e-05	1.00e-02	0.00	0.00e+00	1.2000	8.33e-15	27
0.730	1.65e-05	0.0	1.48e-05	2.00e-02	0.00	0.00e+00	1.2000	8.33e-15	27
0.730	1.65e-05	0.0	1.48e-05	3.00e-02	0.00	0.00e+00	1.2000	8.33e-15	27
0.730	1.65e-05	0.0	1.48e-05	4.00e-02	0.00	0.00e+00	1.2000	8.33e-15	27
0.720	1.80e-05	0.0	1.67e-05	-5.00e-02	0.00	0.00e+00	1.2000	8.33e-15	28
0.720	1.80e-05	0.0	1.67e-05	-4.00e-02	0.00	0.00e+00	1.2000	8.33e-15	28
0.720	1.80e-05	0.0	1.67e-05	-3.00e-02	0.00	0.00e+00	1.2000	8.33e-15	28
0.720	1.80e-05	0.0	1.67e-05	-2.00e-02	0.00	0.00e+00	1.2000	8.33e-15	28
0.720	1.80e-05	0.0	1.67e-05	-1.00e-02	0.00	0.00e+00	1.2000	8.33e-15	28
0.720	1.80e-05	0.0	1.67e-05	3.47e-18	0.00	0.00e+00	1.2000	8.33e-15	28
0.720	1.80e-05	0.0	1.67e-05	1.00e-02	0.00	0.00e+00	1.2000	8.33e-15	28
0.720	1.80e-05	0.0	1.67e-05	2.00e-02	0.00	0.00e+00	1.2000	8.33e-15	28
0.720	1.80e-05	0.0	1.67e-05	3.00e-02	0.00	0.00e+00	1.2000	8.33e-15	28
0.720	1.80e-05	0.0	1.67e-05	4.00e-02	0.00	0.00e+00	1.2000	8.33e-15	28
0.710	1.96e-05	0.0	1.92e-05	-5.00e-02	0.00	0.00e+00	1.2000	8.33e-15	29
0.710	1.96e-05	0.0	1.92e-05	-4.00e-02	0.00	0.00e+00	1.2000	8.33e-15	29
0.710	1.96e-05	0.0	1.92e-05	-3.00e-02	0.00	0.00e+00	1.2000	8.33e-15	29
0.710	1.96e-05	0.0	1.92e-05	-2.00e-02	0.00	0.00e+00	1.2000	8.33e-15	29
0.710	1.96e-05	0.0	1.92e-05	-1.00e-02	0.00	0.00e+00	1.2000	8.33e-15	29
0.710	1.96e-05	0.0	1.92e-05	3.47e-18	0.00	0.00e+00	1.2000	8.33e-15	29
0.710	1.96e-05	0.0	1.92e-05	1.00e-02	0.00	0.00e+00	1.2000	8.33e-15	29
0.710	1.96e-05	0.0	1.92e-05	2.00e-02	0.00	0.00e+00	1.2000	8.33e-15	29
0.710	1.96e-05	0.0	1.92e-05	3.00e-02	0.00	0.00e+00	1.2000	8.33e-15	29
0.710	1.96e-05	0.0	1.92e-05	4.00e-02	0.00	0.00e+00	1.2000	8.33e-15	29
0.700	2.16e-05	0.0	2.27e-05	-5.00e-02	0.00	0.00e+00	1.2000	8.33e-15	30
0.700	2.16e-05	0.0	2.27e-05	-4.00e-02	0.00	0.00e+00	1.2000	8.33e-15	30
0.700	2.16e-05	0.0	2.27e-05	-3.00e-02	0.00	0.00e+00	1.2000	8.33e-15	30
0.700	2.16e-05	0.0	2.27e-05	-2.00e-02	0.00	0.00e+00	1.2000	8.33e-15	30
0.700	2.16e-05	0.0	2.27e-05	-1.00e-02	0.00	0.00e+00	1.2000	8.33e-15	30
0.700	2.16e-05	0.0	2.27e-05	3.47e-18	0.00	0.00e+00	1.2000	8.33e-15	30
0.700	2.16e-05	0.0	2.27e-05	1.00e-02	0.00	0.00e+00	1.2000	8.33e-15	30
0.700	2.16e-05	0.0	2.27e-05	2.00e-02	0.00	0.00e+00	1.2000	8.33e-15	30
0.700	2.16e-05	0.0	2.27e-05	3.00e-02	0.00	0.00e+00	1.2000	8.33e-15	30
0.700	2.16e-05	0.0	2.27e-05	4.00e-02	0.00	0.00e+00	1.2000	8.33e-15	30
0.690	2.38e-05	0.0	2.74e-05	-5.00e-02	0.00	0.00e+00	1.2000	8.33e-15	31
0.690	2.38e-05	0.0	2.74e-05	-4.00e-02	0.00	0.00e+00	1.2000	8.33e-15	31
0.690	2.38e-05	0.0	2.74e-05	-3.00e-02	0.00	0.00e+00	1.2000	8.33e-15	31
0.690	2.38e-05	0.0	2.74e-05	-2.00e-02	0.00	0.00e+00	1.2000	8.33e-15	31
0.690	2.38e-05	0.0	2.74e-05	-1.00e-02	0.00	0.00e+00	1.2000	8.33e-15	31
0.690	2.38e-05	0.0	2.74e-05	3.47e-18	0.00	0.00e+00	1.2000	8.33e-15	31
0.690	2.38e-05	0.0	2.74e-05	1.00e-02	0.00	0.00e+00	1.2000	8.33e-15	31
0.690	2.38e-05	0.0	2.74e-05	2.00e-02	0.00	0.00e+00	1.2000	8.33e-15	31
0.690	2.38e-05	0.0	2.74e-05	3.00e-02	0.00	0.00e+00	1.2000	8.33e-15	31
0.690	2.38e-05	0.0	2.74e-05	4.00e-02	0.00	0.00e+00	1.2000	8.33e-15	31
0.680	2.66e-05	0.0	3.38e-05	-5.00e-02	0.00	0.00e+00	1.2000	8.33e-15	32
0.680	2.66e-05	0.0	3.38e-05	-4.00e-02	0.00	0.00e+00	1.2000	8.33e-15	32
0.680	2.66e-05	0.0	3.38e-05	-3.00e-02	0.00	0.00e+00	1.2000	8.33e-15	32
0.680	2.66e-05	0.0	3.38e-05	-2.00e-02	0.00	0.00e+00	1.2000	8.33e-15	32
0.680	2.66e-05	0.0	3.38e-05	-1.00e-02	0.00	0.00e+00	1.2000	8.33e-15	32
0.680	2.66e-05	0.0	3.38e-05	3.47e-18	0.00	0.00e+00	1.2000	8.33e-15	32
0.680	2.66e-05	0.0	3.38e-05	1.00e-02	0.00	0.00e+00	1.2000	8.33e-15	32
0.680	2.66e-05	0.0	3.38e-05	2.00e-02	0.00	0.00e+00	1.2000	8.33e-15	32
0.680	2.66e-05	0.0	3.38e-05	3.00e-02	0.00	0.00e+00	1.2000	8.33e-15	32
0.680	2.66e-05	0.0	3.38e-05	4.00e-02	0.00	0.00e+00	1.2000	8.33e-15	32
0.670	2.99e-05	0.0	4.22e-05	-5.00e-02	0.00	0.00e+00	1.2000	8.33e-15	33
0.670	2.99e-05	0.0	4.22e-05	-4.00e-02	0.00	0.00e+00	1.2000	8.33e-15	33
0.670	2.99e-05	0.0	4.22e-05	-3.00e-02	0.00	0.00e+00	1.2000	8.33e-15	33
0.670	2.99e-05	0.0	4.22e-05	-2.00e-02	0.00	0.00e+00	1.2000	8.33e-15	33
0.670	2.99e-05	0.0	4.22e-05	-1.00e-02	0.00	0.00e+00	1.2000	8.33e-15	33
0.670	2.99e-05	0.0	4.22e-05	3.47e-18	0.00	0.00e+00	1.2000	8.33e-15	33
0.670	2.99e-05	0.0	4.22e-05	1.00e-02	0.00	0.00e+00	1.2000	8.33e-15	33
0.670	2.99e-05	0.0	4.22e-05	2.00e-02	0.00	0.00e+00	1.2000	8.33e-15	33
0.670	2.99e-05	0.0	4.22e-05	3.00e-02	0.00	0.00e+00	1.2000	8.33e-15	33
0.670	2.99e-05	0.0	4.22e-05	4.00e-02	0.00	0.00e+00	1.2000	8.33e-15	33
0.660	3.42e-05	0.0	5.32e-05	-5.00e-02	0.00	0.00e+00	1.2000	8.33e-15	34
0.660	3.42e-05	0.0	5.32e-05	-4.00e-02	0.00	0.00e+00	1.2000	8.33e-15	34
0.660	3.42e-05	0.0	5.32e-05	-3.00e-02	0.00	0.00e+00	1.2000	8.33e-15	34
0.660	3.42e-05	0.0	5.32e-05	-2.00e-02	0.00	0.00e+00	1.2000	8.33e-15	34
0.660	3.42e-05	0.0	5.32e-05	-1.00e-02	0.00	0.00e+00	1.2000	8.33e-15	34
0.660	3.42e-05	0.0	5.32e-05	3.47e-18	0.00	0.00e+00	1.2000	8.33e-15	34
0.660	3.42e-05	0.0	5.32e-05	1.00e-02	0.00	0.00e+00	1.2000	8.33e-15	34
0.660	3.42e-05	0.0	5.32e-05	2.00e-02	0.00	0.00e+00	1.2000	8.33e-15	34
0.660	3.42e-05	0.0	5.32e-05	3.00e-02	0.00	0.00e+00	1.2000	8.33e-15	34
0.660	3.42e-05	0.0	5.32e-05	4.00e-02	0.00	0.00e+00	1.2000	8.33e-15	34
0.650	3.95e-05	0.0	6.73e-05	-5.00e-02	0.00	0.00e+00	1.2000	8.33e-15	35
0.650	3.95e-05	0.0	6.73e-05	-4.00e-02	0.00	0.00e+00	1.2000	8.33e-15	35
0.650	3.95e-05	0.0	6.73e-05	-3.00e-02	0.00	0.00e+00	1.2000	8.33e-15	35
0.650	3.95e-05	0.0	6.73e-05	-2.00e-02	0.00	0.00e+00	1.2000	8.33e-15	35
0.650	3.95e-05	0.0	6.73e-05	-1.00e-02	0.00	0.00e+00	1.2000	8.33e-15	35
0.650	3.95e-05	0.0	6.73e-05	3.47e-18	0.00	0.00e+00	1.2000	8.33e-15	35
0.650	3.95e-05	0.0	6.73e-05	1.00e-02	0.00	0.00e+00	1.2000	8.33e-15	35
0.650	3.95e-05	0.0	6.73e-05	2.00e-02	0.00	0.00e+00	1.2000	8.33e-15	35
0.650	3.95e-05	0.0	6.73e-05	3.00e-02	0.00	0.00e+00	1.2000	8.33e-15	35
0.650	3.95e-05	0.0	6.73e-05	4.00e-02	0.00	0.00e+00	1.2000	8.33e-15	35
0.640	4.62e-05	0.0	8.52e-05	-5.00e-02	0.00	0.00e+00	1.2000	8.33e-15	36
0.640	4.62e-05	0.0	8.52e-05	-4.00e-02	0.00	0.00e+00	1.2000	8.33e-15	36
0.640	4.62e-05	0.0	8.52e-05	-3.00e-02	0.00	0.00e+00	1.2000	8.33e-15	36
0.640	4.62e-05	0.0	8.52e-05	-2.00e-02	0.00	0.00e+00	1.2000	8.33e-15	36
0.640	4.62e-05	0.0	8.52e-05	-1.00e-02	0.00	0.00e+00	1.2000	8.33e-15	36
0.640	4.62e-05	0.0	8.52e-05	3.47e-18	0.00	0.00e+00	1.2000	8.33e-15	36
0.640	4.62e-05	0.0	8.52e-05	1.00e-02	0.00	0.00e+00	1.2000	8.33e-15	36
0.640	4.62e-05	0.0	8.52e-05	2.00e-02	0.00	0.00e+00	1.2000	8.33e-15	36
0.640	4.62e-05	0.0	8.52e-05	3.00e-02	0.00	0.00e+00	1.2000	8.33e-15	36
0.640	4.62e-05	0.0	8.52e-05	4.00e-02	0.00	0.00e+00	1.2000	8.33e-15	36
0.630	5.47e-05	0.0	1.07e-04	-5.00e-02	0.00	0.00e+00	1.2000	8.33e-15	37
0.630	5.47e-05	0.0	1.07e-04	-4.00e-02	0.00	0.00e+00	1.2000	8.33e-15	37
0.630	5.47e-05	0.0	1.07e-04	-3.00e-02	0.00	0.00e+00	1.2000	8.33e-15	37
0.630	5.47e-05	0.0	1.07e-04	-2.00e-02	0.00	0.00e+00	1.2000	8.33e-15	37
0.630	5.47e-05	0.0	1.07e-04	-1.00e-02	0.00	0.00e+00	1.2000	8.33e-15	37
0.630	5.47e-05	0.0	1.07e-04	3.47e-18	0.00	0.00e+00	1.2000	8.33e-15	37
0.630	5.47e-05	0.0	1.07e-04	1.00e-02	0.00	0.00e+00	1.2000	8.33e-15	37
0.630	5.47e-05	0.0	1.07e-04	2.00e-02	0.00	0.00e+00	1.2000	8.33e-15	37
0.630	5.47e-05	0.0	1.07e-04	3.00e-02	0.00	0.00e+00	1.2000	8.33e-15	37
0.630	5.47e-05	0.0	1.07e-04	4.00e-02	0.00	0.00e+00	1.2000	8.33e-15	37
0.620	6.55e-05	0.0	1.35e-04	-5.00e-02	0.00	0.00e+00	1.2000	8.33e-15	38
0.620	6.55e-05	0.0	1.35e-04	-4.00e-02	0.00	0.00e+00	1.2000	8.33e-15	38
0.620	6.55e-05	0.0	1.35e-04	-3.00e-02	0.00	0.00e+00	1.2000	8.33e-15	38
0.620	6.55e-05	0.0	1.35e-04	-2.00e-02	0.00	0.00e+00	1.2000	8.33e-15	38
0.620	6.55e-05	0.0	1.35e-04	-1.00e-02	0.00	0.00e+00	1.2000	8.33e-15	38
0.620	6.55e-05	0.0	1.35e-04	3.47e-18	0.00	0.00e+00	1.2000	8.33e-15	38
0.620	6.55e-05	0.0	1.35e-04	1.00e-02	0.00	0.00e+00	1.2000	8.33e-15	38
0.620	6.55e-05	0.0	1.35e-04	2.00e-02	0.00	0.00e+00	1.2000	8.33e-15	38
0.620	6.55e-05	0.0	1.35e-04	3.00e-02	0.00	0.00e+00	1.2000	8.33e-15	38
0.620	6.55e-05	0.0	1.35e-04	4.00e-02	0.00	0.00e+00	1.2000	8.33e-15	38
0.610	7.90e-05	0.0	1.67e-04	-5.00e-02	0.00	0.00e+00	1.2000	8.33e-15	39
0.610	7.90e-05	0.0	1.67e-04	-4.00e-02	0.00	0.00e+00	1.2000	8.33e-15	39
0.610	7.90e-05	0.0	1.67e-04	-3.00e-02	0.00	0.00e+00	1.2000	8.33e-15	39
0.610	7.90e-05	0.0	1.67e-04	-2.00e-02	0.00	0.00e+00	1.2000	8.33e-15	39
0.610	7.90e-05	0.0	1.67e-04	-1.00e-02	0.00	0.00e+00	1.2000	8.33e-15	39
0.610	7.90e-05	0.0	1.67e-04	3.47e-18	0.00	0.00e+00	1.2000	8.33e-15	39
0.610	7.90e-05	0.0	1.67e-04	1.00e-02	0.00	0.00e+00	1.2000	8.33e-15	39
0.610	7.90e-05	0.0	1.67e-04	2.00e-02	0.00	0.00e+00	1.2000	8.33e-15	39
0.610	7.90e-05	0.0	1.67e-04	3.00e-02	0.00	0.00e+00	1.2000	8.33e-15	39
0.610	7.90e-05	0.0	1.67e-04	4.00e-02	0.00	0.00e+00	1.2000	8.33e-15	39
0.600	9.57e-05	0.0	2.06e-04	-5.00e-02	0.00	0.00e+00	1.2000	8.33e-15	40
0.600	9.57e-05	0.0	2.06e-04	-4.00e-02	0.00	0.00e+00	1.2000	8.33e-15	40
0.600	9.57e-05	0.0	2.06e-04	-3.00e-02	0.00	0.00e+00	1.2000	8.33e-15	40
0.600	9.57e-05	0.0	2.06e-04	-2.00e-02	0.00	0.00e+00	1.2000	8.33e-15	40
0.600	9.57e-05	0.0	2.06e-04	-1.00e-02	0.00	0.00e+00	1.2000	8.33e-15	40
0.600	9.57e-05	0.0	2.06e-04	3.47e-18	0.00	0.00e+00	1.2000	8.33e-15	40
0.600	9.57e-05	0.0	2.06e-04	1.00e-02	0.00	0.00e+00	1.2000	8.33e-15	40
0.600	9.57e-05	0.0	2.06e-04	2.00e-02	0.00	0.00e+00	1.2000	8.33e-15	40
0.600	9.57e-05	0.0	2.06e-04	3.00e-02	0.00	0.00e+00	1.2000	8.33e-15	40
0.600	9.57e-05	0.0	2.06e-04	4.00e-02	0.00	0.00e+00	1.2000	8.33e-15	40
0.590	1.16e-04	0.0	2.51e-04	-5.00e-02	0.00	0.00e+00	1.2000	8.33e-15	41
0.590	1.16e-04	0.0	2.51e-04	-4.00e-02	0.00	0.00e+00	1.2000	8.33e-15	41
0.590	1.16e-04	0.0	2.51e-04	-3.00e-02	0.00	0.00e+00	1.2000	8.33e-15	41
0.590	1.16e-04	0.0	2.51e-04	-2.00e-02	0.00	0.00e+00	1.2000	8.33e-15	41
0.590	1.16e-04	0.0	2.51e-04	-1.00e-02	0.00	0.00e+00	1.2000	8.33e-15	41
0.590	1.16e-04	0.0	2.51e-04	3.47e-18	0.00	0.00e+00	1.2000	8.33e-15	41
0.590	1.16e-04	0.0	2.51e-04	1.00e-02	0.00	0.00e+00	1.2000	8.33e-15	41
0.590	1.16e-04	0.0	2.51e-04	2.00e-02	0.00	0.00e+00	1.2000	8.33e-15	41
0.590	1.16e-04	0.0	2.51e-04	3.00e-02	0.00	0.00e+00	1.2000	8.33e-15	41
0.590	1.16e-04	0.0	2.51e-04	4.00e-02	0.00	0.00e+00	1.2000	8.33e-15	41
0.580	1.41e-04	0.0	3.02e-04	-5.00e-02	0.00	0.00e+00	1.2000	8.33e-15	42
0.580	1.41e-04	0.0	3.02e-04	-4.00e-02	0.00	0.00e+00	1.2000	8.33e-15	42
0.580	1.41e-04	0.0	3.02e-04	-3.00e-02	0.00	0.00e+00	1.2000	8.33e-15	42
0.580	1.41e-04	0.0	3.02e-04	-2.00e-02	0.00	0.00e+00	1.2000	8.33e-15	42
0.580	1.41e-04	0.0	3.02e-04	-1.00e-02	0.00	0.00e+00	1.2000	8.33e-15	42
0.580	1.41e-04	0.0	3.02e-04	3.47e-18	0.00	0.00e+00	1.2000	8.33e-15	42
0.580	1.41e-04	0.0	3.02e-04	1.00e-02	0.00	0.00e+00	1.2000	8.33e-15	42
0.580	1.41e-04	0.0	3.02e-04	2.00e-02	0.00	0.00e+00	1.2000	8.33e-15	42
0.580	1.41e-04	0.0	3.02e-04	3.00e-02	0.00	0.00e+00	1.2000	8.33e-15	42
0.580	1.41e-04	0.0	3.02e-04	4.00e-02	0.00	0.00e+00	1.2000	8.33e-15	42
0.570	1.72e-04	0.0	3.59e-04	-5.00e-02	0.00	0.00e+00	1.2000	8.33e-15	43
0.570	1.72e-04	0.0	3.59e-04	-4.00e-02	0.00	0.00e+00	1.2000	8.33e-15	43
0.570	1.72e-04	0.0	3.59e-04	-3.00e-02	0.00	0.00e+00	1.2000	8.33e-15	43
0.570	1.72e-04	0.0	3.59e-04	-2.00e-02	0.00	0.00e+00	1.2000	8.33e-15	43
0.570	1.72e-04	0.0	3.59e-04	-1.00e-02	0.00	0.00e+00	1.2000	8.33e-15	43
0.570	1.72e-04	0.0	3.59e-04	3.47e-18	0.00	0.00e+00	1.2000	8.33e-15	43
0.570	1.72e-04	0.0	3.59e-04	1.00e-02	0.00	0.00e+00	1.2000	8.33e-15	43
0.570	1.72e-04	0.0	3.59e-04	2.00e-02	0.00	0.00e+00	1.2000	8.33e-15	43
0.570	1.72e-04	0.0	3.59e-04	3.00e-02	0.00	0.00e+00	1.2000	8.33e-15	43
0.570	1.72e-04	0.0	3.59e-04	4.00e-02	0.00	0.00e+00	1.2000	8.33e-15	43
0.560	2.07e-04	0.0	4.20e-04	-5.00e-02	0.00	0.00e+00	1.2000	8.33e-15	44
0.560	2.07e-04	0.0	4.20e-04	-4.00e-02	0.00	0.00e+00	1.2000	8.33e-15	44
0.560	2.07e-04	0.0	4.20e-04	-3.00e-02	0.00	0.00e+00	1.2000	8.33e-15	44
0.560	2.07e-04	0.0	4.20e-04	-2.00e-02	0.00	0.00e+00	1.2000	8.33e-15	44
0.560	2.07e-04	0.0	4.20e-04	-1.00e-02	0.00	0.00e+00	1.2000	8.33e-15	44
0.560	2.07e-04	0.0	4.20e-04	3.47e-18	0.00	0.00e+00	1.2000	8.33e-15	44
0.560	2.07e-04	0.0	4.20e-04	1.00e-02	0.00	0.00e+00	1.2000	8.33e-15	44
0.560	2.07e-04	0.0	4.20e-04	2.00e-02	0.00	0.00e+00	1.2000	8.33e-15	44
0.560	2.07e-04	0.0	4.20e-04	3.00e-02	0.00	0.00e+00	1.2000	8.33e-15	44
0.560	2.07e-04	0.0	4.20e-04	4.00e-02	0.00	0.00e+00	1.2000	8.33e-15	44
0.550	2.49e-04	0.0	4.85e-04	-5.00e-02	0.00	0.00e+00	1.2000	8.33e-15	45
0.550	2.49e-04	0.0	4.85e-04	-4.00e-02	0.00	0.00e+00	1.2000	8.33e-15	45
0.550	2.49e-04	0.0	4.85e-04	-3.00e-02	0.00	0.00e+00	1.2000	8.33e-15	45
0.550	2.49e-04	0.0	4.85e-04	-2.00e-02	0.00	0.00e+00	1.2000	8.33e-15	45
0.550	2.49e-04	0.0	4.85e-04	-1.00e-02	0.00	0.00e+00	1.2000	8.33e-15	45
0.550	2.49e-04	0.0	4.85e-04	3.47e-18	0.00	0.00e+00	1.2000	8.33e-15	45
0.550	2.49e-04	0.0	4.85e-04	1.00e-02	0.00	0.00e+00	1.2000	8.33e-15	45
0.550	2.49e-04	0.0	4.85e-04	2.00e-02	0.00	0.00e+00	1.2000	8.33e-15	45
0.550	2.49e-04	0.0	4.85e-04	3.00e-02	0.00	0.00e+00	1.2000	8.33e-15	45
0.550	2.49e-04	0.0	4.85e-04	4.00e-02	0.00	0.00e+00	1.2000	8.33e-15	45
0.540	2.98e-04	0.0	5.50e-04	-5.00e-02	0.00	0.00e+00	1.2000	8.33e-15	46
0.540	2.98e-04	0.0	5.50e-04	-4.00e-02	0.00	0.00e+00	1.2000	8.33e-15	46
0.540	2.98e-04	0.0	5.50e-04	-3.00e-02	0.00	0.00e+00	1.2000	8.33e-15	46
0.540	2.98e-04	0.0	5.50e-04	-2.00e-02	0.00	0.00e+00	1.2000	8.33e-15	46
0.540	2.98e-04	0.0	5.50e-04	-1.00e-02	0.00	0.00e+00	1.2000	8.33e-15	46
0.540	2.98e-04	0.0	5.50e-04	3.47e-18	0.00	0.00e+00	1.2000	8.33e-15	46
0.540	2.98e-04	0.0	5.50e-04	1.00e-02	0.00	0.00e+00	1.2000	8.33e-15	46
0.540	2.98e-04	0.0	5.50e-04	2.00e-02	0.00	0.00e+00	1.2000	8.33e-15	46
0.540	2.98e-04	0.0	5.50e-04	3.00e-02	0.00	0.00e+00	1.2000	8.33e-15	46
0.540	2.98e-04	0.0	5.50e-04	4.00e-02	0.00	0.00e+00	1.2000	8.33e-15	46
0.530	3.53e-04	0.0	6.15e-04	-5.00e-02	0.00	0.00e+00	1.2000	8.33e-15	47
0.530	3.53e-04	0.0	6.15e-04	-4.00e-02	0.00	0.00e+00	1.2000	8.33e-15	47
0.530	3.53e-04	0.0	6.15e-04	-3.00e-02	0.00	0.00e+00	1.2000	8.33e-15	47
0.530	3.53e-04	0.0	6.15e-04	-2.00e-02	0.00	0.00e+00	1.2000	8.33e-15	47
0.530	3.53e-04	0.0	6.15e-04	-1.00e-02	0.00	0.00e+00	1.2000	8.33e-15	47
0.530	3.53e-04	0.0	6.15e-04	3.47e-18	0.00	0.00e+00	1.2000	8.33e-15	47
0.530	3.53e-04	0.0	6.15e-04	1.00e-02	0.00	0.00e+00	1.2000	8.33e-15	47
0.530	3.53e-04	0.0	6.15e-04	2.00e-02	0.00	0.00e+00	1.2000	8.33e-15	47
0.530	3.53e-04	0.0	6.15e-04	3.00e-02	0.00	0.00e+00	1.2000	8.33e-15	47
0.530	3.53e-04	0.0	6.15e-04	4.00e-02	0.00	0.00e+00	1.2000	8.33e-15	47
0.520	4.14e-04	0.0	6.74e-04	-5.00e-02	0.00	0.00e+00	1.2000	8.33e-15	48
0.520	4.14e-04	0.0	6.74e-04	-4.00e-02	0.00	0.00e+00	1.2000	8.33e-15	48
0.520	4.14e-04	0.0	6.74e-04	-3.00e-02	0.00	0.00e+00	1.2000	8.33e-15	48
0.520	4.14e-04	0.0	6.74e-04	-2.00e-02	0.00	0.00e+00	1.2000	8.33e-15	48
0.520	4.14e-04	0.0	6.74e-04	-1.00e-02	0.00	0.00e+00	1.2000	8.33e-15	48
0.520	4.14e-04	0.0	6.74e-04	3.47e-18	0.00	0.00e+00	1.2000	8.33e-15	48
0.520	4.14e-04	0.0	6.74e-04	1.00e-02	0.00	0.00e+00	1.2000	8.33e-15	48
0.520	4.14e-04	0.0	6.74e-04	2.00e-02	0.00	0.00e+00	1.2000	8.33e-15	48
0.520	4.14e-04	0.0	6.74e-04	3.00e-02	0.00	0.00e+00	1.2000	8.33e-15	48
0.520	4.14e-04	0.0	6.74e-04	4.00e-02	0.00	0.00e+00	1.2000	8.33e-15	48
0.510	4.82e-04	0.0	7.23e-04	-5.00e-02	0.00	0.00e+00	1.2000	8.33e-15	49
0.510	4.82e-04	0.0	7.23e-04	-4.00e-02	0.00	0.00e+00	1.2000	8.33e-15	49
0.510	4.82e-04	0.0	7.23e-04	-3.00e-02	0.00	0.00e+00	1.2000	8.33e-15	49
0.510	4.82e-04	0.0	7.23e-04	-2.00e-02	0.00	0.00e+00	1.2000	8.33e-15	49
0.510	4.82e-04	0.0	7.23e-04	-1.00e-02	0.00	0.00e+00	1.2000	8.33e-15	49
0.510	4.82e-04	0.0	7.23e-04	3.47e-18	0.00	0.00e+00	1.2000	8.33e-15	49
0.510	4.82e-04	0.0	7.23e-04	1.00e-02	0.00	0.00e+00	1.2000	8.33e-15	49
0.510	4.82e-04	0.0	7.23e-04	2.00e-02	0.00	0.00e+00	1.2000	8.33e-15	49
0.510	4.82e-04	0.0	7.23e-04	3.00e-02	0.00	0.00e+00	1.2000	8.33e-15	49
0.510	4.82e-04	0.0	7.23e-04	4.00e-02	0.00	0.00e+00	1.2000	8.33e-15	49
0.500	5.54e-04	0.0	7.57e-04	-5.00e-02	0.00	0.00e+00	1.2000	8.33e-15	50
0.500	5.54e-04	0.0	7.57e-04	-4.00e-02	0.00	0.00e+00	1.2000	8.33e-15	50
0.500	5.54e-04	0.0	7.57e-04	-3.00e-02	0.00	0.00e+00	1.2000	8.33e-15	50
0.500	5.54e-04	0.0	7.57e-04	-2.00e-02	0.00	0.00e+00	1.2000	8.33e-15	50
0.500	5.54e-04	0.0	7.57e-04	-1.00e-02	0.00	0.00e+00	1.2000	8.33e-15	50
0.500	5.54e-04	0.0	7.57e-04	3.47e-18	0.00	0.00e+00	1.2000	8.33e-15	50
0.500	5.54e-04	0.0	7.57e-04	1.00e-02	0.00	0.00e+00	1.2000	8.33e-15	50
0.500	5.54e-04	0.0	7.57e-04	2.00e-02	0.00	0.00e+00	1.2000	8.33e-15	50
0.500	5.54e-04	0.0	7.57e-04	3.00e-02	0.00	0.00e+00	1.2000	8.33e-15	50
0.500	5.54e-04	0.0	7.57e-04	4.00e-02	0.00	0.00e+00	1.2000	8.33e-15	50
0.490	6.30e-04	0.0	7.70e-04	-5.00e-02	0.00	0.00e+00	1.2000	8.33e-15	51
0.490	6.30e-04	0.0	7.70e-04	-4.00e-02	0.00	0.00e+00	1.2000	8.33e-15	51
0.490	6.30e-04	0.0	7.70e-04	-3.00e-02	0.00	0.00e+00	1.2000	8.33e-15	51
0.490	6.30e-04	0.0	7.70e-04	-2.00e-02	0.00	0.00e+00	1.2000	8.33e-15	51
0.490	6.30e-04	0.0	7.70e-04	-1.00e-02	0.00	0.00e+00	1.2000	8.33e-15	51
0.490	6.30e-04	0.0	7.70e-04	3.47e-18	0.00	0.00e+00	1.2000	8.33e-15	51
0.490	6.30e-04	0.0	7.70e-04	1.00e-02	0.00	0.00e+00	1.2000	8.33e-15	51
0.490	6.30e-04	0.0	7.70e-04	2.00e-02	0.00	0.00e+00	1.2000	8.33e-15	51
0.490	6.30e-04	0.0	7.70e-04	3.00e-02	0.00	0.00e+00	1.2000	8.33e-15	51
0.490	6.30e-04	0.0	7.70e-04	4.00e-02	0.00	0.00e+00	1.2000	8.33e-15	51
0.480	7.07e-04	0.0	7.56e-04	-5.00e-02	0.00	0.00e+00	1.2000	8.33e-15	52
0.480	7.07e-04	0.0	7.56e-04	-4.00e-02	0.00	0.00e+00	1.2000	8.33e-15	52
0.480	7.07e-04	0.0	7.56e-04	-3.00e-02	0.00	0.00e+00	1.2000	8.33e-15	52
0.480	7.07e-04	0.0	7.56e-04	-2.00e-02	0.00	0.00e+00	1.2000	8.33e-15	52
0.480	7.07e-04	0.0	7.56e-04	-1.00e-02	0.00	0.00e+00	1.2000	8.33e-15	52
0.480	7.07e-04	0.0	7.56e-04	3.47e-18	0.00	0.00e+00	1.2000	8.33e-15	52
0.480	7.07e-04	0.0	7.56e-04	1.00e-02	0.00	0.00e+00	1.2000	8.33e-15	52
0.480	7.07e-04	0.0	7.56e-04	2.00e-02	0.00	0.00e+00	1.2000	8.33e-15	52
0.480	7.07e-04	0.0	7.56e-04	3.00e-02	0.00	0.00e+00	1.2000	8.33e-15	52
0.480	7.07e-04	0.0	7.56e-04	4.00e-02	0.00	0.00e+00	1.2000	8.33e-15	52
0.470	7.82e-04	0.0	7.06e-04	-5.00e-02	0.00	0.00e+00	1.2000	8.33e-15	53
0.470	7.82e-04	0.0	7.06e-04	-4.00e-02	0.00	0.00e+00	1.2000	8.33e-15	53
0.470	7.82e-04	0.0	7.06e-04	-3.00e-02	0.00	0.00e+00	1.2000	8.33e-15	53
0.470	7.82e-04	0.0	7.06e-04	-2.00e-02	0.00	0.00e+00	1.2000	8.33e-15	53
0.470	7.82e-04	0.0	7.06e-04	-1.00e-02	0.00	0.00e+00	1.2000	8.33e-15	53
0.470	7.82e-04	0.0	7.06e-04	3.47e-18	0.00	0.00e+00	1.2000	8.33e-15	53
0.470	7.82e-04	0.0	7.06e-04	1.00e-02	0.00	0.00e+00	1.2000	8.33e-15	53
0.470	7.82e-04	0.0	7.06e-04	2.00e-02	0.00	0.00e+00	1.2000	8.33e-15	53
0.470	7.82e-04	0.0	7.06e-04	3.00e-02	0.00	0.00e+00	1.2000	8.33e-15	53
0.470	7.82e-04	0.0	7.06e-04	4.00e-02	0.00	0.00e+00	1.2000	8.33e-15	53
0.460	8.53e-04	0.0	6.14e-04	-5.00e-02	0.00	0.00e+00	1.2000	8.33e-15	54
0.460	8.53e-04	0.0	6.14e-04	-4.00e-02	0.00	0.00e+00	1.2000	8.33e-15	54
0.460	8.53e-04	0.0	6.14e-04	-3.00e-02	0.00	0.00e+00	1.2000	8.33e-15	54
0.460	8.53e-04	0.0	6.14e-04	-2.00e-02	0.00	0.00e+00	1.2000	8.33e-15	54
0.460	8.53e-04	0.0	6.14e-04	-1.00e-02	0.00	0.00e+00	1.2000	8.33e-15	54
0.460	8.53e-04	0.0	6.14e-04	3.47e-18	0.00	0.00e+00	1.2000	8.33e-15	54
0.460	8.53e-04	0.0	6.14e-04	1.00e-02	0.00	0.00e+00	1.2000	8.33e-15	54
0.460	8.53e-04	0.0	6.14e-04	2.00e-02	0.00	0.00e+00	1.2000	8.33e-15	54
0.460	8.53e-04	0.0	6.14e-04	3.00e-02	0.00	0.00e+00	1.2000	8.33e-15	54
0.460	8.53e-04	0.0	6.14e-04	4.00e-02	0.00	0.00e+00	1.2000	8.33e-15	54
0.450	9.14e-04	0.0	4.72e-04	-5.00e-02	0.00	0.00e+00	1.2000	8.33e-15	55
0.450	9.14e-04	0.0	4.72e-04	-4.00e-02	0.00	0.00e+00	1.2000	8.33e-15	55
0.450	9.14e-04	0.0	4.72e-04	-3.00e-02	0.00	0.00e+00	1.2000	8.33e-15	55
0.450	9.14e-04	0.0	4.72e-04	-2.00e-02	0.00	0.00e+00	1.2000	8.33e-15	55
0.450	9.14e-04	0.0	4.72e-04	-1.00e-02	0.00	0.00e+00	1.2000	8.33e-15	55
0.450	9.14e-04	0.0	4.72e-04	3.47e-18	0.00	0.00e+00	1.2000	8.33e-15	55
0.450	9.14e-04	0.0	4.72e-04	1.00e-02	0.00	0.00e+00	1.2000	8.33e-15	55
0.450	9.14e-04	0.0	4.72e-04	2.00e-02	0.00	0.00e+00	1.2000	8.33e-15	55
0.450	9.14e-04	0.0	4.72e-04	3.00e-02	0.00	0.00e+00	1.2000	8.33e-15	55
0.450	9.14e-04	0.0	4.72e-04	4.00e-02	0.00	0.00e+00	1.2000	8.33e-15	55
0.440	9.62e-04	0.0	2.73e-04	-5.00e-02	0.00	0.00e+00	1.2000	8.33e-15	56
0.440	9.62e-04	0.0	2.73e-04	-4.00e-02	0.00	0.00e+00	1.2000	8.33e-15	56
0.440	9.62e-04	0.0	2.73e-04	-3.00e-02	0.00	0.00e+00	1.2000	8.33e-15	56
0.440	9.62e-04	0.0	2.73e-04	-2.00e-02	0.00	0.00e+00	1.2000	8.33e-15	56
0.440	9.62e-04	0.0	2.73e-04	-1.00e-02	0.00	0.00e+00	1.2000	8.33e-15	56
0.440	9.62e-04	0.0	2.73e-04	3.47e-18	0.00	0.00e+00	1.2000	8.33e-15	56
0.440	9.62e-04	0.0	2.73e-04	1.00e-02	0.00	0.00e+00	1.2000	8.33e-15	56
0.440	9.62e-04	0.0	2.73e-04	2.00e-02	0.00	0.00e+00	1.2000	8.33e-15	56
0.440	9.62e-04	0.0	2.73e-04	3.00e-02	0.00	0.00e+00	1.2000	8.33e-15	56
0.440	9.62e-04	0.0	2.73e-04	4.00e-02	0.00	0.00e+00	1.2000	8.33e-15	56
0.430	9.89e-04	0.0	1.01e-05	-5.00e-02	0.00	0.00e+00	1.2000	8.33e-15	57
0.430	9.89e-04	0.0	1.01e-05	-4.00e-02	0.00	0.00e+00	1.2000	8.33e-15	57
0.430	9.89e-04	0.0	1.01e-05	-3.00e-02	0.00	0.00e+00	1.2000	8.33e-15	57
0.430	9.89e-04	0.0	1.01e-05	-2.00e-02	0.00	0.00e+00	1.2000	8.33e-15	57
0.430	9.89e-04	0.0	1.01e-05	-1.00e-02	0.00	0.00e+00	1.2000	8.33e-15	57
0.430	9.89e-04	0.0	1.01e-05	3.47e-18	0.00	0.00e+00	1.2000	8.33e-15	57
0.430	9.89e-04	0.0	1.01e-05	1.00e-02	0.00	0.00e+00	1.2000	8.33e-15	57
0.430	9.89e-04	0.0	1.01e-05	2.00e-02	0.00	0.00e+00	1.2000	8.33e-15	57
0.430	9.89e-04	0.0	1.01e-05	3.00e-02	0.00	0.00e+00	1.2000	8.33e-15	57
0.430	9.89e-04	0.0	1.01e-05	4.00e-02	0.00	0.00e+00	1.2000	8.33e-15	57
0.420	9.90e-04	0.0	-3.20e-04	-5.00e-02	0.00	0.00e+00	1.2000	8.33e-15	58
0.420	9.90e-04	0.0	-3.20e-04	-4.00e-02	0.00	0.00e+00	1.2000	8.33e-15	58
0.420	9.90e-04	0.0	-3.20e-04	-3.00e-02	0.00	0.00e+00	1.2000	8.33e-15	58
0.420	9.90e-04	0.0	-3.20e-04	-2.00e-02	0.00	0.00e+00	1.2000	8.33e-15	58
0.420	9.90e-04	0.0	-3.20e-04	-1.00e-02	0.00	0.00e+00	1.2000	8.33e-15	58
0.420	9.90e-04	0.0	-3.20e-04	3.47e-18	0.00	0.00e+00	1.2000	8.33e-15	58
0.420	9.90e-04	0.0	-3.20e-04	1.00e-02	0.00	0.00e+00	1.2000	8.33e-15	58
0.420	9.90e-04	0.0	-3.20e-04	2.00e-02	0.00	0.00e+00	1.2000	8.33e-15	58
0.420	9.90e-04	0.0	-3.20e-04	3.00e-02	0.00	0.00e+00	1.2000	8.33e-15	58
0.420	9.90e-04	0.0	-3.20e-04	4.00e-02	0.00	0.00e+00	1.2000	8.33e-15	58
0.410	9.58e-04	0.0	-7.22e-04	-5.00e-02	0.00	0.00e+00	1.2000	8.33e-15	59
0.410	9.58e-04	0.0	-7.22e-04	-4.00e-02	0.00	0.00e+00	1.2000	8.33e-15	59
0.410	9.58e-04	0.0	-7.22e-04	-3.00e-02	0.00	0.00e+00	1.2000	8.33e-15	59
0.410	9.58e-04	0.0	-7.22e-04	-2.00e-02	0.00	0.00e+00	1.2000	8.33e-15	59
0.410	9.58e-04	0.0	-7.22e-04	-1.00e-02	0.00	0.00e+00	1.2000	8.33e-15	59
0.410	9.58e-04	0.0	-7.22e-04	3.47e-18	0.00	0.00e+00	1.2000	8.33e-15	59
0.410	9.58e-04	0.0	-7.22e-04	1.00e-02	0.00	0.00e+00	1.2000	8.33e-15	59
0.410	9.58e-04	0.0	-7.22e-04	2.00e-02	0.00	0.00e+00	1.2000	8.33e-15	59
0.410	9.58e-04	0.0	-7.22e-04	3.00e-02	0.00	0.00e+00	1.2000	8.33e-15	59
0.410	9.58e-04	0.0	-7.22e-04	4.00e-02	0.00	0.00e+00	1.2000	8.33e-15	59
0.400	8.86e-04	0.0	-1.19e-03	-5.00e-02	0.00	0.00e+00	1.2000	8.33e-15	60
0.400	8.86e-04	0.0	-1.19e-03	-4.00e-02	0.00	0.00e+00	1.2000	8.33e-15	60
0.400	8.86e-04	0.0	-1.19e-03	-3.00e-02	0.00	0.00e+00	1.2000	8.33e-15	60
0.400	8.86e-04	0.0	-1.19e-03	-2.00e-02	0.00	0.00e+00	1.2000	8.33e-15	60
0.400	8.86e-04	0.0	-1.19e-03	-1.00e-02	0.00	0.00e+00	1.2000	8.33e-15	60
0.400	8.86e-04	0.0	-1.19e-03	3.47e-18	0.00	0.00e+00	1.2000	8.33e-15	60
0.400	8.86e-04	0.0	-1.19e-03	1.00e-02	0.00	0.00e+00	1.2000	8.33e-15	60
0.400	8.86e-04	0.0	-1.19e-03	2.00e-02	0.00	0.00e+00	1.2000	8.33e-15	60
0.400	8.86e-04	0.0	-1.19e-03	3.00e-02	0.00	0.00e+00	1.2000	8.33e-15	60
0.400	8.86e-04	0.0	-1.19e-03	4.00e-02	0.00	0.00e+00	1.2000	8.33e-15	60
0.390	7.66e-04	0.0	-1.74e-03	-5.00e-02	0.00	0.00e+00	1.2000	8.33e-15	61
0.390	7.66e-04	0.0	-1.74e-03	-4.00e-02	0.00	0.00e+00	1.2000	8.33e-15	61
0.390	7.66e-04	0.0	-1.74e-03	-3.00e-02	0.00	0.00e+00	1.2000	8.33e-15	61
0.390	7.66e-04	0.0	-1.74e-03	-2.00e-02	0.00	0.00e+00	1.2000	8.33e-15	61
0.390	7.66e-04	0.0	-1.74e-03	-1.00e-02	0.00	0.00e+00	1.2000	8.33e-15	61
0.390	7.66e-04	0.0	-1.74e-03	3.47e-18	0.00	0.00e+00	1.2000	8.33e-15	61
0.390	7.66e-04	0.0	-1.74e-03	1.00e-02	0.00	0.00e+00	1.2000	8.33e-15	61
0.390	7.66e-04	0.0	-1.74e-03	2.00e-02	0.00	0.00e+00	1.2000	8.33e-15	61
0.390	7.66e-04	0.0	-1.74e-03	3.00e-02	0.00	0.00e+00	1.2000	8.33e-15	61
0.390	7.66e-04	0.0	-1.74e-03	4.00e-02	0.00	0.00e+00	1.2000	8.33e-15	61
0.380	5.93e-04	0.0	-2.34e-03	-5.00e-02	0.00	0.00e+00	1.2000	8.33e-15	62
0.380	5.93e-04	0.0	-2.34e-03	-4.00e-02	0.00	0.00e+00	1.2000	8.33e-15	62
0.380	5.93e-04	0.0	-2.34e-03	-3.00e-02	0.00	0.00e+00	1.2000	8.33e-15	62
0.380	5.93e-04	0.0	-2.34e-03	-2.00e-02	0.00	0.00e+00	1.2000	8.33e-15	62
0.380	5.93e-04	0.0	-2.34e-03	-1.00e-02	0.00	0.00e+00	1.2000	8.33e-15	62
0.380	5.93e-04	0.0	-2.34e-03	3.47e-18	0.00	0.00e+00	1.2000	8.33e-15	62
0.380	5.93e-04	0.0	-2.34e-03	1.00e-02	0.00	0.00e+00	1.2000	8.33e-15	62
0.380	5.93e-04	0.0	-2.34e-03	2.00e-02	0.00	0.00e+00	1.2000	8.33e-15	62
0.380	5.93e-04	0.0	-2.34e-03	3.00e-02	0.00	0.00e+00	1.2000	8.33e-15	62
0.380	5.93e-04	0.0	-2.34e-03	4.00e-02	0.00	0.00e+00	1.2000	8.33e-15	62
0.370	3.59e-04	0.0	-2.99e-03	-5.00e-02	0.00	0.00e+00	1.2000	8.33e-15	63
0.370	3.59e-04	0.0	-2.99e-03	-4.00e-02	0.00	0.00e+00	1.2000	8.33e-15	63
0.370	3.59e-04	0.0	-2.99e-03	-3.00e-02	0.00	0.00e+00	1.2000	8.33e-15	63
0.370	3.59e-04	0.0	-2.99e-03	-2.00e-02	0.00	0.00e+00	1.2000	8.33e-15	63
0.370	3.59e-04	0.0	-2.99e-03	-1.00e-02	0.00	0.00e+00	1.2000	8.33e-15	63
0.370	3.59e-04	0.0	-2.99e-03	3.47e-18	0.00	0.00e+00	1.2000	8.33e-15	63
0.370	3.59e-04	0.0	-2.99e-03	1.00e-02	0.00	0.00e+00	1.2000	8.33e-15	63
0.370	3.59e-04	0.0	-2.99e-03	2.00e-02	0.00	0.00e+00	1.2000	8.33e-15	63
0.370	3.59e-04	0.0	-2.99e-03	3.00e-02	0.00	0.00e+00	1.2000	8.33e-15	63
0.370	3.59e-04	0.0	-2.99e-03	4.00e-02	0.00	0.00e+00	1.2000	8.33e-15	63
0.360	5.92e-05	0.0	-3.68e-03	-5.00e-02	0.00	0.00e+00	1.2000	8.33e-15	64
0.360	5.92e-05	0.0	-3.68e-03	-4.00e-02	0.00	0.00e+00	1.2000	8.33e-15	64
0.360	5.92e-05	0.0	-3.68e-03	-3.00e-02	0.00	0.00e+00	1.2000	8.33e-15	64
0.360	5.92e-05	0.0	-3.68e-03	-2.00e-02	0.00	0.00e+00	1.2000	8.33e-15	64
0.360	5.92e-05	0.0	-3.68e-03	-1.00e-02	0.00	0.00e+00	1.2000	8.33e-15	64
0.360	5.92e-05	0.0	-3.68e-03	3.47e-18	0.00	0.00e+00	1.2000	8.33e-15	64
0.360	5.92e-05	0.0	-3.68e-03	1.00e-02	0.00	0.00e+00	1.2000	8.33e-15	64
0.360	5.92e-05	0.0	-3.68e-03	2.00e-02	0.00	0.00e+00	1.2000	8.33e-15	64
0.360	5.92e-05	0.0	-3.68e-03	3.00e-02	0.00	0.00e+00	1.2000	8.33e-15	64
0.360	5.92e-05	0.0	-3.68e-03	4.00e-02	0.00	0.00e+00	1.2000	8.33e-15	64
0.350	-3.09e-04	0.0	-4.39e-03	-5.00e-02	0.00	0.00e+00	1.2000	8.33e-15	65
0.350	-3.09e-04	0.0	-4.39e-03	-4.00e-02	0.00	0.00e+00	1.2000	8.33e-15	65
0.350	-3.09e-04	0.0	-4.39e-03	-3.00e-02	0.00	0.00e+00	1.2000	8.33e-15	65
0.350	-3.09e-04	0.0	-4.39e-03	-2.00e-02	0.00	0.00e+00	1.2000	8.33e-15	65
0.350	-3.09e-04	0.0	-4.39e-03	-1.00e-02	0.00	0.00e+00	1.2000	8.33e-15	65
0.350	-3.09e-04	0.0	-4.39e-03	3.47e-18	0.00	0.00e+00	1.2000	8.33e-15	65
0.350	-3.09e-04	0.0	-4.39e-03	1.00e-02	0.00	0.00e+00	1.2000	8.33e-15	65
0.350	-3.09e-04	0.0	-4.39e-03	2.00e-02	0.00	0.00e+00	1.2000	8.33e-15	65
0.350	-3.09e-04	0.0	-4.39e-03	3.00e-02	0.00	0.00e+00	1.2000	8.33e-15	65
0.350	-3.09e-04	0.0	-4.39e-03	4.00e-02	0.00	0.00e+00	1.2000	8.33e-15	65
0.340	-7.48e-04	0.0	-5.09e-03	-5.00e-02	0.00	0.00e+00	1.2000	8.33e-15	66
0.340	-7.48e-04	0.0	-5.09e-03	-4.00e-02	0.00	0.00e+00	1.2000	8.33e-15	66
0.340	-7.48e-04	0.0	-5.09e-03	-3.00e-02	0.00	0.00e+00	1.2000	8.33e-15	66
0.340	-7.48e-04	0.0	-5.09e-03	-2.00e-02	0.00	0.00e+00	1.2000	8.33e-15	66
0.340	-7.48e-04	0.0	-5.09e-03	-1.00e-02	0.00	0.00e+00	1.2000	8.33e-15	66
0.340	-7.48e-04	0.0	-5.09e-03	3.47e-18	0.00	0.00e+00	1.2000	8.33e-15	66
0.340	-7.48e-04	0.0	-5.09e-03	1.00e-02	0.00	0.00e+00	1.2000	8.33e-15	66
0.340	-7.48e-04	0.0	-5.09e-03	2.00e-02	0.00	0.00e+00	1.2000	8.33e-15	66
0.340	-7.48e-04	0.0	-5.09e-03	3.00e-02	0.00	0.00e+00	1.2000	8.33e-15	66
0.340	-7.48e-04	0.0	-5.09e-03	4.00e-02	0.00	0.00e+00	1.2000	8.33e-15	66
0.330	-1.26e-03	0.0	-5.74e-03	-5.00e-02	0.00	0.00e+00	1.2000	8.33e-15	67
0.330	-1.26e-03	0.0	-5.74e-03	-4.00e-02	0.00	0.00e+00	1.2000	8.33e-15	67
0.330	-1.26e-03	0.0	-5.74e-03	-3.00e-02	0.00	0.00e+00	1.2000	8.33e-15	67
0.330	-1.26e-03	0.0	-5.74e-03	-2.00e-02	0.00	0.00e+00	1.2000	8.33e-15	67
0.330	-1.26e-03	0.0	-5.74e-03	-1.00e-02	0.00	0.00e+00	1.2000	8.33e-15	67
0.330	-1.26e-03	0.0	-5.74e-03	3.47e-18	0.00	0.00e+00	1.2000	8.33e-15	67
0.330	-1.26e-03	0.0	-5.74e-03	1.00e-02	0.00	0.00e+00	1.2000	8.33e-15	67
0.330	-1.26e-03	0.0	-5.74e-03	2.00e-02	0.00	0.00e+00	1.2000	8.33e-15	67
0.330	-1.26e-03	0.0	-5.74e-03	3.00e-02	0.00	0.00e+00	1.2000	8.33e-15	67
0.330	-1.26e-03	0.0	-5.74e-03	4.00e-02	0.00	0.00e+00	1.2000	8.33e-15	67
0.320	-1.83e-03	0.0	-6.33e-03	-5.00e-02	0.00	0.00e+00	1.2000	8.33e-15	68
0.320	-1.83e-03	0.0	-6.33e-03	-4.00e-02	0.00	0.00e+00	1.2000	8.33e-15	68
0.320	-1.83e-03	0.0	-6.33e-03	-3.00e-02	0.00	0.00e+00	1.2000	8.33e-15	68
0.320	-1.83e-03	0.0	-6.33e-03	-2.00e-02	0.00	0.00e+00	1.2000	8.33e-15	68
0.320	-1.83e-03	0.0	-6.33e-03	-1.00e-02	0.00	0.00e+00	1.2000	8.33e-15	68
0.320	-1.83e-03	0.0	-6.33e-03	3.47e-18	0.00	0.00e+00	1.2000	8.33e-15	68
0.320	-1.83e-03	0.0	-6.33e-03	1.00e-02	0.00	0.00e+00	1.2000	8.33e-15	68
0.320	-1.83e-03	0.0	-6.33e-03	2.00e-02	0.00	0.00e+00	1.2000	8.33e-15	68
0.320	-1.83e-03	0.0	-6.33e-03	3.00e-02	0.00	0.00e+00	1.2000	8.33e-15	68
0.320	-1.83e-03	0.0	-6.33e-03	4.00e-02	0.00	0.00e+00	1.2000	8.33e-15	68
0.310	-2.46e-03	0.0	-6.79e-03	-5.00e-02	0.00	0.00e+00	1.2000	8.33e-15	69
0.310	-2.46e-03	0.0	-6.79e-03	-4.00e-02	0.00	0.00e+00	1.2000	8.33e-15	69
0.310	-2.46e-03	0.0	-6.79e-03	-3.00e-02	0.00	0.00e+00	1.2000	8.33e-15	69
0.310	-2.46e-03	0.0	-6.79e-03	-2.00e-02	0.00	0.00e+00	1.2000	8.33e-15	69
0.310	-2.46e-03	0.0	-6.79e-03	-1.00e-02	0.00	0.00e+00	1.2000	8.33e-15	69
0.310	-2.46e-03	0.0	-6.79e-03	3.47e-18	0.00	0.00e+00	1.2000	8.33e-15	69
0.310	-2.46e-03	0.0	-6.79e-03	1.00e-02	0.00	0.00e+00	1.2000	8.33e-15	69
0.310	-2.46e-03	0.0	-6.79e-03	2.00e-02	0.00	0.00e+00	1.2000	8.33e-15	69
0.310	-2.46e-03	0.0	-6.79e-03	3.00e-02	0.00	0.00e+00	1.2000	8.33e-15	69
0.310	-2.46e-03	0.0	-6.79e-03	4.00e-02	0.00	0.00e+00	1.2000	8.33e-15	69
0.300	-3.14e-03	0.0	-7.10e-03	-5.00e-02	0.00	0.00e+00	1.2000	8.33e-15	70
0.300	-3.14e-03	0.0	-7.10e-03	-4.00e-02	0.00	0.00e+00	1.2000	8.33e-15	70
0.300	-3.14e-03	0.0	-7.10e-03	-3.00e-02	0.00	0.00e+00	1.2000	8.33e-15	70
0.300	-3.14e-03	0.0	-7.10e-03	-2.00e-02	0.00	0.00e+00	1.2000	8.33e-15	70
0.300	-3.14e-03	0.0	-7.10e-03	-1.00e-02	0.00	0.00e+00	1.2000	8.33e-15	70
0.300	-3.14e-03	0.0	-7.10e-03	3.47e-18	0.00	0.00e+00	1.2000	8.33e-15	70
0.300	-3.14e-03	0.0	-7.10e-03	1.00e-02	0.00	0.00e+00	1.2000	8.33e-15	70
0.300	-3.14e-03	0.0	-7.10e-03	2.00e-02	0.00	0.00e+00	1.2000	8.33e-15	70
0.300	-3.14e-03	0.0	-7.10e-03	3.00e-02	0.00	0.00e+00	1.2000	8.33e-15	70
0.300	-3.14e-03	0.0	-7.10e-03	4.00e-02	0.00	0.00e+00	1.2000	8.33e-15	70
0.290	-3.85e-03	0.0	-7.21e-03	-5.00e-02	0.00	0.00e+00	1.2000	8.33e-15	71
0.290	-3.85e-03	0.0	-7.21e-03	-4.00e-02	0.00	0.00e+00	1.2000	8.33e-15	71
0.290	-3.85e-03	0.0	-7.21e-03	-3.00e-02	0.00	0.00e+00	1.2000	8.33e-15	71
0.290	-3.85e-03	0.0	-7.21e-03	-2.00e-02	0.00	0.00e+00	1.2000	8.33e-15	71
0.290	-3.85e-03	0.0	-7.21e-03	-1.00e-02	0.00	0.00e+00	1.2000	8.33e-15	71
0.290	-3.85e-03	0.0	-7.21e-03	3.47e-18	0.00	0.00e+00	1.2000	8.33e-15	71
0.290	-3.85e-03	0.0	-7.21e-03	1.00e-02	0.00	0.00e+00	1.2000	8.33e-15	71
0.290	-3.85e-03	0.0	-7.21e-03	2.00e-02	0.00	0.00e+00	1.2000	8.33e-15	71
0.290	-3.85e-03	0.0	-7.21e-03	3.00e-02	0.00	0.00e+00	1.2000	8.33e-15	71
0.290	-3.85e-03	0.0	-7.21e-03	4.00e-02	0.00	0.00e+00	1.2000	8.33e-15	71
0.280	-4.57e-03	0.0	-7.07e-03	-5.00e-02	0.00	0.00e+00	1.2000	8.33e-15	72
0.280	-4.57e-03	0.0	-7.07e-03	-4.00e-02	0.00	0.00e+00	1.2000	8.33e-15	72
0.280	-4.57e-03	0.0	-7.07e-03	-3.00e-02	0.00	0.00e+00	1.2000	8.33e-15	72
0.280	-4.57e-03	0.0	-7.07e-03	-2.00e-02	0.00	0.00e+00	1.2000	8.33e-15	72
0.280	-4.57e-03	0.0	-7.07e-03	-1.00e-02	0.00	0.00e+00	1.2000	8.33e-15	72
0.280	-4.57e-03	0.0	-7.07e-03	3.47e-18	0.00	0.00e+00	1.2000	8.33e-15	72
0.280	-4.57e-03	0.0	-7.07e-03	1.00e-02	0.00	0.00e+00	1.2000	8.33e-15	72
0.280	-4.57e-03	0.0	-7.07e-03	2.00e-02	0.00	0.00e+00	1.2000	8.33e-15	72
0.280	-4.57e-03	0.0	-7.07e-03	3.00e-02	0.00	0.00e+00	1.2000	8.33e-15	72
0.280	-4.57e-03	0.0	-7.07e-03	4.00e-02	0.00	0.00e+00	1.2000	8.33e-15	72
0.270	-5.28e-03	0.0	-6.64e-03	-5.00e-02	0.00	0.00e+00	1.2000	8.33e-15	73
0.270	-5.28e-03	0.0	-6.64e-03	-4.00e-02	0.00	0.00e+00	1.2000	8.33e-15	73
0.270	-5.28e-03	0.0	-6.64e-03	-3.00e-02	0.00	0.00e+00	1.2000	8.33e-15	73
0.270	-5.28e-03	0.0	-6.64e-03	-2.00e-02	0.00	0.00e+00	1.2000	8.33e-15	73
0.270	-5.28e-03	0.0	-6.64e-03	-1.00e-02	0.00	0.00e+00	1.2000	8.33e-15	73
0.270	-5.28e-03	0.0	-6.64e-03	3.47e-18	0.00	0.00e+00	1.2000	8.33e-15	73
0.270	-5.28e-03	0.0	-6.64e-03	1.00e-02	0.00	0.00e+00	1.2000	8.33e-15	73
0.270	-5.28e-03	0.0	-6.64e-03	2.00e-02	0.00	0.00e+00	1.2000	8.33e-15	73
0.270	-5.28e-03	0.0	-6.64e-03	3.00e-02	0.00	0.00e+00	1.2000	8.33e-15	73
0.270	-5.28e-03	0.0	-6.64e-03	4.00e-02	0.00	0.00e+00	1.2000	8.33e-15	73
0.260	-5.94e-03	0.0	-5.87e-03	-5.00e-02	0.00	0.00e+00	1.2000	8.33e-15	74
0.260	-5.94e-03	0.0	-5.87e-03	-4.00e-02	0.00	0.00e+00	1.2000	8.33e-15	74
0.260	-5.94e-03	0.0	-5.87e-03	-3.00e-02	0.00	0.00e+00	1.2000	8.33e-15	74
0.260	-5.94e-03	0.0	-5.87e-03	-2.00e-02	0.00	0.00e+00	1.2000	8.33e-15	74
0.260	-5.94e-03	0.0	-5.87e-03	-1.00e-02	0.00	0.00e+00	1.2000	8.33e-15	74
0.260	-5.94e-03	0.0	-5.87e-03	3.47e-18	0.00	0.00e+00	1.2000	8.33e-15	74
0.260	-5.94e-03	0.0	-5.87e-03	1.00e-02	0.00	0.00e+00	1.2000	8.33e-15	74
0.260	-5.94e-03	0.0	-5.87e-03	2.00e-02	0.00	0.00e+00	1.2000	8.33e-15	74
0.260	-5.94e-03	0.0	-5.87e-03	3.00e-02	0.00	0.00e+00	1.2000	8.33e-15	74
0.260	-5.94e-03	0.0	-5.87e-03	4.00e-02	0.00	0.00e+00	1.2000	8.33e-15	74
0.250	-6.53e-03	0.0	-4.74e-03	-5.00e-02	0.00	0.00e+00	1.2000	8.33e-15	75
0.250	-6.53e-03	0.0	-4.74e-03	-4.00e-02	0.00	0.00e+00	1.2000	8.33e-15	75
0.250	-6.53e-03	0.0	-4.74e-03	-3.00e-02	0.00	0.00e+00	1.2000	8.33e-15	75
0.250	-6.53e-03	0.0	-4.74e-03	-2.00e-02	0.00	0.00e+00	1.2000	8.33e-15	75
0.250	-6.53e-03	0.0	-4.74e-03	-1.00e-02	0.00	0.00e+00	1.2000	8.33e-15	75
0.250	-6.53e-03	0.0	-4.74e-03	3.47e-18	0.00	0.00e+00	1.2000	8.33e-15	75
0.250	-6.53e-03	0.0	-4.74e-03	1.00e-02	0.00	0.00e+00	1.2000	8.33e-15	75
0.250	-6.53e-03	0.0	-4.74e-03	2.00e-02	0.00	0.00e+00	1.2000	8.33e-15	75
0.250	-6.53e-03	0.0	-4.74e-03	3.00e-02	0.00	0.00e+00	1.2000	8.33e-15	75
0.250	-6.53e-03	0.0	-4.74e-03	4.00e-02	0.00	0.00e+00	1.2000	8.33e-15	75
0.240	-7.01e-03	0.0	-3.22e-03	-5.00e-02	0.00	0.00e+00	1.2000	8.33e-15	76
0.240	-7.01e-03	0.0	-3.22e-03	-4.00e-02	0.00	0.00e+00	1.2000	8.33e-15	76
0.240	-7.01e-03	0.0	-3.22e-03	-3.00e-02	0.00	0.00e+00	1.2000	8.33e-15	76
0.240	-7.01e-03	0.0	-3.22e-03	-2.00e-02	0.00	0.00e+00	1.2000	8.33e-15	76
0.240	-7.01e-03	0.0	-3.22e-03	-1.00e-02	0.00	0.00e+00	1.2000	8.33e-15	76
0.240	-7.01e-03	0.0	-3.22e-03	3.47e-18	0.00	0.00e+00	1.2000	8.33e-15	76
0.240	-7.01e-03	0.0	-3.22e-03	1.00e-02	0.00	0.00e+00	1.2000	8.33e-15	76
0.240	-7.01e-03	0.0	-3.22e-03	2.00e-02	0.00	0.00e+00	1.2000	8.33e-15	76
0.240	-7.01e-03	0.0	-3.22e-03	3.00e-02	0.00	0.00e+00	1.2000	8.33e-15	76
0.240	-7.01e-03	0.0	-3.22e-03	4.00e-02	0.00	0.00e+00	1.2000	8.33e-15	76
0.230	-7.33e-03	0.0	-1.29e-03	-5.00e-02	0.00	0.00e+00	1.2000	8.33e-15	77
0.230	-7.33e-03	0.0	-1.29e-03	-4.00e-02	0.00	0.00e+00	1.2000	8.33e-15	77
0.230	-7.33e-03	0.0	-1.29e-03	-3.00e-02	0.00	0.00e+00	1.2000	8.33e-15	77
0.230	-7.33e-03	0.0	-1.29e-03	-2.00e-02	0.00	0.00e+00	1.2000	8.33e-15	77
0.230	-7.33e-03	0.0	-1.29e-03	-1.00e-02	0.00	0.00e+00	1.2000	8.33e-15	77
0.230	-7.33e-03	0.0	-1.29e-03	3.47e-18	0.00	0.00e+00	1.2000	8.33e-15	77
0.230	-7.33e-03	0.0	-1.29e-03	1.00e-02	0.00	0.00e+00	1.2000	8.33e-15	77
0.230	-7.33e-03	0.0	-1.29e-03	2.00e-02	0.00	0.00e+00	1.2000	8.33e-15	77
0.230	-7.33e-03	0.0	-1.29e-03	3.00e-02	0.00	0.00e+00	1.2000	8.33e-15	77
0.230	-7.33e-03	0.0	-1.29e-03	4.00e-02	0.00	0.00e+00	1.2000	8.33e-15	77
0.220	-7.46e-03	0.0	1.04e-03	-5.00e-02	0.00	0.00e+00	1.2000	8.33e-15	78
0.220	-7.46e-03	0.0	1.04e-03	-4.00e-02	0.00	0.00e+00	1.2000	8.33e-15	78
0.220	-7.46e-03	0.0	1.04e-03	-3.00e-02	0.00	0.00e+00	1.2000	8.33e-15	78
0.220	-7.46e-03	0.0	1.04e-03	-2.00e-02	0.00	0.00e+00	1.2000	8.33e-15	78
0.220	-7.46e-03	0.0	1.04e-03	-1.00e-02	0.00	0.00e+00	1.2000	8.33e-15	78
0.220	-7.46e-03	0.0	1.04e-03	3.47e-18	0.00	0.00e+00	1.2000	8.33e-15	78
0.220	-7.46e-03	0.0	1.04e-03	1.00e-02	0.00	0.00e+00	1.2000	8.33e-15	78
0.220	-7.46e-03	0.0	1.04e-03	2.00e-02	0.00	0.00e+00	1.2000	8.33e-15	78
0.220	-7.46e-03	0.0	1.04e-03	3.00e-02	0.00	0.00e+00	1.2000	8.33e-15	78
0.220	-7.46e-03	0.0	1.04e-03	4.00e-02	0.00	0.00e+00	1.2000	8.33e-15	78
0.210	-7.35e-03	0.0	3.78e-03	-5.00e-02	0.00	0.00e+00	1.2000	8.33e-15	79
0.210	-7.35e-03	0.0	3.78e-03	-4.00e-02	0.00	0.00e+00	1.2000	8.33e-15	79
0.210	-7.35e-03	0.0	3.78e-03	-3.00e-02	0.00	0.00e+00	1.2000	8.33e-15	79
0.210	-7.35e-03	0.0	3.78e-03	-2.00e-02	0.00	0.00e+00	1.2000	8.33e-15	79
0.210	-7.35e-03	0.0	3.78e-03	-1.00e-02	0.00	0.00e+00	1.2000	8.33e-15	79
0.210	-7.35e-03	0.0	3.78e-03	3.47e-18	0.00	0.00e+00	1.2000	8.33e-15	79
0.210	-7.35e-03	0.0	3.78e-03	1.00e-02	0.00	0.00e+00	1.2000	8.33e-15	79
0.210	-7.35e-03	0.0	3.78e-03	2.00e-02	0.00	0.00e+00	1.2000	8.33e-15	79
0.210	-7.35e-03	0.0	3.78e-03	3.00e-02	0.00	0.00e+00	1.2000	8.33e-15	79
0.210	-7.35e-03	0.0	3.78e-03	4.00e-02	0.00	0.00e+00	1.2000	8.33e-15	79
0.200	-6.98e-03	0.0	6.87e-03	-5.00e-02	0.00	0.00e+00	1.2000	8.33e-15	80
0.200	-6.98e-03	0.0	6.87e-03	-4.00e-02	0.00	0.00e+00	1.2000	8.33e-15	80
0.200	-6.98e-03	0.0	6.87e-03	-3.00e-02	0.00	0.00e+00	1.2000	8.33e-15	80
0.200	-6.98e-03	0.0	6.87e-03	-2.00e-02	0.00	0.00e+00	1.2000	8.33e-15	80
0.200	-6.98e-03	0.0	6.87e-03	-1.00e-02	0.00	0.00e+00	1.2000	8.33e-15	80
0.200	-6.98e-03	0.0	6.87e-03	3.47e-18	0.00	0.00e+00	1.2000	8.33e-15	80
0.200	-6.98e-03	0.0	6.87e-03	1.00e-02	0.00	0.00e+00	1.2000	8.33e-15	80
0.200	-6.98e-03	0.0	6.87e-03	2.00e-02	0.00	0.00e+00	1.2000	8.33e-15	80
0.200	-6.98e-03	0.0	6.87e-03	3.00e-02	0.00	0.00e+00	1.2000	8.33e-15	80
0.200	-6.98e-03	0.0	6.87e-03	4.00e-02	0.00	0.00e+00	1.2000	8.33e-15	80
0.190	-6.29e-03	0.0	1.03e-02	-5.00e-02	0.00	0.00e+00	1.2000	8.33e-15	81
0.190	-6.29e-03	0.0	1.03e-02	-4.00e-02	0.00	0.00e+00	1.2000	8.33e-15	81
0.190	-6.29e-03	0.0	1.03e-02	-3.00e-02	0.00	0.00e+00	1.2000	8.33e-15	81
0.190	-6.29e-03	0.0	1.03e-02	-2.00e-02	0.00	0.00e+00	1.2000	8.33e-15	81
0.190	-6.29e-03	0.0	1.03e-02	-1.00e-02	0.00	0.00e+00	1.2000	8.33e-15	81
0.190	-6.29e-03	0.0	1.03e-02	3.47e-18	0.00	0.00e+00	1.2000	8.33e-15	81
0.190	-6.29e-03	0.0	1.03e-02	1.00e-02	0.00	0.00e+00	1.2000	8.33e-15	81
0.190	-6.29e-03	0.0	1.03e-02	2.00e-02	0.00	0.00e+00	1.2000	8.33e-15	81
0.190	-6.29e-03	0.0	1.03e-02	3.00e-02	0.00	0.00e+00	1.2000	8.33e-15	81
0.190	-6.29e-03	0.0	1.03e-02	4.00e-02	0.00	0.00e+00	1.2000	8.33e-15	81
0.180	-5.26e-03	0.0	1.39e-02	-5.00e-02	0.00	0.00e+00	1.2000	8.33e-15	82
0.180	-5.26e-03	0.0	1.39e-02	-4.00e-02	0.00	0.00e+00	1.2000	8.33e-15	82
0.180	-5.26e-03	0.0	1.39e-02	-3.00e-02	0.00	0.00e+00	1.2000	8.33e-15	82
0.180	-5.26e-03	0.0	1.39e-02	-2.00e-02	0.00	0.00e+00	1.2000	8.33e-15	82
0.180	-5.26e-03	0.0	1.39e-02	-1.00e-02	0.00	0.00e+00	1.2000	8.33e-15	82
0.180	-5.26e-03	0.0	1.39e-02	3.47e-18	0.00	0.00e+00	1.2000	8.33e-15	82
0.180	-5.26e-03	0.0	1.39e-02	1.00e-02	0.00	0.00e+00	1.2000	8.33e-15	82
0.180	-5.26e-03	0.0	1.39e-02	2.00e-02	0.00	0.00e+00	1.2000	8.33e-15	82
0.180	-5.26e-03	0.0	1.39e-02	3.00e-02	0.00	0.00e+00	1.2000	8.33e-15	82
0.180	-5.26e-03	0.0	1.39e-02	4.00e-02	0.00	0.00e+00	1.2000	8.33e-15	82
0.170	-3.87e-03	0.0	1.77e-02	-5.00e-02	0.00	0.00e+00	1.2000	8.33e-15	83
0.170	-3.87e-03	0.0	1.77e-02	-4.00e-02	0.00	0.00e+00	1.2000	8.33e-15	83
0.170	-3.87e-03	0.0	1.77e-02	-3.00e-02	0.00	0.00e+00	1.2000	8.33e-15	83
0.170	-3.87e-03	0.0	1.77e-02	-2.00e-02	0.00	0.00e+00	1.2000	8.33e-15	83
0.170	-3.87e-03	0.0	1.77e-02	-1.00e-02	0.00	0.00e+00	1.2000	8.33e-15	83
0.170	-3.87e-03	0.0	1.77e-02	3.47e-18	0.00	0.00e+00	1.2000	8.33e-15	83
0.170	-3.87e-03	0.0	1.77e-02	1.00e-02	0.00	0.00e+00	1.2000	8.33e-15	83
0.170	-3.87e-03	0.0	1.77e-02	2.00e-02	0.00	0.00e+00	1.2000	8.33e-15	83
0.170	-3.87e-03	0.0	1.77e-02	3.00e-02	0.00	0.00e+00	1.2000	8.33e-15	83
0.170	-3.87e-03	0.0	1.77e-02	4.00e-02	0.00	0.00e+00	1.2000	8.33e-15	83
0.160	-2.10e-03	0.0	2.15e-02	-5.00e-02	0.00	0.00e+00	1.2000	8.33e-15	84
0.160	-2.10e-03	0.0	2.15e-02	-4.00e-02	0.00	0.00e+00	1.2000	8.33e-15	84
0.160	-2.10e-03	0.0	2.15e-02	-3.00e-02	0.00	0.00e+00	1.2000	8.33e-15	84
0.160	-2.10e-03	0.0	2.15e-02	-2.00e-02	0.00	0.00e+00	1.2000	8.33e-15	84
0.160	-2.10e-03	0.0	2.15e-02	-1.00e-02	0.00	0.00e+00	1.2000	8.33e-15	84
0.160	-2.10e-03	0.0	2.15e-02	3.47e-18	0.00	0.00e+00	1.2000	8.33e-15	84
0.160	-2.10e-03	0.0	2.15e-02	1.00e-02	0.00	0.00e+00	1.2000	8.33e-15	84
0.160	-2.10e-03	0.0	2.15e-02	2.00e-02	0.00	0.00e+00	1.2000	8.33e-15	84
0.160	-2.10e-03	0.0	2.15e-02	3.00e-02	0.00	0.00e+00	1.2000	8.33e-15	84
0.160	-2.10e-03	0.0	2.15e-02	4.00e-02	0.00	0.00e+00	1.2000	8.33e-15	84
0.150	4.67e-05	0.0	2.52e-02	-5.00e-02	0.00	0.00e+00	1.2000	8.33e-15	85
0.150	4.67e-05	0.0	2.52e-02	-4.00e-02	0.00	0.00e+00	1.2000	8.33e-15	85
0.150	4.67e-05	0.0	2.52e-02	-3.00e-02	0.00	0.00e+00	1.2000	8.33e-15	85
0.150	4.67e-05	0.0	2.52e-02	-2.00e-02	0.00	0.00e+00	1.2000	8.33e-15	85
0.150	4.67e-05	0.0	2.52e-02	-1.00e-02	0.00	0.00e+00	1.2000	8.33e-15	85
0.150	4.67e-05	0.0	2.52e-02	3.47e-18	0.00	0.00e+00	1.2000	8.33e-15	85
0.150	4.67e-05	0.0	2.52e-02	1.00e-02	0.00	0.00e+00	1.2000	8.33e-15	85
0.150	4.67e-05	0.0	2.52e-02	2.00e-02	0.00	0.00e+00	1.2000	8.33e-15	85
0.150	4.67e-05	0.0	2.52e-02	3.00e-02	0.00	0.00e+00	1.2000	8.33e-15	85
0.150	4.67e-05	0.0	2.52e-02	4.00e-02	0.00	0.00e+00	1.2000	8.33e-15	85
0.140	2.56e-03	0.0	2.86e-02	-5.00e-02	0.00	0.00e+00	1.2000	8.33e-15	86
0.140	2.56e-03	0.0	2.86e-02	-4.00e-02	0.00	0.00e+00	1.2000	8.33e-15	86
0.140	2.56e-03	0.0	2.86e-02	-3.00e-02	0.00	0.00e+00	1.2000	8.33e-15	86
0.140	2.56e-03	0.0	2.86e-02	-2.00e-02	0.00	0.00e+00	1.2000	8.33e-15	86
0.140	2.56e-03	0.0	2.86e-02	-1.00e-02	0.00	0.00e+00	1.2000	8.33e-15	86
0.140	2.56e-03	0.0	2.86e-02	3.47e-18	0.00	0.00e+00	1.2000	8.33e-15	86
0.140	2.56e-03	0.0	2.86e-02	1.00e-02	0.00	0.00e+00	1.2000	8.33e-15	86
0.140	2.56e-03	0.0	2.86e-02	2.00e-02	0.00	0.00e+00	1.2000	8.33e-15	86
0.140	2.56e-03	0.0	2.86e-02	3.00e-02	0.00	0.00e+00	1.2000	8.33e-15	86
0.140	2.56e-03	0.0	2.86e-02	4.00e-02	0.00	0.00e+00	1.2000	8.33e-15	86
0.130	5.42e-03	0.0	3.15e-02	-5.00e-02	0.00	0.00e+00	1.2000	8.33e-15	87
0.130	5.42e-03	0.0	3.15e-02	-4.00e-02	0.00	0.00e+00	1.2000	8.33e-15	87
0.130	5.42e-03	0.0	3.15e-02	-3.00e-02	0.00	0.00e+00	1.2000	8.33e-15	87
0.130	5.42e-03	0.0	3.15e-02	-2.00e-02	0.00	0.00e+00	1.2000	8.33e-15	87
0.130	5.42e-03	0.0	3.15e-02	-1.00e-02	0.00	0.00e+00	1.2000	8.33e-15	87
0.130	5.42e-03	0.0	3.15e-02	3.47e-18	0.00	0.00e+00	1.2000	8.33e-15	87
0.130	5.42e-03	0.0	3.15e-02	1.00e-02	0.00	0.00e+00	1.2000	8.33e-15	87
0.130	5.42e-03	0.0	3.15e-02	2.00e-02	0.00	0.00e+00	1.2000	8.33e-15	87
0.130	5.42e-03	0.0	3.15e-02	3.00e-02	0.00	0.00e+00	1.2000	8.33e-15	87
0.130	5.42e-03	0.0	3.15e-02	4.00e-02	0.00	0.00e+00	1.2000	8.33e-15	87
0.120	8.57e-03	0.0	3.38e-02	-5.00e-02	0.00	0.00e+00	1.2000	8.33e-15	88
0.120	8.57e-03	0.0	3.38e-02	-4.00e-02	0.00	0.00e+00	1.2000	8.33e-15	88
0.120	8.57e-03	0.0	3.38e-02	-3.00e-02	0.00	0.00e+00	1.2000	8.33e-15	88
0.120	8.57e-03	0.0	3.38e-02	-2.00e-02	0.00	0.00e+00	1.2000	8.33e-15	88
0.120	8.57e-03	0.0	3.38e-02	-1.00e-02	0.00	0.00e+00	1.2000	8.33e-15	88
0.120	8.57e-03	0.0	3.38e-02	3.47e-18	0.00	0.00e+00	1.2000	8.33e-15	88
0.120	8.57e-03	0.0	3.38e-02	1.00e-02	0.00	0.00e+00	1.2000	8.33e-15	88
0.120	8.57e-03	0.0	3.38e-02	2.00e-02	0.00	0.00e+00	1.2000	8.33e-15	88
0.120	8.57e-03	0.0	3.38e-02	3.00e-02	0.00	0.00e+00	1.2000	8.33e-15	88
0.120	8.57e-03	0.0	3.38e-02	4.00e-02	0.00	0.00e+00	1.2000	8.33e-15	88
0.110	1.20e-02	0.0	3.53e-02	-5.00e-02	0.00	0.00e+00	1.2000	8.33e-15	89
0.110	1.20e-02	0.0	3.53e-02	-4.00e-02	0.00	0.00e+00	1.2000	8.33e-15	89
0.110	1.20e-02	0.0	3.53e-02	-3.00e-02	0.00	0.00e+00	1.2000	8.33e-15	89
0.110	1.20e-02	0.0	3.53e-02	-2.00e-02	0.00	0.00e+00	1.2000	8.33e-15	89
0.110	1.20e-02	0.0	3.53e-02	-1.00e-02	0.00	0.00e+00	1.2000	8.33e-15	89
0.110	1.20e-02	0.0	3.53e-02	3.47e-18	0.00	0.00e+00	1.2000	8.33e-15	89
0.110	1.20e-02	0.0	3.53e-02	1.00e-02	0.00	0.00e+00	1.2000	8.33e-15	89
0.110	1.20e-02	0.0	3.53e-02	2.00e-02	0.00	0.00e+00	1.2000	8.33e-15	89
0.110	1.20e-02	0.0	3.53e-02	3.00e-02	0.00	0.00e+00	1.2000	8.33e-15	89
0.110	1.20e-02	0.0	3.53e-02	4.00e-02	0.00	0.00e+00	1.2000	8.33e-15	89
0.100	1.55e-02	0.0	3.58e-02	-5.00e-02	0.00	0.00e+00	1.2000	8.33e-15	90
0.100	1.55e-02	0.0	3.58e-02	-4.00e-02	0.00	0.00e+00	1.2000	8.33e-15	90
0.100	1.55e-02	0.0	3.58e-02	-3.00e-02	0.00	0.00e+00	1.2000	8.33e-15	90
0.100	1.55e-02	0.0	3.58e-02	-2.00e-02	0.00	0.00e+00	1.2000	8.33e-15	90
0.100	1.55e-02	0.0	3.58e-02	-1.00e-02	0.00	0.00e+00	1.2000	8.33e-15	90
0.100	1.55e-02	0.0	3.58e-02	3.47e-18	0.00	0.00e+00	1.2000	8.33e-15	90
0.100	1.55e-02	0.0	3.58e-02	1.00e-02	0.00	0.00e+00	1.2000	8.33e-15	90
0.100	1.55e-02	0.0	3.58e-02	2.00e-02	0.00	0.00e+00	1.2000	8.33e-15	90
0.100	1.55e-02	0.0	3.58e-02	3.00e-02	0.00	0.00e+00	1.2000	8.33e-15	90
0.100	1.55e-02	0.0	3.58e-02	4.00e-02	0.00	0.00e+00	1.2000	8.33e-15	90
0.090	1.91e-02	0.0	3.51e-02	-5.00e-02	0.00	0.00e+00	1.2000	8.33e-15	91
0.090	1.91e-02	0.0	3.51e-02	-4.00e-02	0.00	0.00e+00	1.2000	8.33e-15	91
0.090	1.91e-02	0.0	3.51e-02	-3.00e-02	0.00	0.00e+00	1.2000	8.33e-15	91
0.090	1.91e-02	0.0	3.51e-02	-2.00e-02	0.00	0.00e+00	1.2000	8.33e-15	91
0.090	1.91e-02	0.0	3.51e-02	-1.00e-02	0.00	0.00e+00	1.2000	8.33e-15	91
0.090	1.91e-02	0.0	3.51e-02	3.47e-18	0.00	0.00e+00	1.2000	8.33e-15	91
0.090	1.91e-02	0.0	3.51e-02	1.00e-02	0.00	0.00e+00	1.2000	8.33e-15	91
0.090	1.91e-02	0.0	3.51e-02	2.00e-02	0.00	0.00e+00	1.2000	8.33e-15	91
0.090	1.91e-02	0.0	3.51e-02	3.00e-02	0.00	0.00e+00	1.2000	8.33e-15	91
0.090	1.91e-02	0.0	3.51e-02	4.00e-02	0.00	0.00e+00	1.2000	8.33e-15	91
0.080	2.26e-02	0.0	3.31e-02	-5.00e-02	0.00	0.00e+00	1.2000	8.33e-15	92
0.080	2.26e-02	0.0	3.31e-02	-4.00e-02	0.00	0.00e+00	1.2000	8.33e-15	92
0.080	2.26e-02	0.0	3.31e-02	-3.00e-02	0.00	0.00e+00	1.2000	8.33e-15	92
0.080	2.26e-02	0.0	3.31e-02	-2.00e-02	0.00	0.00e+00	1.2000	8.33e-15	92
0.080	2.26e-02	0.0	3.31e-02	-1.00e-02	0.00	0.00e+00	1.2000	8.33e-15	92
0.080	2.26e-02	0.0	3.31e-02	3.47e-18	0.00	0.00e+00	1.2000	8.33e-15	92
0.080	2.26e-02	0.0	3.31e-02	1.00e-02	0.00	0.00e+00	1.2000	8.33e-15	92
0.080	2.26e-02	0.0	3.31e-02	2.00e-02	0.00	0.00e+00	1.2000	8.33e-15	92
0.080	2.26e-02	0.0	3.31e-02	3.00e-02	0.00	0.00e+00	1.2000	8.33e-15	92
0.080	2.26e-02	0.0	3.31e-02	4.00e-02	0.00	0.00e+00	1.2000	8.33e-15	92
0.070	2.59e-02	0.0	2.96e-02	-5.00e-02	0.00	0.00e+00	1.2000	8.33e-15	93
0.070	2.59e-02	0.0	2.96e-02	-4.00e-02	0.00	0.00e+00	1.2000	8.33e-15	93
0.070	2.59e-02	0.0	2.96e-02	-3.00e-02	0.00	0.00e+00	1.2000	8.33e-15	93
0.070	2.59e-02	0.0	2.96e-02	-2.00e-02	0.00	0.00e+00	1.2000	8.33e-15	93
0.070	2.59e-02	0.0	2.96e-02	-1.00e-02	0.00	0.00e+00	1.2000	8.33e-15	93
0.070	2.59e-02	0.0	2.96e-02	3.47e-18	0.00	0.00e+00	1.2000	8.33e-15	93
0.070	2.59e-02	0.0	2.96e-02	1.00e-02	0.00	0.00e+00	1.2000	8.33e-15	93
0.070	2.59e-02	0.0	2.96e-02	2.00e-02	0.00	0.00e+00	1.2000	8.33e-15	93
0.070	2.59e-02	0.0	2.96e-02	3.00e-02	0.00	0.00e+00	1.2000	8.33e-15	93
0.070	2.59e-02	0.0	2.96e-02	4.00e-02	0.00	0.00e+00	1.2000	8.33e-15	93
0.060	2.89e-02	0.0	2.44e-02	-5.00e-02	0.00	0.00e+00	1.2000	8.33e-15	94
0.060	2.89e-02	0.0	2.44e-02	-4.00e-02	0.00	0.00e+00	1.2000	8.33e-15	94
0.060	2.89e-02	0.0	2.44e-02	-3.00e-02	0.00	0.00e+00	1.2000	8.33e-15	94
0.060	2.89e-02	0.0	2.44e-02	-2.00e-02	0.00	0.00e+00	1.2000	8.33e-15	94
0.060	2.89e-02	0.0	2.44e-02	-1.00e-02	0.00	0.00e+00	1.2000	8.33e-15	94
0.060	2.89e-02	0.0	2.44e-02	3.47e-18	0.00	0.00e+00	1.2000	8.33e-15	94
0.060	2.89e-02	0.0	2.44e-02	1.00e-02	0.00	0.00e+00	1.2000	8.33e-15	94
0.060	2.89e-02	0.0	2.44e-02	2.00e-02	0.00	0.00e+00	1.2000	8.33e-15	94
0.060	2.89e-02	0.0	2.44e-02	3.00e-02	0.00	0.00e+00	1.2000	8.33e-15	94
0.060	2.89e-02	0.0	2.44e-02	4.00e-02	0.00	0.00e+00	1.2000	8.33e-15	94
0.050	3.13e-02	0.0	1.77e-02	-5.00e-02	0.00	0.00e+00	1.2000	8.33e-15	95
0.050	3.13e-02	0.0	1.77e-02	-4.00e-02	0.00	0.00e+00	1.2000	8.33e-15	95
0.050	3.13e-02	0.0	1.77e-02	-3.00e-02	0.00	0.00e+00	1.2000	8.33e-15	95
0.050	3.13e-02	0.0	1.77e-02	-2.00e-02	0.00	0.00e+00	1.2000	8.33e-15	95
0.050	3.13e-02	0.0	1.77e-02	-1.00e-02	0.00	0.00e+00	1.2000	8.33e-15	95
0.050	3.13e-02	0.0	1.77e-02	3.47e-18	0.00	0.00e+00	1.2000	8.33e-15	95
0.050	3.13e-02	0.0	1.77e-02	1.00e-02	0.00	0.00e+00	1.2000	8.33e-15	95
0.050	3.13e-02	0.0	1.77e-02	2.00e-02	0.00	0.00e+00	1.2000	8.33e-15	95
0.050	3.13e-02	0.0	1.77e-02	3.00e-02	0.00	0.00e+00	1.2000	8.33e-15	95
0.050	3.13e-02	0.0	1.77e-02	4.00e-02	0.00	0.00e+00	1.2000	8.33e-15	95
0.040	3.31e-02	0.0	9.24e-03	-5.00e-02	0.00	0.00e+00	1.2000	8.33e-15	96
0.040	3.31e-02	0.0	9.24e-03	-4.00e-02	0.00	0.00e+00	1.2000	8.33e-15	96
0.040	3.31e-02	0.0	9.24e-03	-3.00e-02	0.00	0.00e+00	1.2000	8.33e-15	96
0.040	3.31e-02	0.0	9.24e-03	-2.00e-02	0.00	0.00e+00	1.2000	8.33e-15	96
0.040	3.31e-02	0.0	9.24e-03	-1.00e-02	0.00	0.00e+00	1.2000	8.33e-15	96
0.040	3.31e-02	0.0	9.24e-03	3.47e-18	0.00	0.00e+00	1.2000	8.33e-15	96
0.040	3.31e-02	0.0	9.24e-03	1.00e-02	0.00	0.00e+00	1.2000	8.33e-15	96
0.040	3.31e-02	0.0	9.24e-03	2.00e-02	0.00	0.00e+00	1.2000	8.33e-15	96
0.040	3.31e-02	0.0	9.24e-03	3.00e-02	0.00	0.00e+00	1.2000	8.33e-15	96
0.040	3.31e-02	0.0	9.24e-03	4.00e-02	0.00	0.00e+00	1.2000	8.33e-15	96
0.030	3.40e-02	0.0	-7.78e-04	-5.00e-02	0.00	0.00e+00	1.2000	8.33e-15	97
0.030	3.40e-02	0.0	-7.78e-04	-4.00e-02	0.00	0.00e+00	1.2000	8.33e-15	97
0.030	3.40e-02	0.0	-7.78e-04	-3.00e-02	0.00	0.00e+00	1.2000	8.33e-15	97
0.030	3.40e-02	0.0	-7.78e-04	-2.00e-02	0.00	0.00e+00	1.2000	8.33e-15	97
0.030	3.40e-02	0.0	-7.78e-04	-1.00e-02	0.00	0.00e+00	1.2000	8.33e-15	97
0.030	3.40e-02	0.0	-7.78e-04	3.47e-18	0.00	0.00e+00	1.2000	8.33e-15	97
0.030	3.40e-02	0.0	-7.78e-04	1.00e-02	0.00	0.00e+00	1.2000	8.33e-15	97
0.030	3.40e-02	0.0	-7.78e-04	2.00e-02	0.00	0.00e+00	1.2000	8.33e-15	97
0.030	3.40e-02	0.0	-7.78e-04	3.00e-02	0.00	0.00e+00	1.2000	8.33e-15	97
0.030	3.40e-02	0.0	-7.78e-04	4.00e-02	0.00	0.00e+00	1.2000	8.33e-15	97
0.020	3.39e-02	0.0	-1.23e-02	-5.00e-02	0.00	0.00e+00	1.2000	8.33e-15	98
0.020	3.39e-02	0.0	-1.23e-02	-4.00e-02	0.00	0.00e+00	1.2000	8.33e-15	98
0.020	3.39e-02	0.0	-1.23e-02	-3.00e-02	0.00	0.00e+00	1.2000	8.33e-15	98
0.020	3.39e-02	0.0	-1.23e-02	-2.00e-02	0.00	0.00e+00	1.2000	8.33e-15	98
0.020	3.39e-02	0.0	-1.23e-02	-1.00e-02	0.00	0.00e+00	1.2000	8.33e-15	98
0.020	3.39e-02	0.0	-1.23e-02	3.47e-18	0.00	0.00e+00	1.2000	8.33e-15	98
0.020	3.39e-02	0.0	-1.23e-02	1.00e-02	0.00	0.00e+00	1.2000	8.33e-15	98
0.020	3.39e-02	0.0	-1.23e-02	2.00e-02	0.00	0.00e+00	1.2000	8.33e-15	98
0.020	3.39e-02	0.0	-1.23e-02	3.00e-02	0.00	0.00e+00	1.2000	8.33e-15	98
0.020	3.39e-02	0.0	-1.23e-02	4.00e-02	0.00	0.00e+00	1.2000	8.33e-15	98
0.010	3.27e-02	0.0	-2.67e-02	-5.00e-02	0.00	0.00e+00	1.2000	8.33e-15	99
0.010	3.27e-02	0.0	-2.67e-02	-4.00e-02	0.00	0.00e+00	1.2000	8.33e-15	99
0.010	3.27e-02	0.0	-2.67e-02	-3.00e-02	0.00	0.00e+00	1.2000	8.33e-15	99
0.010	3.27e-02	0.0	-2.67e-02	-2.00e-02	0.00	0.00e+00	1.2000	8.33e-15	99
0.010	3.27e-02	0.0	-2.67e-02	-1.00e-02	0.00	0.00e+00	1.2000	8.33e-15	99
0.010	3.27e-02	0.0	-2.67e-02	3.47e-18	0.00	0.00e+00	1.2000	8.33e-15	99
0.010	3.27e-02	0.0	-2.67e-02	1.00e-02	0.00	0.00e+00	1.2000	8.33e-15	99
0.010	3.27e-02	0.0	-2.67e-02	2.00e-02	0.00	0.00e+00	1.2000	8.33e-15	99
0.010	3.27e-02	0.0	-2.67e-02	3.00e-02	0.00	0.00e+00	1.2000	8.33e-15	99
0.010	3.27e-02	0.0	-2.67e-02	4.00e-02	0.00	0.00e+00	1.2000	8.33e-15	99
