1.000	0.00e+00	-100.0	0.00e+00	-5.00e-04	0.00	-0.00e+00	0.0800	8.33e-17	0
1.000	0.00e+00	-100.0	0.00e+00	-4.00e-04	0.00	-0.00e+00	0.0800	8.33e-17	0
1.000	0.00e+00	-100.0	0.00e+00	-3.00e-04	0.00	-0.00e+00	0.0800	8.33e-17	0
1.000	0.00e+00	-100.0	0.00e+00	-2.00e-04	0.00	-0.00e+00	0.0800	8.33e-17	0
1.000	0.00e+00	-100.0	0.00e+00	-1.00e-04	0.00	-0.00e+00	0.0800	8.33e-17	0
1.000	0.00e+00	-100.0	0.00e+00	-2.71e-20	0.00	-0.00e+00	0.0800	8.33e-17	0
1.000	0.00e+00	-100.0	0.00e+00	1.00e-04	0.00	-0.00e+00	0.0800	8.33e-17	0
1.000	0.00e+00	-100.0	0.00e+00	2.00e-04	0.00	-0.00e+00	0.0800	8.33e-17	0
1.000	0.00e+00	-100.0	0.00e+00	3.00e-04	0.00	-0.00e+00	0.0800	8.33e-17	0
1.000	0.00e+00	-100.0	0.00e+00	4.00e-04	0.00	-0.00e+00	0.0800	8.33e-17	0
1.000	0.00e+00	-100.0	0.00e+00	5.00e-04	0.00	-0.00e+00	0.0800	8.33e-17	0
0.990	-2.07e-12	-100.0	-4.61e-11	-5.00e-04	0.00	-0.00e+00	0.0800	8.33e-17	10
0.990	-2.07e-12	-100.0	-4.61e-11	-4.00e-04	0.00	-0.00e+00	0.0800	8.33e-17	10
0.990	-2.07e-12	-100.0	-4.61e-11	-3.00e-04	0.00	-0.00e+00	0.0800	8.33e-17	10
0.990	-2.07e-12	-100.0	-4.61e-11	-2.00e-04	0.00	-0.00e+00	0.0800	8.33e-17	10
0.990	-2.07e-12	-100.0	-4.61e-11	-1.00e-04	0.00	-0.00e+00	0.0800	8.33e-17	10
0.990	-2.07e-12	-100.0	-4.61e-11	-2.71e-20	0.00	-0.00e+00	0.0800	8.33e-17	10
0.990	-2.07e-12	-100.0	-4.61e-11	1.00e-04	0.00	-0.00e+00	0.0800	8.33e-17	10
0.990	-2.07e-12	-100.0	-4.61e-11	2.00e-04	0.00	-0.00e+00	0.0800	8.33e-17	10
0.990	-2.07e-12	-100.0	-4.61e-11	3.00e-04	0.00	-0.00e+00	0.0800	8.33e-17	10
0.990	-2.07e-12	-100.0	-4.61e-11	4.00e-04	0.00	-0.00e+00	0.0800	8.33e-17	10
0.990	-2.07e-12	-100.0	-4.61e-11	5.00e-04	0.00	-0.00e+00	0.0800	8.33e-17	10
0.980	-8.75e-12	-100.0	-9.21e-11	-5.00e-04	0.00	-0.00e+00	0.0800	8.33e-17	20
0.980	-8.75e-12	-100.0	-9.21e-11	-4.00e-04	0.00	-0.00e+00	0.0800	8.33e-17	20
0.980	-8.75e-12	-100.0	-9.21e-11	-3.00e-04	0.00	-0.00e+00	0.0800	8.33e-17	20
0.980	-8.75e-12	-100.0	-9.21e-11	-2.00e-04	0.00	-0.00e+00	0.0800	8.33e-17	20
0.980	-8.75e-12	-100.0	-9.21e-11	-1.00e-04	0.00	-0.00e+00	0.0800	8.33e-17	20
0.980	-8.75e-12	-100.0	-9.21e-11	-2.71e-20	0.00	-0.00e+00	0.0800	8.33e-17	20
0.980	-8.75e-12	-100.0	-9.21e-11	1.00e-04	0.00	-0.00e+00	0.0800	8.33e-17	20
0.980	-8.75e-12	-100.0	-9.21e-11	2.00e-04	0.00	-0.00e+00	0.0800	8.33e-17	20
0.980	-8.75e-12	-100.0	-9.21e-11	3.00e-04	0.00	-0.00e+00	0.0800	8.33e-17	20
0.980	-8.75e-12	-100.0	-9.21e-11	4.00e-04	0.00	-0.00e+00	0.0800	8.33e-17	20
0.980	-8.75e-12	-100.0	-9.21e-11	5.00e-04	0.00	-0.00e+00	0.0800	8.33e-17	20
0.970	-2.00e-11	-100.0	-1.38e-10	-5.00e-04	0.00	-0.00e+00	0.0800	8.33e-17	30
0.970	-2.00e-11	-100.0	-1.38e-10	-4.00e-04	0.00	-0.00e+00	0.0800	8.33e-17	30
0.970	-2.00e-11	-100.0	-1.38e-10	-3.00e-04	0.00	-0.00e+00	0.0800	8.33e-17	30
0.970	-2.00e-11	-100.0	-1.38e-10	-2.00e-04	0.00	-0.00e+00	0.0800	8.33e-17	30
0.970	-2.00e-11	-100.0	-1.38e-10	-1.00e-04	0.00	-0.00e+00	0.0800	8.33e-17	30
0.970	-2.00e-11	-100.0	-1.38e-10	-2.71e-20	0.00	-0.00e+00	0.0800	8.33e-17	30
0.970	-2.00e-11	-100.0	-1.38e-10	1.00e-04	0.00	-0.00e+00	0.0800	8.33e-17	30
0.970	-2.00e-11	-100.0	-1.38e-10	2.00e-04	0.00	-0.00e+00	0.0800	8.33e-17	30
0.970	-2.00e-11	-100.0	-1.38e-10	3.00e-04	0.00	-0.00e+00	0.0800	8.33e-17	30
0.970	-2.00e-11	-100.0	-1.38e-10	4.00e-04	0.00	-0.00e+00	0.0800	8.33e-17	30
0.970	-2.00e-11	-100.0	-1.38e-10	5.00e-04	0.00	-0.00e+00	0.0800	8.33e-17	30
0.960	-3.59e-11	-100.0	-1.84e-10	-5.00e-04	0.00	-0.00e+00	0.0800	8.33e-17	40
0.960	-3.59e-11	-100.0	-1.84e-10	-4.00e-04	0.00	-0.00e+00	0.0800	8.33e-17	40
0.960	-3.59e-11	-100.0	-1.84e-10	-3.00e-04	0.00	-0.00e+00	0.0800	8.33e-17	40
0.960	-3.59e-11	-100.0	-1.84e-10	-2.00e-04	0.00	-0.00e+00	0.0800	8.33e-17	40
0.960	-3.59e-11	-100.0	-1.84e-10	-1.00e-04	0.00	-0.00e+00	0.0800	8.33e-17	40
0.960	-3.59e-11	-100.0	-1.84e-10	-2.71e-20	0.00	-0.00e+00	0.0800	8.33e-17	40
0.960	-3.59e-11	-100.0	-1.84e-10	1.00e-04	0.00	-0.00e+00	0.0800	8.33e-17	40
0.960	-3.59e-11	-100.0	-1.84e-10	2.00e-04	0.00	-0.00e+00	0.0800	8.33e-17	40
0.960	-3.59e-11	-100.0	-1.84e-10	3.00e-04	0.00	-0.00e+00	0.0800	8.33e-17	40
0.960	-3.59e-11	-100.0	-1.84e-10	4.00e-04	0.00	-0.00e+00	0.0800	8.33e-17	40
0.960	-3.59e-11	-100.0	-1.84e-10	5.00e-04	0.00	-0.00e+00	0.0800	8.33e-17	40
0.950	-5.64e-11	-100.0	-2.30e-10	-5.00e-04	0.00	-0.00e+00	0.0800	8.33e-17	50
0.950	-5.64e-11	-100.0	-2.30e-10	-4.00e-04	0.00	-0.00e+00	0.0800	8.33e-17	50
0.950	-5.64e-11	-100.0	-2.30e-10	-3.00e-04	0.00	-0.00e+00	0.0800	8.33e-17	50
0.950	-5.64e-11	-100.0	-2.30e-10	-2.00e-04	0.00	-0.00e+00	0.0800	8.33e-17	50
0.950	-5.64e-11	-100.0	-2.30e-10	-1.00e-04	0.00	-0.00e+00	0.0800	8.33e-17	50
0.950	-5.64e-11	-100.0	-2.30e-10	-2.71e-20	0.00	-0.00e+00	0.0800	8.33e-17	50
0.950	-5.64e-11	-100.0	-2.30e-10	1.00e-04	0.00	-0.00e+00	0.0800	8.33e-17	50
0.950	-5.64e-11	-100.0	-2.30e-10	2.00e-04	0.00	-0.00e+00	0.0800	8.33e-17	50
0.950	-5.64e-11	-100.0	-2.30e-10	3.00e-04	0.00	-0.00e+00	0.0800	8.33e-17	50
0.950	-5.64e-11	-100.0	-2.30e-10	4.00e-04	0.00	-0.00e+00	0.0800	8.33e-17	50
0.950	-5.64e-11	-100.0	-2.30e-10	5.00e-04	0.00	-0.00e+00	0.0800	8.33e-17	50
0.940	-8.15e-11	-100.0	-2.76e-10	-5.00e-04	0.00	-0.00e+00	0.0800	8.33e-17	60
0.940	-8.15e-11	-100.0	-2.76e-10	-4.00e-04	0.00	-0.00e+00	0.0800	8.33e-17	60
0.940	-8.15e-11	-100.0	-2.76e-10	-3.00e-04	0.00	-0.00e+00	0.0800	8.33e-17	60
0.940	-8.15e-11	-100.0	-2.76e-10	-2.00e-04	0.00	-0.00e+00	0.0800	8.33e-17	60
0.940	-8.15e-11	-100.0	-2.76e-10	-1.00e-04	0.00	-0.00e+00	0.0800	8.33e-17	60
0.940	-8.15e-11	-100.0	-2.76e-10	-2.71e-20	0.00	-0.00e+00	0.0800	8.33e-17	60
0.940	-8.15e-11	-100.0	-2.76e-10	1.00e-04	0.00	-0.00e+00	0.0800	8.33e-17	60
0.940	-8.15e-11	-100.0	-2.76e-10	2.00e-04	0.00	-0.00e+00	0.0800	8.33e-17	60
0.940	-8.15e-11	-100.0	-2.76e-10	3.00e-04	0.00	-0.00e+00	0.0800	8.33e-17	60
0.940	-8.15e-11	-100.0	-2.76e-10	4.00e-04	0.00	-0.00e+00	0.0800	8.33e-17	60
0.940	-8.15e-11	-100.0	-2.76e-10	5.00e-04	0.00	-0.00e+00	0.0800	8.33e-17	60
0.930	-1.11e-10	-100.0	-3.22e-10	-5.00e-04	0.00	-0.00e+00	0.0800	8.33e-17	70
0.930	-1.11e-10	-100.0	-3.22e-10	-4.00e-04	0.00	-0.00e+00	0.0800	8.33e-17	70
0.930	-1.11e-10	-100.0	-3.22e-10	-3.00e-04	0.00	-0.00e+00	0.0800	8.33e-17	70
0.930	-1.11e-10	-100.0	-3.22e-10	-2.00e-04	0.00	-0.00e+00	0.0800	8.33e-17	70
0.930	-1.11e-10	-100.0	-3.22e-10	-1.00e-04	0.00	-0.00e+00	0.0800	8.33e-17	70
0.930	-1.11e-10	-100.0	-3.22e-10	-2.71e-20	0.00	-0.00e+00	0.0800	8.33e-17	70
0.930	-1.11e-10	-100.0	-3.22e-10	1.00e-04	0.00	-0.00e+00	0.0800	8.33e-17	70
0.930	-1.11e-10	-100.0	-3.22e-10	2.00e-04	0.00	-0.00e+00	0.0800	8.33e-17	70
0.930	-1.11e-10	-100.0	-3.22e-10	3.00e-04	0.00	-0.00e+00	0.0800	8.33e-17	70
0.930	-1.11e-10	-100.0	-3.22e-10	4.00e-04	0.00	-0.00e+00	0.0800	8.33e-17	70
0.930	-1.11e-10	-100.0	-3.22e-10	5.00e-04	0.00	-0.00e+00	0.0800	8.33e-17	70
0.920	-1.46e-10	-100.0	-3.69e-10	-5.00e-04	0.00	-0.00e+00	0.0800	8.33e-17	80
0.920	-1.46e-10	-100.0	-3.69e-10	-4.00e-04	0.00	-0.00e+00	0.0800	8.33e-17	80
0.920	-1.46e-10	-100.0	-3.69e-10	-3.00e-04	0.00	-0.00e+00	0.0800	8.33e-17	80
0.920	-1.46e-10	-100.0	-3.69e-10	-2.00e-04	0.00	-0.00e+00	0.0800	8.33e-17	80
0.920	-1.46e-10	-100.0	-3.69e-10	-1.00e-04	0.00	-0.00e+00	0.0800	8.33e-17	80
0.920	-1.46e-10	-100.0	-3.69e-10	-2.71e-20	0.00	-0.00e+00	0.0800	8.33e-17	80
0.920	-1.46e-10	-100.0	-3.69e-10	1.00e-04	0.00	-0.00e+00	0.0800	8.33e-17	80
0.920	-1.46e-10	-100.0	-3.69e-10	2.00e-04	0.00	-0.00e+00	0.0800	8.33e-17	80
0.920	-1.46e-10	-100.0	-3.69e-10	3.00e-04	0.00	-0.00e+00	0.0800	8.33e-17	80
0.920	-1.46e-10	-100.0	-3.69e-10	4.00e-04	0.00	-0.00e+00	0.0800	8.33e-17	80
0.920	-1.46e-10	-100.0	-3.69e-10	5.00e-04	0.00	-0.00e+00	0.0800	8.33e-17	80
0.910	-1.84e-10	-100.0	-4.15e-10	-5.00e-04	0.00	-0.00e+00	0.0800	8.33e-17	90
0.910	-1.84e-10	-100.0	-4.15e-10	-4.00e-04	0.00	-0.00e+00	0.0800	8.33e-17	90
0.910	-1.84e-10	-100.0	-4.15e-10	-3.00e-04	0.00	-0.00e+00	0.0800	8.33e-17	90
0.910	-1.84e-10	-100.0	-4.15e-10	-2.00e-04	0.00	-0.00e+00	0.0800	8.33e-17	90
0.910	-1.84e-10	-100.0	-4.15e-10	-1.00e-04	0.00	-0.00e+00	0.0800	8.33e-17	90
0.910	-1.84e-10	-100.0	-4.15e-10	-2.71e-20	0.00	-0.00e+00	0.0800	8.33e-17	90
0.910	-1.84e-10	-100.0	-4.15e-10	1.00e-04	0.00	-0.00e+00	0.0800	8.33e-17	90
0.910	-1.84e-10	-100.0	-4.15e-10	2.00e-04	0.00	-0.00e+00	0.0800	8.33e-17	90
0.910	-1.84e-10	-100.0	-4.15e-10	3.00e-04	0.00	-0.00e+00	0.0800	8.33e-17	90
0.910	-1.84e-10	-100.0	-4.15e-10	4.00e-04	0.00	-0.00e+00	0.0800	8.33e-17	90
0.910	-1.84e-10	-100.0	-4.15e-10	5.00e-04	0.00	-0.00e+00	0.0800	8.33e-17	90
0.900	-2.28e-10	-100.0	-4.61e-10	-5.00e-04	0.00	-0.00e+00	0.0800	8.33e-17	100
0.900	-2.28e-10	-100.0	-4.61e-10	-4.00e-04	0.00	-0.00e+00	0.0800	8.33e-17	100
0.900	-2.28e-10	-100.0	-4.61e-10	-3.00e-04	0.00	-0.00e+00	0.0800	8.33e-17	100
0.900	-2.28e-10	-100.0	-4.61e-10	-2.00e-04	0.00	-0.00e+00	0.0800	8.33e-17	100
0.900	-2.28e-10	-100.0	-4.61e-10	-1.00e-04	0.00	-0.00e+00	0.0800	8.33e-17	100
0.900	-2.28e-10	-100.0	-4.61e-10	-2.71e-20	0.00	-0.00e+00	0.0800	8.33e-17	100
0.900	-2.28e-10	-100.0	-4.61e-10	1.00e-04	0.00	-0.00e+00	0.0800	8.33e-17	100
0.900	-2.28e-10	-100.0	-4.61e-10	2.00e-04	0.00	-0.00e+00	0.0800	8.33e-17	100
0.900	-2.28e-10	-100.0	-4.61e-10	3.00e-04	0.00	-0.00e+00	0.0800	8.33e-17	100
0.900	-2.28e-10	-100.0	-4.61e-10	4.00e-04	0.00	-0.00e+00	0.0800	8.33e-17	100
0.900	-2.28e-10	-100.0	-4.61e-10	5.00e-04	0.00	-0.00e+00	0.0800	8.33e-17	100
0.890	-2.76e-10	-100.0	-5.07e-10	-5.00e-04	0.00	-0.00e+00	0.0800	8.33e-17	110
0.890	-2.76e-10	-100.0	-5.07e-10	-4.00e-04	0.00	-0.00e+00	0.0800	8.33e-17	110
0.890	-2.76e-10	-100.0	-5.07e-10	-3.00e-04	0.00	-0.00e+00	0.0800	8.33e-17	110
0.890	-2.76e-10	-100.0	-5.07e-10	-2.00e-04	0.00	-0.00e+00	0.0800	8.33e-17	110
0.890	-2.76e-10	-100.0	-5.07e-10	-1.00e-04	0.00	-0.00e+00	0.0800	8.33e-17	110
0.890	-2.76e-10	-100.0	-5.07e-10	-2.71e-20	0.00	-0.00e+00	0.0800	8.33e-17	110
0.890	-2.76e-10	-100.0	-5.07e-10	1.00e-04	0.00	-0.00e+00	0.0800	8.33e-17	110
0.890	-2.76e-10	-100.0	-5.07e-10	2.00e-04	0.00	-0.00e+00	0.0800	8.33e-17	110
0.890	-2.76e-10	-100.0	-5.07e-10	3.00e-04	0.00	-0.00e+00	0.0800	8.33e-17	110
0.890	-2.76e-10	-100.0	-5.07e-10	4.00e-04	0.00	-0.00e+00	0.0800	8.33e-17	110
0.890	-2.76e-10	-100.0	-5.07e-10	5.00e-04	0.00	-0.00e+00	0.0800	8.33e-17	110
0.880	-3.29e-10	-100.0	-5.53e-10	-5.00e-04	0.00	-0.00e+00	0.0800	8.33e-17	120
0.880	-3.29e-10	-100.0	-5.53e-10	-4.00e-04	0.00	-0.00e+00	0.0800	8.33e-17	120
0.880	-3.29e-10	-100.0	-5.53e-10	-3.00e-04	0.00	-0.00e+00	0.0800	8.33e-17	120
0.880	-3.29e-10	-100.0	-5.53e-10	-2.00e-04	0.00	-0.00e+00	0.0800	8.33e-17	120
0.880	-3.29e-10	-100.0	-5.53e-10	-1.00e-04	0.00	-0.00e+00	0.0800	8.33e-17	120
0.880	-3.29e-10	-100.0	-5.53e-10	-2.71e-20	0.00	-0.00e+00	0.0800	8.33e-17	120
0.880	-3.29e-10	-100.0	-5.53e-10	1.00e-04	0.00	-0.00e+00	0.0800	8.33e-17	120
0.880	-3.29e-10	-100.0	-5.53e-10	2.00e-04	0.00	-0.00e+00	0.0800	8.33e-17	120
0.880	-3.29e-10	-100.0	-5.53e-10	3.00e-04	0.00	-0.00e+00	0.0800	8.33e-17	120
0.880	-3.29e-10	-100.0	-5.53e-10	4.00e-04	0.00	-0.00e+00	0.0800	8.33e-17	120
0.880	-3.29e-10	-100.0	-5.53e-10	5.00e-04	0.00	-0.00e+00	0.0800	8.33e-17	120
0.870	-3.86e-10	-100.0	-5.99e-10	-5.00e-04	0.00	-0.00e+00	0.0800	8.33e-17	130
0.870	-3.86e-10	-100.0	-5.99e-10	-4.00e-04	0.00	-0.00e+00	0.0800	8.33e-17	130
0.870	-3.86e-10	-100.0	-5.99e-10	-3.00e-04	0.00	-0.00e+00	0.0800	8.33e-17	130
0.870	-3.86e-10	-100.0	-5.99e-10	-2.00e-04	0.00	-0.00e+00	0.0800	8.33e-17	130
0.870	-3.86e-10	-100.0	-5.99e-10	-1.00e-04	0.00	-0.00e+00	0.0800	8.33e-17	130
0.870	-3.86e-10	-100.0	-5.99e-10	-2.71e-20	0.00	-0.00e+00	0.0800	8.33e-17	130
0.870	-3.86e-10	-100.0	-5.99e-10	1.00e-04	0.00	-0.00e+00	0.0800	8.33e-17	130
0.870	-3.86e-10	-100.0	-5.99e-10	2.00e-04	0.00	-0.00e+00	0.0800	8.33e-17	130
0.870	-3.86e-10	-100.0	-5.99e-10	3.00e-04	0.00	-0.00e+00	0.0800	8.33e-17	130
0.870	-3.86e-10	-100.0	-5.99e-10	4.00e-04	0.00	-0.00e+00	0.0800	8.33e-17	130
0.870	-3.86e-10	-100.0	-5.99e-10	5.00e-04	0.00	-0.00e+00	0.0800	8.33e-17	130
0.860	-4.48e-10	-100.0	-6.45e-10	-5.00e-04	0.00	-0.00e+00	0.0800	8.33e-17	140
0.860	-4.48e-10	-100.0	-6.45e-10	-4.00e-04	0.00	-0.00e+00	0.0800	8.33e-17	140
0.860	-4.48e-10	-100.0	-6.45e-10	-3.00e-04	0.00	-0.00e+00	0.0800	8.33e-17	140
0.860	-4.48e-10	-100.0	-6.45e-10	-2.00e-04	0.00	-0.00e+00	0.0800	8.33e-17	140
0.860	-4.48e-10	-100.0	-6.45e-10	-1.00e-04	0.00	-0.00e+00	0.0800	8.33e-17	140
0.860	-4.48e-10	-100.0	-6.45e-10	-2.71e-20	0.00	-0.00e+00	0.0800	8.33e-17	140
0.860	-4.48e-10	-100.0	-6.45e-10	1.00e-04	0.00	-0.00e+00	0.0800	8.33e-17	140
0.860	-4.48e-10	-100.0	-6.45e-10	2.00e-04	0.00	-0.00e+00	0.0800	8.33e-17	140
0.860	-4.48e-10	-100.0	-6.45e-10	3.00e-04	0.00	-0.00e+00	0.0800	8.33e-17	140
0.860	-4.48e-10	-100.0	-6.45e-10	4.00e-04	0.00	-0.00e+00	0.0800	8.33e-17	140
0.860	-4.48e-10	-100.0	-6.45e-10	5.00e-04	0.00	-0.00e+00	0.0800	8.33e-17	140
0.850	-5.15e-10	-100.0	-6.91e-10	-5.00e-04	0.00	-0.00e+00	0.0800	8.33e-17	150
0.850	-5.15e-10	-100.0	-6.91e-10	-4.00e-04	0.00	-0.00e+00	0.0800	8.33e-17	150
0.850	-5.15e-10	-100.0	-6.91e-10	-3.00e-04	0.00	-0.00e+00	0.0800	8.33e-17	150
0.850	-5.15e-10	-100.0	-6.91e-10	-2.00e-04	0.00	-0.00e+00	0.0800	8.33e-17	150
0.850	-5.15e-10	-100.0	-6.91e-10	-1.00e-04	0.00	-0.00e+00	0.0800	8.33e-17	150
0.850	-5.15e-10	-100.0	-6.91e-10	-2.71e-20	0.00	-0.00e+00	0.0800	8.33e-17	150
0.850	-5.15e-10	-100.0	-6.91e-10	1.00e-04	0.00	-0.00e+00	0.0800	8.33e-17	150
0.850	-5.15e-10	-100.0	-6.91e-10	2.00e-04	0.00	-0.00e+00	0.0800	8.33e-17	150
0.850	-5.15e-10	-100.0	-6.91e-10	3.00e-04	0.00	-0.00e+00	0.0800	8.33e-17	150
0.850	-5.15e-10	-100.0	-6.91e-10	4.00e-04	0.00	-0.00e+00	0.0800	8.33e-17	150
0.850	-5.15e-10	-100.0	-6.91e-10	5.00e-04	0.00	-0.00e+00	0.0800	8.33e-17	150
0.840	-5.86e-10	-100.0	-7.37e-10	-5.00e-04	0.00	-0.00e+00	0.0800	8.33e-17	160
0.840	-5.86e-10	-100.0	-7.37e-10	-4.00e-04	0.00	-0.00e+00	0.0800	8.33e-17	160
0.840	-5.86e-10	-100.0	-7.37e-10	-3.00e-04	0.00	-0.00e+00	0.0800	8.33e-17	160
0.840	-5.86e-10	-100.0	-7.37e-10	-2.00e-04	0.00	-0.00e+00	0.0800	8.33e-17	160
0.840	-5.86e-10	-100.0	-7.37e-10	-1.00e-04	0.00	-0.00e+00	0.0800	8.33e-17	160
0.840	-5.86e-10	-100.0	-7.37e-10	-2.71e-20	0.00	-0.00e+00	0.0800	8.33e-17	160
0.840	-5.86e-10	-100.0	-7.37e-10	1.00e-04	0.00	-0.00e+00	0.0800	8.33e-17	160
0.840	-5.86e-10	-100.0	-7.37e-10	2.00e-04	0.00	-0.00e+00	0.0800	8.33e-17	160
0.840	-5.86e-10	-100.0	-7.37e-10	3.00e-04	0.00	-0.00e+00	0.0800	8.33e-17	160
0.840	-5.86e-10	-100.0	-7.37e-10	4.00e-04	0.00	-0.00e+00	0.0800	8.33e-17	160
0.840	-5.86e-10	-100.0	-7.37e-10	5.00e-04	0.00	-0.00e+00	0.0800	8.33e-17	160
0.830	-6.62e-10	-100.0	-7.83e-10	-5.00e-04	0.00	-0.00e+00	0.0800	8.33e-17	170
0.830	-6.62e-10	-100.0	-7.83e-10	-4.00e-04	0.00	-0.00e+00	0.0800	8.33e-17	170
0.830	-6.62e-10	-100.0	-7.83e-10	-3.00e-04	0.00	-0.00e+00	0.0800	8.33e-17	170
0.830	-6.62e-10	-100.0	-7.83e-10	-2.00e-04	0.00	-0.00e+00	0.0800	8.33e-17	170
0.830	-6.62e-10	-100.0	-7.83e-10	-1.00e-04	0.00	-0.00e+00	0.0800	8.33e-17	170
0.830	-6.62e-10	-100.0	-7.83e-10	-2.71e-20	0.00	-0.00e+00	0.0800	8.33e-17	170
0.830	-6.62e-10	-100.0	-7.83e-10	1.00e-04	0.00	-0.00e+00	0.0800	8.33e-17	170
0.830	-6.62e-10	-100.0	-7.83e-10	2.00e-04	0.00	-0.00e+00	0.0800	8.33e-17	170
0.830	-6.62e-10	-100.0	-7.83e-10	3.00e-04	0.00	-0.00e+00	0.0800	8.33e-17	170
0.830	-6.62e-10	-100.0	-7.83e-10	4.00e-04	0.00	-0.00e+00	0.0800	8.33e-17	170
0.830	-6.62e-10	-100.0	-7.83e-10	5.00e-04	0.00	-0.00e+00	0.0800	8.33e-17	170
0.820	-7.42e-10	-100.0	-8.29e-10	-5.00e-04	0.00	-0.00e+00	0.0800	8.33e-17	180
0.820	-7.42e-10	-100.0	-8.29e-10	-4.00e-04	0.00	-0.00e+00	0.0800	8.33e-17	180
0.820	-7.42e-10	-100.0	-8.29e-10	-3.00e-04	0.00	-0.00e+00	0.0800	8.33e-17	180
0.820	-7.42e-10	-100.0	-8.29e-10	-2.00e-04	0.00	-0.00e+00	0.0800	8.33e-17	180
0.820	-7.42e-10	-100.0	-8.29e-10	-1.00e-04	0.00	-0.00e+00	0.0800	8.33e-17	180
0.820	-7.42e-10	-100.0	-8.29e-10	-2.71e-20	0.00	-0.00e+00	0.0800	8.33e-17	180
0.820	-7.42e-10	-100.0	-8.29e-10	1.00e-04	0.00	-0.00e+00	0.0800	8.33e-17	180
0.820	-7.42e-10	-100.0	-8.29e-10	2.00e-04	0.00	-0.00e+00	0.0800	8.33e-17	180
0.820	-7.42e-10	-100.0	-8.29e-10	3.00e-04	0.00	-0.00e+00	0.0800	8.33e-17	180
0.820	-7.42e-10	-100.0	-8.29e-10	4.00e-04	0.00	-0.00e+00	0.0800	8.33e-17	180
0.820	-7.42e-10	-100.0	-8.29e-10	5.00e-04	0.00	-0.00e+00	0.0800	8.33e-17	180
0.810	-8.27e-10	-100.0	-8.75e-10	-5.00e-04	0.00	-0.00e+00	0.0800	8.33e-17	190
0.810	-8.27e-10	-100.0	-8.75e-10	-4.00e-04	0.00	-0.00e+00	0.0800	8.33e-17	190
0.810	-8.27e-10	-100.0	-8.75e-10	-3.00e-04	0.00	-0.00e+00	0.0800	8.33e-17	190
0.810	-8.27e-10	-100.0	-8.75e-10	-2.00e-04	0.00	-0.00e+00	0.0800	8.33e-17	190
0.810	-8.27e-10	-100.0	-8.75e-10	-1.00e-04	0.00	-0.00e+00	0.0800	8.33e-17	190
0.810	-8.27e-10	-100.0	-8.75e-10	-2.71e-20	0.00	-0.00e+00	0.0800	8.33e-17	190
0.810	-8.27e-10	-100.0	-8.75e-10	1.00e-04	0.00	-0.00e+00	0.0800	8.33e-17	190
0.810	-8.27e-10	-100.0	-8.75e-10	2.00e-04	0.00	-0.00e+00	0.0800	8.33e-17	190
0.810	-8.27e-10	-100.0	-8.75e-10	3.00e-04	0.00	-0.00e+00	0.0800	8.33e-17	190
0.810	-8.27e-10	-100.0	-8.75e-10	4.00e-04	0.00	-0.00e+00	0.0800	8.33e-17	190
0.810	-8.27e-10	-100.0	-8.75e-10	5.00e-04	0.00	-0.00e+00	0.0800	8.33e-17	190
0.800	-9.17e-10	-100.0	-9.21e-10	-5.00e-04	0.00	-0.00e+00	0.0800	8.33e-17	200
0.800	-9.17e-10	-100.0	-9.21e-10	-4.00e-04	0.00	-0.00e+00	0.0800	8.33e-17	200
0.800	-9.17e-10	-100.0	-9.21e-10	-3.00e-04	0.00	-0.00e+00	0.0800	8.33e-17	200
0.800	-9.17e-10	-100.0	-9.21e-10	-2.00e-04	0.00	-0.00e+00	0.0800	8.33e-17	200
0.800	-9.17e-10	-100.0	-9.21e-10	-1.00e-04	0.00	-0.00e+00	0.0800	8.33e-17	200
0.800	-9.17e-10	-100.0	-9.21e-10	-2.71e-20	0.00	-0.00e+00	0.0800	8.33e-17	200
0.800	-9.17e-10	-100.0	-9.21e-10	1.00e-04	0.00	-0.00e+00	0.0800	8.33e-17	200
0.800	-9.17e-10	-100.0	-9.21e-10	2.00e-04	0.00	-0.00e+00	0.0800	8.33e-17	200
0.800	-9.17e-10	-100.0	-9.21e-10	3.00e-04	0.00	-0.00e+00	0.0800	8.33e-17	200
0.800	-9.17e-10	-100.0	-9.21e-10	4.00e-04	0.00	-0.00e+00	0.0800	8.33e-17	200
0.800	-9.17e-10	-100.0	-9.21e-10	5.00e-04	0.00	-0.00e+00	0.0800	8.33e-17	200
0.790	-1.01e-09	-100.0	-9.67e-10	-5.00e-04	0.00	-0.00e+00	0.0800	8.33e-17	210
0.790	-1.01e-09	-100.0	-9.67e-10	-4.00e-04	0.00	-0.00e+00	0.0800	8.33e-17	210
0.790	-1.01e-09	-100.0	-9.67e-10	-3.00e-04	0.00	-0.00e+00	0.0800	8.33e-17	210
0.790	-1.01e-09	-100.0	-9.67e-10	-2.00e-04	0.00	-0.00e+00	0.0800	8.33e-17	210
0.790	-1.01e-09	-100.0	-9.67e-10	-1.00e-04	0.00	-0.00e+00	0.0800	8.33e-17	210
0.790	-1.01e-09	-100.0	-9.67e-10	-2.71e-20	0.00	-0.00e+00	0.0800	8.33e-17	210
0.790	-1.01e-09	-100.0	-9.67e-10	1.00e-04	0.00	-0.00e+00	0.0800	8.33e-17	210
0.790	-1.01e-09	-100.0	-9.67e-10	2.00e-04	0.00	-0.00e+00	0.0800	8.33e-17	210
0.790	-1.01e-09	-100.0	-9.67e-10	3.00e-04	0.00	-0.00e+00	0.0800	8.33e-17	210
0.790	-1.01e-09	-100.0	-9.67e-10	4.00e-04	0.00	-0.00e+00	0.0800	8.33e-17	210
0.790	-1.01e-09	-100.0	-9.67e-10	5.00e-04	0.00	-0.00e+00	0.0800	8.33e-17	210
0.780	-1.11e-09	-100.0	-1.01e-09	-5.00e-04	0.00	-0.00e+00	0.0800	8.33e-17	220
0.780	-1.11e-09	-100.0	-1.01e-09	-4.00e-04	0.00	-0.00e+00	0.0800	8.33e-17	220
0.780	-1.11e-09	-100.0	-1.01e-09	-3.00e-04	0.00	-0.00e+00	0.0800	8.33e-17	220
0.780	-1.11e-09	-100.0	-1.01e-09	-2.00e-04	0.00	-0.00e+00	0.0800	8.33e-17	220
0.780	-1.11e-09	-100.0	-1.01e-09	-1.00e-04	0.00	-0.00e+00	0.0800	8.33e-17	220
0.780	-1.11e-09	-100.0	-1.01e-09	-2.71e-20	0.00	-0.00e+00	0.0800	8.33e-17	220
0.780	-1.11e-09	-100.0	-1.01e-09	1.00e-04	0.00	-0.00e+00	0.0800	8.33e-17	220
0.780	-1.11e-09	-100.0	-1.01e-09	2.00e-04	0.00	-0.00e+00	0.0800	8.33e-17	220
0.780	-1.11e-09	-100.0	-1.01e-09	3.00e-04	0.00	-0.00e+00	0.0800	8.33e-17	220
0.780	-1.11e-09	-100.0	-1.01e-09	4.00e-04	0.00	-0.00e+00	0.0800	8.33e-17	220
0.780	-1.11e-09	-100.0	-1.01e-09	5.00e-04	0.00	-0.00e+00	0.0800	8.33e-17	220
0.770	-1.21e-09	-100.0	-1.06e-09	-5.00e-04	0.00	-0.00e+00	0.0800	8.33e-17	230
0.770	-1.21e-09	-100.0	-1.06e-09	-4.00e-04	0.00	-0.00e+00	0.0800	8.33e-17	230
0.770	-1.21e-09	-100.0	-1.06e-09	-3.00e-04	0.00	-0.00e+00	0.0800	8.33e-17	230
0.770	-1.21e-09	-100.0	-1.06e-09	-2.00e-04	0.00	-0.00e+00	0.0800	8.33e-17	230
0.770	-1.21e-09	-100.0	-1.06e-09	-1.00e-04	0.00	-0.00e+00	0.0800	8.33e-17	230
0.770	-1.21e-09	-100.0	-1.06e-09	-2.71e-20	0.00	-0.00e+00	0.0800	8.33e-17	230
0.770	-1.21e-09	-100.0	-1.06e-09	1.00e-04	0.00	-0.00e+00	0.0800	8.33e-17	230
0.770	-1.21e-09	-100.0	-1.06e-09	2.00e-04	0.00	-0.00e+00	0.0800	8.33e-17	230
0.770	-1.21e-09	-100.0	-1.06e-09	3.00e-04	0.00	-0.00e+00	0.0800	8.33e-17	230
0.770	-1.21e-09	-100.0	-1.06e-09	4.00e-04	0.00	-0.00e+00	0.0800	8.33e-17	230
0.770	-1.21e-09	-100.0	-1.06e-09	5.00e-04	0.00	-0.00e+00	0.0800	8.33e-17	230
0.760	-1.32e-09	-100.0	-1.11e-09	-5.00e-04	0.00	-0.00e+00	0.0800	8.33e-17	240
0.760	-1.32e-09	-100.0	-1.11e-09	-4.00e-04	0.00	-0.00e+00	0.0800	8.33e-17	240
0.760	-1.32e-09	-100.0	-1.11e-09	-3.00e-04	0.00	-0.00e+00	0.0800	8.33e-17	240
0.760	-1.32e-09	-100.0	-1.11e-09	-2.00e-04	0.00	-0.00e+00	0.0800	8.33e-17	240
0.760	-1.32e-09	-100.0	-1.11e-09	-1.00e-04	0.00	-0.00e+00	0.0800	8.33e-17	240
0.760	-1.32e-09	-100.0	-1.11e-09	-2.71e-20	0.00	-0.00e+00	0.0800	8.33e-17	240
0.760	-1.32e-09	-100.0	-1.11e-09	1.00e-04	0.00	-0.00e+00	0.0800	8.33e-17	240
0.760	-1.32e-09	-100.0	-1.11e-09	2.00e-04	0.00	-0.00e+00	0.0800	8.33e-17	240
0.760	-1.32e-09	-100.0	-1.11e-09	3.00e-04	0.00	-0.00e+00	0.0800	8.33e-17	240
0.760	-1.32e-09	-100.0	-1.11e-09	4.00e-04	0.00	-0.00e+00	0.0800	8.33e-17	240
0.760	-1.32e-09	-100.0	-1.11e-09	5.00e-04	0.00	-0.00e+00	0.0800	8.33e-17	240
0.750	-1.43e-09	-100.0	-1.15e-09	-5.00e-04	0.00	-0.00e+00	0.0800	8.33e-17	250
0.750	-1.43e-09	-100.0	-1.15e-09	-4.00e-04	0.00	-0.00e+00	0.0800	8.33e-17	250
0.750	-1.43e-09	-100.0	-1.15e-09	-3.00e-04	0.00	-0.00e+00	0.0800	8.33e-17	250
0.750	-1.43e-09	-100.0	-1.15e-09	-2.00e-04	0.00	-0.00e+00	0.0800	8.33e-17	250
0.750	-1.43e-09	-100.0	-1.15e-09	-1.00e-04	0.00	-0.00e+00	0.0800	8.33e-17	250
0.750	-1.43e-09	-100.0	-1.15e-09	-2.71e-20	0.00	-0.00e+00	0.0800	8.33e-17	250
0.750	-1.43e-09	-100.0	-1.15e-09	1.00e-04	0.00	-0.00e+00	0.0800	8.33e-17	250
0.750	-1.43e-09	-100.0	-1.15e-09	2.00e-04	0.00	-0.00e+00	0.0800	8.33e-17	250
0.750	-1.43e-09	-100.0	-1.15e-09	3.00e-04	0.00	-0.00e+00	0.0800	8.33e-17	250
0.750	-1.43e-09	-100.0	-1.15e-09	4.00e-04	0.00	-0.00e+00	0.0800	8.33e-17	250
0.750	-1.43e-09	-100.0	-1.15e-09	5.00e-04	0.00	-0.00e+00	0.0800	8.33e-17	250
0.740	-1.55e-09	-100.0	-1.20e-09	-5.00e-04	0.00	-0.00e+00	0.0800	8.33e-17	260
0.740	-1.55e-09	-100.0	-1.20e-09	-4.00e-04	0.00	-0.00e+00	0.0800	8.33e-17	260
0.740	-1.55e-09	-100.0	-1.20e-09	-3.00e-04	0.00	-0.00e+00	0.0800	8.33e-17	260
0.740	-1.55e-09	-100.0	-1.20e-09	-2.00e-04	0.00	-0.00e+00	0.0800	8.33e-17	260
0.740	-1.55e-09	-100.0	-1.20e-09	-1.00e-04	0.00	-0.00e+00	0.0800	8.33e-17	260
0.740	-1.55e-09	-100.0	-1.20e-09	-2.71e-20	0.00	-0.00e+00	0.0800	8.33e-17	260
0.740	-1.55e-09	-100.0	-1.20e-09	1.00e-04	0.00	-0.00e+00	0.0800	8.33e-17	260
0.740	-1.55e-09	-100.0	-1.20e-09	2.00e-04	0.00	-0.00e+00	0.0800	8.33e-17	260
0.740	-1.55e-09	-100.0	-1.20e-09	3.00e-04	0.00	-0.00e+00	0.0800	8.33e-17	260
0.740	-1.55e-09	-100.0	-1.20e-09	4.00e-04	0.00	-0.00e+00	0.0800	8.33e-17	260
0.740	-1.55e-09	-100.0	-1.20e-09	5.00e-04	0.00	-0.00e+00	0.0800	8.33e-17	260
0.730	-1.67e-09	-100.0	-1.24e-09	-5.00e-04	0.00	-0.00e+00	0.0800	8.33e-17	270
0.730	-1.67e-09	-100.0	-1.24e-09	-4.00e-04	0.00	-0.00e+00	0.0800	8.33e-17	270
0.730	-1.67e-09	-100.0	-1.24e-09	-3.00e-04	0.00	-0.00e+00	0.0800	8.33e-17	270
0.730	-1.67e-09	-100.0	-1.24e-09	-2.00e-04	0.00	-0.00e+00	0.0800	8.33e-17	270
0.730	-1.67e-09	-100.0	-1.24e-09	-1.00e-04	0.00	-0.00e+00	0.0800	8.33e-17	270
0.730	-1.67e-09	-100.0	-1.24e-09	-2.71e-20	0.00	-0.00e+00	0.0800	8.33e-17	270
0.730	-1.67e-09	-100.0	-1.24e-09	1.00e-04	0.00	-0.00e+00	0.0800	8.33e-17	270
0.730	-1.67e-09	-100.0	-1.24e-09	2.00e-04	0.00	-0.00e+00	0.0800	8.33e-17	270
0.730	-1.67e-09	-100.0	-1.24e-09	3.00e-04	0.00	-0.00e+00	0.0800	8.33e-17	270
0.730	-1.67e-09	-100.0	-1.24e-09	4.00e-04	0.00	-0.00e+00	0.0800	8.33e-17	270
0.730	-1.67e-09	-100.0	-1.24e-09	5.00e-04	0.00	-0.00e+00	0.0800	8.33e-17	270
0.720	-1.80e-09	-100.0	-1.29e-09	-5.00e-04	0.00	-0.00e+00	0.0800	8.33e-17	280
0.720	-1.80e-09	-100.0	-1.29e-09	-4.00e-04	0.00	-0.00e+00	0.0800	8.33e-17	280
0.720	-1.80e-09	-100.0	-1.29e-09	-3.00e-04	0.00	-0.00e+00	0.0800	8.33e-17	280
0.720	-1.80e-09	-100.0	-1.29e-09	-2.00e-04	0.00	-0.00e+00	0.0800	8.33e-17	280
0.720	-1.80e-09	-100.0	-1.29e-09	-1.00e-04	0.00	-0.00e+00	0.0800	8.33e-17	280
0.720	-1.80e-09	-100.0	-1.29e-09	-2.71e-20	0.00	-0.00e+00	0.0800	8.33e-17	280
0.720	-1.80e-09	-100.0	-1.29e-09	1.00e-04	0.00	-0.00e+00	0.0800	8.33e-17	280
0.720	-1.80e-09	-100.0	-1.29e-09	2.00e-04	0.00	-0.00e+00	0.0800	8.33e-17	280
0.720	-1.80e-09	-100.0	-1.29e-09	3.00e-04	0.00	-0.00e+00	0.0800	8.33e-17	280
0.720	-1.80e-09	-100.0	-1.29e-09	4.00e-04	0.00	-0.00e+00	0.0800	8.33e-17	280
0.720	-1.80e-09	-100.0	-1.29e-09	5.00e-04	0.00	-0.00e+00	0.0800	8.33e-17	280
0.710	-1.93e-09	-100.0	-1.34e-09	-5.00e-04	0.00	-0.00e+00	0.0800	8.33e-17	290
0.710	-1.93e-09	-100.0	-1.34e-09	-4.00e-04	0.00	-0.00e+00	0.0800	8.33e-17	290
0.710	-1.93e-09	-100.0	-1.34e-09	-3.00e-04	0.00	-0.00e+00	0.0800	8.33e-17	290
0.710	-1.93e-09	-100.0	-1.34e-09	-2.00e-04	0.00	-0.00e+00	0.0800	8.33e-17	290
0.710	-1.93e-09	-100.0	-1.34e-09	-1.00e-04	0.00	-0.00e+00	0.0800	8.33e-17	290
0.710	-1.93e-09	-100.0	-1.34e-09	-2.71e-20	0.00	-0.00e+00	0.0800	8.33e-17	290
0.710	-1.93e-09	-100.0	-1.34e-09	1.00e-04	0.00	-0.00e+00	0.0800	8.33e-17	290
0.710	-1.93e-09	-100.0	-1.34e-09	2.00e-04	0.00	-0.00e+00	0.0800	8.33e-17	290
0.710	-1.93e-09	-100.0	-1.34e-09	3.00e-04	0.00	-0.00e+00	0.0800	8.33e-17	290
0.710	-1.93e-09	-100.0	-1.34e-09	4.00e-04	0.00	-0.00e+00	0.0800	8.33e-17	290
0.710	-1.93e-09	-100.0	-1.34e-09	5.00e-04	0.00	-0.00e+00	0.0800	8.33e-17	290
0.700	-2.07e-09	-100.0	-1.38e-09	-5.00e-04	0.00	-0.00e+00	0.0800	8.33e-17	300
0.700	-2.07e-09	-100.0	-1.38e-09	-4.00e-04	0.00	-0.00e+00	0.0800	8.33e-17	300
0.700	-2.07e-09	-100.0	-1.38e-09	-3.00e-04	0.00	-0.00e+00	0.0800	8.33e-17	300
0.700	-2.07e-09	-100.0	-1.38e-09	-2.00e-04	0.00	-0.00e+00	0.0800	8.33e-17	300
0.700	-2.07e-09	-100.0	-1.38e-09	-1.00e-04	0.00	-0.00e+00	0.0800	8.33e-17	300
0.700	-2.07e-09	-100.0	-1.38e-09	-2.71e-20	0.00	-0.00e+00	0.0800	8.33e-17	300
0.700	-2.07e-09	-100.0	-1.38e-09	1.00e-04	0.00	-0.00e+00	0.0800	8.33e-17	300
0.700	-2.07e-09	-100.0	-1.38e-09	2.00e-04	0.00	-0.00e+00	0.0800	8.33e-17	300
0.700	-2.07e-09	-100.0	-1.38e-09	3.00e-04	0.00	-0.00e+00	0.0800	8.33e-17	300
0.700	-2.07e-09	-100.0	-1.38e-09	4.00e-04	0.00	-0.00e+00	0.0800	8.33e-17	300
0.700	-2.07e-09	-100.0	-1.38e-09	5.00e-04	0.00	-0.00e+00	0.0800	8.33e-17	300
0.690	-2.21e-09	-100.0	-1.43e-09	-5.00e-04	0.00	-0.00e+00	0.0800	8.33e-17	310
0.690	-2.21e-09	-100.0	-1.43e-09	-4.00e-04	0.00	-0.00e+00	0.0800	8.33e-17	310
0.690	-2.21e-09	-100.0	-1.43e-09	-3.00e-04	0.00	-0.00e+00	0.0800	8.33e-17	310
0.690	-2.21e-09	-100.0	-1.43e-09	-2.00e-04	0.00	-0.00e+00	0.0800	8.33e-17	310
0.690	-2.21e-09	-100.0	-1.43e-09	-1.00e-04	0.00	-0.00e+00	0.0800	8.33e-17	310
0.690	-2.21e-09	-100.0	-1.43e-09	-2.71e-20	0.00	-0.00e+00	0.0800	8.33e-17	310
0.690	-2.21e-09	-100.0	-1.43e-09	1.00e-04	0.00	-0.00e+00	0.0800	8.33e-17	310
0.690	-2.21e-09	-100.0	-1.43e-09	2.00e-04	0.00	-0.00e+00	0.0800	8.33e-17	310
0.690	-2.21e-09	-100.0	-1.43e-09	3.00e-04	0.00	-0.00e+00	0.0800	8.33e-17	310
0.690	-2.21e-09	-100.0	-1.43e-09	4.00e-04	0.00	-0.00e+00	0.0800	8.33e-17	310
0.690	-2.21e-09	-100.0	-1.43e-09	5.00e-04	0.00	-0.00e+00	0.0800	8.33e-17	310
0.680	-2.35e-09	-100.0	-1.47e-09	-5.00e-04	0.00	-0.00e+00	0.0800	8.33e-17	320
0.680	-2.35e-09	-100.0	-1.47e-09	-4.00e-04	0.00	-0.00e+00	0.0800	8.33e-17	320
0.680	-2.35e-09	-100.0	-1.47e-09	-3.00e-04	0.00	-0.00e+00	0.0800	8.33e-17	320
0.680	-2.35e-09	-100.0	-1.47e-09	-2.00e-04	0.00	-0.00e+00	0.0800	8.33e-17	320
0.680	-2.35e-09	-100.0	-1.47e-09	-1.00e-04	0.00	-0.00e+00	0.0800	8.33e-17	320
0.680	-2.35e-09	-100.0	-1.47e-09	-2.71e-20	0.00	-0.00e+00	0.0800	8.33e-17	320
0.680	-2.35e-09	-100.0	-1.47e-09	1.00e-04	0.00	-0.00e+00	0.0800	8.33e-17	320
0.680	-2.35e-09	-100.0	-1.47e-09	2.00e-04	0.00	-0.00e+00	0.0800	8.33e-17	320
0.680	-2.35e-09	-100.0	-1.47e-09	3.00e-04	0.00	-0.00e+00	0.0800	8.33e-17	320
0.680	-2.35e-09	-100.0	-1.47e-09	4.00e-04	0.00	-0.00e+00	0.0800	8.33e-17	320
0.680	-2.35e-09	-100.0	-1.47e-09	5.00e-04	0.00	-0.00e+00	0.0800	8.33e-17	320
0.670	-2.50e-09	-100.0	-1.52e-09	-5.00e-04	0.00	-0.00e+00	0.0800	8.33e-17	330
0.670	-2.50e-09	-100.0	-1.52e-09	-4.00e-04	0.00	-0.00e+00	0.0800	8.33e-17	330
0.670	-2.50e-09	-100.0	-1.52e-09	-3.00e-04	0.00	-0.00e+00	0.0800	8.33e-17	330
0.670	-2.50e-09	-100.0	-1.52e-09	-2.00e-04	0.00	-0.00e+00	0.0800	8.33e-17	330
0.670	-2.50e-09	-100.0	-1.52e-09	-1.00e-04	0.00	-0.00e+00	0.0800	8.33e-17	330
0.670	-2.50e-09	-100.0	-1.52e-09	-2.71e-20	0.00	-0.00e+00	0.0800	8.33e-17	330
0.670	-2.50e-09	-100.0	-1.52e-09	1.00e-04	0.00	-0.00e+00	0.0800	8.33e-17	330
0.670	-2.50e-09	-100.0	-1.52e-09	2.00e-04	0.00	-0.00e+00	0.0800	8.33e-17	330
0.670	-2.50e-09	-100.0	-1.52e-09	3.00e-04	0.00	-0.00e+00	0.0800	8.33e-17	330
0.670	-2.50e-09	-100.0	-1.52e-09	4.00e-04	0.00	-0.00e+00	0.0800	8.33e-17	330
0.670	-2.50e-09	-100.0	-1.52e-09	5.00e-04	0.00	-0.00e+00	0.0800	8.33e-17	330
0.660	-2.65e-09	-100.0	-1.57e-09	-5.00e-04	0.00	-0.00e+00	0.0800	8.33e-17	340
0.660	-2.65e-09	-100.0	-1.57e-09	-4.00e-04	0.00	-0.00e+00	0.0800	8.33e-17	340
0.660	-2.65e-09	-100.0	-1.57e-09	-3.00e-04	0.00	-0.00e+00	0.0800	8.33e-17	340
0.660	-2.65e-09	-100.0	-1.57e-09	-2.00e-04	0.00	-0.00e+00	0.0800	8.33e-17	340
0.660	-2.65e-09	-100.0	-1.57e-09	-1.00e-04	0.00	-0.00e+00	0.0800	8.33e-17	340
0.660	-2.65e-09	-100.0	-1.57e-09	-2.71e-20	0.00	-0.00e+00	0.0800	8.33e-17	340
0.660	-2.65e-09	-100.0	-1.57e-09	1.00e-04	0.00	-0.00e+00	0.0800	8.33e-17	340
0.660	-2.65e-09	-100.0	-1.57e-09	2.00e-04	0.00	-0.00e+00	0.0800	8.33e-17	340
0.660	-2.65e-09	-100.0	-1.57e-09	3.00e-04	0.00	-0.00e+00	0.0800	8.33e-17	340
0.660	-2.65e-09	-100.0	-1.57e-09	4.00e-04	0.00	-0.00e+00	0.0800	8.33e-17	340
0.660	-2.65e-09	-100.0	-1.57e-09	5.00e-04	0.00	-0.00e+00	0.0800	8.33e-17	340
0.650	-2.81e-09	-100.0	-1.61e-09	-5.00e-04	0.00	-0.00e+00	0.0800	8.33e-17	350
0.650	-2.81e-09	-100.0	-1.61e-09	-4.00e-04	0.00	-0.00e+00	0.0800	8.33e-17	350
0.650	-2.81e-09	-100.0	-1.61e-09	-3.00e-04	0.00	-0.00e+00	0.0800	8.33e-17	350
0.650	-2.81e-09	-100.0	-1.61e-09	-2.00e-04	0.00	-0.00e+00	0.0800	8.33e-17	350
0.650	-2.81e-09	-100.0	-1.61e-09	-1.00e-04	0.00	-0.00e+00	0.0800	8.33e-17	350
0.650	-2.81e-09	-100.0	-1.61e-09	-2.71e-20	0.00	-0.00e+00	0.0800	8.33e-17	350
0.650	-2.81e-09	-100.0	-1.61e-09	1.00e-04	0.00	-0.00e+00	0.0800	8.33e-17	350
0.650	-2.81e-09	-100.0	-1.61e-09	2.00e-04	0.00	-0.00e+00	0.0800	8.33e-17	350
0.650	-2.81e-09	-100.0	-1.61e-09	3.00e-04	0.00	-0.00e+00	0.0800	8.33e-17	350
0.650	-2.81e-09	-100.0	-1.61e-09	4.00e-04	0.00	-0.00e+00	0.0800	8.33e-17	350
0.650	-2.81e-09	-100.0	-1.61e-09	5.00e-04	0.00	-0.00e+00	0.0800	8.33e-17	350
0.640	-2.98e-09	-100.0	-1.66e-09	-5.00e-04	0.00	-0.00e+00	0.0800	8.33e-17	360
0.640	-2.98e-09	-100.0	-1.66e-09	-4.00e-04	0.00	-0.00e+00	0.0800	8.33e-17	360
0.640	-2.98e-09	-100.0	-1.66e-09	-3.00e-04	0.00	-0.00e+00	0.0800	8.33e-17	360
0.640	-2.98e-09	-100.0	-1.66e-09	-2.00e-04	0.00	-0.00e+00	0.0800	8.33e-17	360
0.640	-2.98e-09	-100.0	-1.66e-09	-1.00e-04	0.00	-0.00e+00	0.0800	8.33e-17	360
0.640	-2.98e-09	-100.0	-1.66e-09	-2.71e-20	0.00	-0.00e+00	0.0800	8.33e-17	360
0.640	-2.98e-09	-100.0	-1.66e-09	1.00e-04	0.00	-0.00e+00	0.0800	8.33e-17	360
0.640	-2.98e-09	-100.0	-1.66e-09	2.00e-04	0.00	-0.00e+00	0.0800	8.33e-17	360
0.640	-2.98e-09	-100.0	-1.66e-09	3.00e-04	0.00	-0.00e+00	0.0800	8.33e-17	360
0.640	-2.98e-09	-100.0	-1.66e-09	4.00e-04	0.00	-0.00e+00	0.0800	8.33e-17	360
0.640	-2.98e-09	-100.0	-1.66e-09	5.00e-04	0.00	-0.00e+00	0.0800	8.33e-17	360
0.630	-3.14e-09	-100.0	-1.70e-09	-5.00e-04	0.00	-0.00e+00	0.0800	8.33e-17	370
0.630	-3.14e-09	-100.0	-1.70e-09	-4.00e-04	0.00	-0.00e+00	0.0800	8.33e-17	370
0.630	-3.14e-09	-100.0	-1.70e-09	-3.00e-04	0.00	-0.00e+00	0.0800	8.33e-17	370
0.630	-3.14e-09	-100.0	-1.70e-09	-2.00e-04	0.00	-0.00e+00	0.0800	8.33e-17	370
0.630	-3.14e-09	-100.0	-1.70e-09	-1.00e-04	0.00	-0.00e+00	0.0800	8.33e-17	370
0.630	-3.14e-09	-100.0	-1.70e-09	-2.71e-20	0.00	-0.00e+00	0.0800	8.33e-17	370
0.630	-3.14e-09	-100.0	-1.70e-09	1.00e-04	0.00	-0.00e+00	0.0800	8.33e-17	370
0.630	-3.14e-09	-100.0	-1.70e-09	2.00e-04	0.00	-0.00e+00	0.0800	8.33e-17	370
0.630	-3.14e-09	-100.0	-1.70e-09	3.00e-04	0.00	-0.00e+00	0.0800	8.33e-17	370
0.630	-3.14e-09	-100.0	-1.70e-09	4.00e-04	0.00	-0.00e+00	0.0800	8.33e-17	370
0.630	-3.14e-09	-100.0	-1.70e-09	5.00e-04	0.00	-0.00e+00	0.0800	8.33e-17	370
0.620	-3.32e-09	-100.0	-1.75e-09	-5.00e-04	0.00	-0.00e+00	0.0800	8.33e-17	380
0.620	-3.32e-09	-100.0	-1.75e-09	-4.00e-04	0.00	-0.00e+00	0.0800	8.33e-17	380
0.620	-3.32e-09	-100.0	-1.75e-09	-3.00e-04	0.00	-0.00e+00	0.0800	8.33e-17	380
0.620	-3.32e-09	-100.0	-1.75e-09	-2.00e-04	0.00	-0.00e+00	0.0800	8.33e-17	380
0.620	-3.32e-09	-100.0	-1.75e-09	-1.00e-04	0.00	-0.00e+00	0.0800	8.33e-17	380
0.620	-3.32e-09	-100.0	-1.75e-09	-2.71e-20	0.00	-0.00e+00	0.0800	8.33e-17	380
0.620	-3.32e-09	-100.0	-1.75e-09	1.00e-04	0.00	-0.00e+00	0.0800	8.33e-17	380
0.620	-3.32e-09	-100.0	-1.75e-09	2.00e-04	0.00	-0.00e+00	0.0800	8.33e-17	380
0.620	-3.32e-09	-100.0	-1.75e-09	3.00e-04	0.00	-0.00e+00	0.0800	8.33e-17	380
0.620	-3.32e-09	-100.0	-1.75e-09	4.00e-04	0.00	-0.00e+00	0.0800	8.33e-17	380
0.620	-3.32e-09	-100.0	-1.75e-09	5.00e-04	0.00	-0.00e+00	0.0800	8.33e-17	380
0.610	-3.49e-09	-100.0	-1.79e-09	-5.00e-04	0.00	-0.00e+00	0.0800	8.33e-17	390
0.610	-3.49e-09	-100.0	-1.79e-09	-4.00e-04	0.00	-0.00e+00	0.0800	8.33e-17	390
0.610	-3.49e-09	-100.0	-1.79e-09	-3.00e-04	0.00	-0.00e+00	0.0800	8.33e-17	390
0.610	-3.49e-09	-100.0	-1.79e-09	-2.00e-04	0.00	-0.00e+00	0.0800	8.33e-17	390
0.610	-3.49e-09	-100.0	-1.79e-09	-1.00e-04	0.00	-0.00e+00	0.0800	8.33e-17	390
0.610	-3.49e-09	-100.0	-1.79e-09	-2.71e-20	0.00	-0.00e+00	0.0800	8.33e-17	390
0.610	-3.49e-09	-100.0	-1.79e-09	1.00e-04	0.00	-0.00e+00	0.0800	8.33e-17	390
0.610	-3.49e-09	-100.0	-1.79e-09	2.00e-04	0.00	-0.00e+00	0.0800	8.33e-17	390
0.610	-3.49e-09	-100.0	-1.79e-09	3.00e-04	0.00	-0.00e+00	0.0800	8.33e-17	390
0.610	-3.49e-09	-100.0	-1.79e-09	4.00e-04	0.00	-0.00e+00	0.0800	8.33e-17	390
0.610	-3.49e-09	-100.0	-1.79e-09	5.00e-04	0.00	-0.00e+00	0.0800	8.33e-17	390
0.600	-3.67e-09	-100.0	-1.84e-09	-5.00e-04	0.00	-0.00e+00	0.0800	8.33e-17	400
0.600	-3.67e-09	-100.0	-1.84e-09	-4.00e-04	0.00	-0.00e+00	0.0800	8.33e-17	400
0.600	-3.67e-09	-100.0	-1.84e-09	-3.00e-04	0.00	-0.00e+00	0.0800	8.33e-17	400
0.600	-3.67e-09	-100.0	-1.84e-09	-2.00e-04	0.00	-0.00e+00	0.0800	8.33e-17	400
0.600	-3.67e-09	-100.0	-1.84e-09	-1.00e-04	0.00	-0.00e+00	0.0800	8.33e-17	400
0.600	-3.67e-09	-100.0	-1.84e-09	-2.71e-20	0.00	-0.00e+00	0.0800	8.33e-17	400
0.600	-3.67e-09	-100.0	-1.84e-09	1.00e-04	0.00	-0.00e+00	0.0800	8.33e-17	400
0.600	-3.67e-09	-100.0	-1.84e-09	2.00e-04	0.00	-0.00e+00	0.0800	8.33e-17	400
0.600	-3.67e-09	-100.0	-1.84e-09	3.00e-04	0.00	-0.00e+00	0.0800	8.33e-17	400
0.600	-3.67e-09	-100.0	-1.84e-09	4.00e-04	0.00	-0.00e+00	0.0800	8.33e-17	400
0.600	-3.67e-09	-100.0	-1.84e-09	5.00e-04	0.00	-0.00e+00	0.0800	8.33e-17	400
0.590	-3.86e-09	-100.0	-1.88e-09	-5.00e-04	0.00	-0.00e+00	0.0800	8.33e-17	410
0.590	-3.86e-09	-100.0	-1.88e-09	-4.00e-04	0.00	-0.00e+00	0.0800	8.33e-17	410
0.590	-3.86e-09	-100.0	-1.88e-09	-3.00e-04	0.00	-0.00e+00	0.0800	8.33e-17	410
0.590	-3.86e-09	-100.0	-1.88e-09	-2.00e-04	0.00	-0.00e+00	0.0800	8.33e-17	410
0.590	-3.86e-09	-100.0	-1.88e-09	-1.00e-04	0.00	-0.00e+00	0.0800	8.33e-17	410
0.590	-3.86e-09	-100.0	-1.88e-09	-2.71e-20	0.00	-0.00e+00	0.0800	8.33e-17	410
0.590	-3.86e-09	-100.0	-1.88e-09	1.00e-04	0.00	-0.00e+00	0.0800	8.33e-17	410
0.590	-3.86e-09	-100.0	-1.88e-09	2.00e-04	0.00	-0.00e+00	0.0800	8.33e-17	410
0.590	-3.86e-09	-100.0	-1.88e-09	3.00e-04	0.00	-0.00e+00	0.0800	8.33e-17	410
0.590	-3.86e-09	-100.0	-1.88e-09	4.00e-04	0.00	-0.00e+00	0.0800	8.33e-17	410
0.590	-3.86e-09	-100.0	-1.88e-09	5.00e-04	0.00	-0.00e+00	0.0800	8.33e-17	410
0.580	-4.05e-09	-100.0	-1.92e-09	-5.00e-04	0.00	-0.00e+00	0.0800	8.33e-17	420
0.580	-4.05e-09	-100.0	-1.92e-09	-4.00e-04	0.00	-0.00e+00	0.0800	8.33e-17	420
0.580	-4.05e-09	-100.0	-1.92e-09	-3.00e-04	0.00	-0.00e+00	0.0800	8.33e-17	420
0.580	-4.05e-09	-100.0	-1.92e-09	-2.00e-04	0.00	-0.00e+00	0.0800	8.33e-17	420
0.580	-4.05e-09	-100.0	-1.92e-09	-1.00e-04	0.00	-0.00e+00	0.0800	8.33e-17	420
0.580	-4.05e-09	-100.0	-1.92e-09	-2.71e-20	0.00	-0.00e+00	0.0800	8.33e-17	420
0.580	-4.05e-09	-100.0	-1.92e-09	1.00e-04	0.00	-0.00e+00	0.0800	8.33e-17	420
0.580	-4.05e-09	-100.0	-1.92e-09	2.00e-04	0.00	-0.00e+00	0.0800	8.33e-17	420
0.580	-4.05e-09	-100.0	-1.92e-09	3.00e-04	0.00	-0.00e+00	0.0800	8.33e-17	420
0.580	-4.05e-09	-100.0	-1.92e-09	4.00e-04	0.00	-0.00e+00	0.0800	8.33e-17	420
0.580	-4.05e-09	-100.0	-1.92e-09	5.00e-04	0.00	-0.00e+00	0.0800	8.33e-17	420
0.570	-4.24e-09	-100.0	-1.96e-09	-5.00e-04	0.00	-0.00e+00	0.0800	8.33e-17	430
0.570	-4.24e-09	-100.0	-1.96e-09	-4.00e-04	0.00	-0.00e+00	0.0800	8.33e-17	430
0.570	-4.24e-09	-100.0	-1.96e-09	-3.00e-04	0.00	-0.00e+00	0.0800	8.33e-17	430
0.570	-4.24e-09	-100.0	-1.96e-09	-2.00e-04	0.00	-0.00e+00	0.0800	8.33e-17	430
0.570	-4.24e-09	-100.0	-1.96e-09	-1.00e-04	0.00	-0.00e+00	0.0800	8.33e-17	430
0.570	-4.24e-09	-100.0	-1.96e-09	-2.71e-20	0.00	-0.00e+00	0.0800	8.33e-17	430
0.570	-4.24e-09	-100.0	-1.96e-09	1.00e-04	0.00	-0.00e+00	0.0800	8.33e-17	430
0.570	-4.24e-09	-100.0	-1.96e-09	2.00e-04	0.00	-0.00e+00	0.0800	8.33e-17	430
0.570	-4.24e-09	-100.0	-1.96e-09	3.00e-04	0.00	-0.00e+00	0.0800	8.33e-17	430
0.570	-4.24e-09	-100.0	-1.96e-09	4.00e-04	0.00	-0.00e+00	0.0800	8.33e-17	430
0.570	-4.24e-09	-100.0	-1.96e-09	5.00e-04	0.00	-0.00e+00	0.0800	8.33e-17	430
0.560	-4.44e-09	-100.0	-2.00e-09	-5.00e-04	0.00	-0.00e+00	0.0800	8.33e-17	440
0.560	-4.44e-09	-100.0	-2.00e-09	-4.00e-04	0.00	-0.00e+00	0.0800	8.33e-17	440
0.560	-4.44e-09	-100.0	-2.00e-09	-3.00e-04	0.00	-0.00e+00	0.0800	8.33e-17	440
0.560	-4.44e-09	-100.0	-2.00e-09	-2.00e-04	0.00	-0.00e+00	0.0800	8.33e-17	440
0.560	-4.44e-09	-100.0	-2.00e-09	-1.00e-04	0.00	-0.00e+00	0.0800	8.33e-17	440
0.560	-4.44e-09	-100.0	-2.00e-09	-2.71e-20	0.00	-0.00e+00	0.0800	8.33e-17	440
0.560	-4.44e-09	-100.0	-2.00e-09	1.00e-04	0.00	-0.00e+00	0.0800	8.33e-17	440
0.560	-4.44e-09	-100.0	-2.00e-09	2.00e-04	0.00	-0.00e+00	0.0800	8.33e-17	440
0.560	-4.44e-09	-100.0	-2.00e-09	3.00e-04	0.00	-0.00e+00	0.0800	8.33e-17	440
0.560	-4.44e-09	-100.0	-2.00e-09	4.00e-04	0.00	-0.00e+00	0.0800	8.33e-17	440
0.560	-4.44e-09	-100.0	-2.00e-09	5.00e-04	0.00	-0.00e+00	0.0800	8.33e-17	440
0.550	-4.64e-09	-100.0	-2.03e-09	-5.00e-04	0.00	-0.00e+00	0.0800	8.33e-17	450
0.550	-4.64e-09	-100.0	-2.03e-09	-4.00e-04	0.00	-0.00e+00	0.0800	8.33e-17	450
0.550	-4.64e-09	-100.0	-2.03e-09	-3.00e-04	0.00	-0.00e+00	0.0800	8.33e-17	450
0.550	-4.64e-09	-100.0	-2.03e-09	-2.00e-04	0.00	-0.00e+00	0.0800	8.33e-17	450
0.550	-4.64e-09	-100.0	-2.03e-09	-1.00e-04	0.00	-0.00e+00	0.0800	8.33e-17	450
0.550	-4.64e-09	-100.0	-2.03e-09	-2.71e-20	0.00	-0.00e+00	0.0800	8.33e-17	450
0.550	-4.64e-09	-100.0	-2.03e-09	1.00e-04	0.00	-0.00e+00	0.0800	8.33e-17	450
0.550	-4.64e-09	-100.0	-2.03e-09	2.00e-04	0.00	-0.00e+00	0.0800	8.33e-17	450
0.550	-4.64e-09	-100.0	-2.03e-09	3.00e-04	0.00	-0.00e+00	0.0800	8.33e-17	450
0.550	-4.64e-09	-100.0	-2.03e-09	4.00e-04	0.00	-0.00e+00	0.0800	8.33e-17	450
0.550	-4.64e-09	-100.0	-2.03e-09	5.00e-04	0.00	-0.00e+00	0.0800	8.33e-17	450
0.540	-4.85e-09	-100.0	-2.06e-09	-5.00e-04	0.00	-0.00e+00	0.0800	8.33e-17	460
0.540	-4.85e-09	-100.0	-2.06e-09	-4.00e-04	0.00	-0.00e+00	0.0800	8.33e-17	460
0.540	-4.85e-09	-100.0	-2.06e-09	-3.00e-04	0.00	-0.00e+00	0.0800	8.33e-17	460
0.540	-4.85e-09	-100.0	-2.06e-09	-2.00e-04	0.00	-0.00e+00	0.0800	8.33e-17	460
0.540	-4.85e-09	-100.0	-2.06e-09	-1.00e-04	0.00	-0.00e+00	0.0800	8.33e-17	460
0.540	-4.85e-09	-100.0	-2.06e-09	-2.71e-20	0.00	-0.00e+00	0.0800	8.33e-17	460
0.540	-4.85e-09	-100.0	-2.06e-09	1.00e-04	0.00	-0.00e+00	0.0800	8.33e-17	460
0.540	-4.85e-09	-100.0	-2.06e-09	2.00e-04	0.00	-0.00e+00	0.0800	8.33e-17	460
0.540	-4.85e-09	-100.0	-2.06e-09	3.00e-04	0.00	-0.00e+00	0.0800	8.33e-17	460
0.540	-4.85e-09	-100.0	-2.06e-09	4.00e-04	0.00	-0.00e+00	0.0800	8.33e-17	460
0.540	-4.85e-09	-100.0	-2.06e-09	5.00e-04	0.00	-0.00e+00	0.0800	8.33e-17	460
0.530	-5.05e-09	-100.0	-2.08e-09	-5.00e-04	0.00	-0.00e+00	0.0800	8.33e-17	470
0.530	-5.05e-09	-100.0	-2.08e-09	-4.00e-04	0.00	-0.00e+00	0.0800	8.33e-17	470
0.530	-5.05e-09	-100.0	-2.08e-09	-3.00e-04	0.00	-0.00e+00	0.0800	8.33e-17	470
0.530	-5.05e-09	-100.0	-2.08e-09	-2.00e-04	0.00	-0.00e+00	0.0800	8.33e-17	470
0.530	-5.05e-09	-100.0	-2.08e-09	-1.00e-04	0.00	-0.00e+00	0.0800	8.33e-17	470
0.530	-5.05e-09	-100.0	-2.08e-09	-2.71e-20	0.00	-0.00e+00	0.0800	8.33e-17	470
0.530	-5.05e-09	-100.0	-2.08e-09	1.00e-04	0.00	-0.00e+00	0.0800	8.33e-17	470
0.530	-5.05e-09	-100.0	-2.08e-09	2.00e-04	0.00	-0.00e+00	0.0800	8.33e-17	470
0.530	-5.05e-09	-100.0	-2.08e-09	3.00e-04	0.00	-0.00e+00	0.0800	8.33e-17	470
0.530	-5.05e-09	-100.0	-2.08e-09	4.00e-04	0.00	-0.00e+00	0.0800	8.33e-17	470
0.530	-5.05e-09	-100.0	-2.08e-09	5.00e-04	0.00	-0.00e+00	0.0800	8.33e-17	470
0.520	-5.26e-09	-100.0	-2.09e-09	-5.00e-04	0.00	-0.00e+00	0.0800	8.33e-17	480
0.520	-5.26e-09	-100.0	-2.09e-09	-4.00e-04	0.00	-0.00e+00	0.0800	8.33e-17	480
0.520	-5.26e-09	-100.0	-2.09e-09	-3.00e-04	0.00	-0.00e+00	0.0800	8.33e-17	480
0.520	-5.26e-09	-100.0	-2.09e-09	-2.00e-04	0.00	-0.00e+00	0.0800	8.33e-17	480
0.520	-5.26e-09	-100.0	-2.09e-09	-1.00e-04	0.00	-0.00e+00	0.0800	8.33e-17	480
0.520	-5.26e-09	-100.0	-2.09e-09	-2.71e-20	0.00	-0.00e+00	0.0800	8.33e-17	480
0.520	-5.26e-09	-100.0	-2.09e-09	1.00e-04	0.00	-0.00e+00	0.0800	8.33e-17	480
0.520	-5.26e-09	-100.0	-2.09e-09	2.00e-04	0.00	-0.00e+00	0.0800	8.33e-17	480
0.520	-5.26e-09	-100.0	-2.09e-09	3.00e-04	0.00	-0.00e+00	0.0800	8.33e-17	480
0.520	-5.26e-09	-100.0	-2.09e-09	4.00e-04	0.00	-0.00e+00	0.0800	8.33e-17	480
0.520	-5.26e-09	-100.0	-2.09e-09	5.00e-04	0.00	-0.00e+00	0.0800	8.33e-17	480
0.510	-5.47e-09	-100.0	-2.09e-09	-5.00e-04	0.00	-0.00e+00	0.0800	8.33e-17	490
0.510	-5.47e-09	-100.0	-2.09e-09	-4.00e-04	0.00	-0.00e+00	0.0800	8.33e-17	490
0.510	-5.47e-09	-100.0	-2.09e-09	-3.00e-04	0.00	-0.00e+00	0.0800	8.33e-17	490
0.510	-5.47e-09	-100.0	-2.09e-09	-2.00e-04	0.00	-0.00e+00	0.0800	8.33e-17	490
0.510	-5.47e-09	-100.0	-2.09e-09	-1.00e-04	0.00	-0.00e+00	0.0800	8.33e-17	490
0.510	-5.47e-09	-100.0	-2.09e-09	-2.71e-20	0.00	-0.00e+00	0.0800	8.33e-17	490
0.510	-5.47e-09	-100.0	-2.09e-09	1.00e-04	0.00	-0.00e+00	0.0800	8.33e-17	490
0.510	-5.47e-09	-100.0	-2.09e-09	2.00e-04	0.00	-0.00e+00	0.0800	8.33e-17	490
0.510	-5.47e-09	-100.0	-2.09e-09	3.00e-04	0.00	-0.00e+00	0.0800	8.33e-17	490
0.510	-5.47e-09	-100.0	-2.09e-09	4.00e-04	0.00	-0.00e+00	0.0800	8.33e-17	490
0.510	-5.47e-09	-100.0	-2.09e-09	5.00e-04	0.00	-0.00e+00	0.0800	8.33e-17	490
0.500	-5.68e-09	-100.0	-2.07e-09	-5.00e-04	0.00	-0.00e+00	0.0800	8.33e-17	500
0.500	-5.68e-09	-100.0	-2.07e-09	-4.00e-04	0.00	-0.00e+00	0.0800	8.33e-17	500
0.500	-5.68e-09	-100.0	-2.07e-09	-3.00e-04	0.00	-0.00e+00	0.0800	8.33e-17	500
0.500	-5.68e-09	-100.0	-2.07e-09	-2.00e-04	0.00	-0.00e+00	0.0800	8.33e-17	500
0.500	-5.68e-09	-100.0	-2.07e-09	-1.00e-04	0.00	-0.00e+00	0.0800	8.33e-17	500
0.500	-5.68e-09	-100.0	-2.07e-09	-2.71e-20	0.00	-0.00e+00	0.0800	8.33e-17	500
0.500	-5.68e-09	-100.0	-2.07e-09	1.00e-04	0.00	-0.00e+00	0.0800	8.33e-17	500
0.500	-5.68e-09	-100.0	-2.07e-09	2.00e-04	0.00	-0.00e+00	0.0800	8.33e-17	500
0.500	-5.68e-09	-100.0	-2.07e-09	3.00e-04	0.00	-0.00e+00	0.0800	8.33e-17	500
0.500	-5.68e-09	-100.0	-2.07e-09	4.00e-04	0.00	-0.00e+00	0.0800	8.33e-17	500
0.500	-5.68e-09	-100.0	-2.07e-09	5.00e-04	0.00	-0.00e+00	0.0800	8.33e-17	500
0.490	-5.88e-09	-100.0	-2.03e-09	-5.00e-04	0.00	-0.00e+00	0.0800	8.33e-17	510
0.490	-5.88e-09	-100.0	-2.03e-09	-4.00e-04	0.00	-0.00e+00	0.0800	8.33e-17	510
0.490	-5.88e-09	-100.0	-2.03e-09	-3.00e-04	0.00	-0.00e+00	0.0800	8.33e-17	510
0.490	-5.88e-09	-100.0	-2.03e-09	-2.00e-04	0.00	-0.00e+00	0.0800	8.33e-17	510
0.490	-5.88e-09	-100.0	-2.03e-09	-1.00e-04	0.00	-0.00e+00	0.0800	8.33e-17	510
0.490	-5.88e-09	-100.0	-2.03e-09	-2.71e-20	0.00	-0.00e+00	0.0800	8.33e-17	510
0.490	-5.88e-09	-100.0	-2.03e-09	1.00e-04	0.00	-0.00e+00	0.0800	8.33e-17	510
0.490	-5.88e-09	-100.0	-2.03e-09	2.00e-04	0.00	-0.00e+00	0.0800	8.33e-17	510
0.490	-5.88e-09	-100.0	-2.03e-09	3.00e-04	0.00	-0.00e+00	0.0800	8.33e-17	510
0.490	-5.88e-09	-100.0	-2.03e-09	4.00e-04	0.00	-0.00e+00	0.0800	8.33e-17	510
0.490	-5.88e-09	-100.0	-2.03e-09	5.00e-04	0.00	-0.00e+00	0.0800	8.33e-17	510
0.480	-6.08e-09	-100.0	-1.97e-09	-5.00e-04	0.00	-0.00e+00	0.0800	8.33e-17	520
0.480	-6.08e-09	-100.0	-1.97e-09	-4.00e-04	0.00	-0.00e+00	0.0800	8.33e-17	520
0.480	-6.08e-09	-100.0	-1.97e-09	-3.00e-04	0.00	-0.00e+00	0.0800	8.33e-17	520
0.480	-6.08e-09	-100.0	-1.97e-09	-2.00e-04	0.00	-0.00e+00	0.0800	8.33e-17	520
0.480	-6.08e-09	-100.0	-1.97e-09	-1.00e-04	0.00	-0.00e+00	0.0800	8.33e-17	520
0.480	-6.08e-09	-100.0	-1.97e-09	-2.71e-20	0.00	-0.00e+00	0.0800	8.33e-17	520
0.480	-6.08e-09	-100.0	-1.97e-09	1.00e-04	0.00	-0.00e+00	0.0800	8.33e-17	520
0.480	-6.08e-09	-100.0	-1.97e-09	2.00e-04	0.00	-0.00e+00	0.0800	8.33e-17	520
0.480	-6.08e-09	-100.0	-1.97e-09	3.00e-04	0.00	-0.00e+00	0.0800	8.33e-17	520
0.480	-6.08e-09	-100.0	-1.97e-09	4.00e-04	0.00	-0.00e+00	0.0800	8.33e-17	520
0.480	-6.08e-09	-100.0	-1.97e-09	5.00e-04	0.00	-0.00e+00	0.0800	8.33e-17	520
0.470	-6.28e-09	-100.0	-1.87e-09	-5.00e-04	0.00	-0.00e+00	0.0800	8.33e-17	530
0.470	-6.28e-09	-100.0	-1.87e-09	-4.00e-04	0.00	-0.00e+00	0.0800	8.33e-17	530
0.470	-6.28e-09	-100.0	-1.87e-09	-3.00e-04	0.00	-0.00e+00	0.0800	8.33e-17	530
0.470	-6.28e-09	-100.0	-1.87e-09	-2.00e-04	0.00	-0.00e+00	0.0800	8.33e-17	530
0.470	-6.28e-09	-100.0	-1.87e-09	-1.00e-04	0.00	-0.00e+00	0.0800	8.33e-17	530
0.470	-6.28e-09	-100.0	-1.87e-09	-2.71e-20	0.00	-0.00e+00	0.0800	8.33e-17	530
0.470	-6.28e-09	-100.0	-1.87e-09	1.00e-04	0.00	-0.00e+00	0.0800	8.33e-17	530
0.470	-6.28e-09	-100.0	-1.87e-09	2.00e-04	0.00	-0.00e+00	0.0800	8.33e-17	530
0.470	-6.28e-09	-100.0	-1.87e-09	3.00e-04	0.00	-0.00e+00	0.0800	8.33e-17	530
0.470	-6.28e-09	-100.0	-1.87e-09	4.00e-04	0.00	-0.00e+00	0.0800	8.33e-17	530
0.470	-6.28e-09	-100.0	-1.87e-09	5.00e-04	0.00	-0.00e+00	0.0800	8.33e-17	530
0.460	-6.46e-09	-100.0	-1.74e-09	-5.00e-04	0.00	-0.00e+00	0.0800	8.33e-17	540
0.460	-6.46e-09	-100.0	-1.74e-09	-4.00e-04	0.00	-0.00e+00	0.0800	8.33e-17	540
0.460	-6.46e-09	-100.0	-1.74e-09	-3.00e-04	0.00	-0.00e+00	0.0800	8.33e-17	540
0.460	-6.46e-09	-100.0	-1.74e-09	-2.00e-04	0.00	-0.00e+00	0.0800	8.33e-17	540
0.460	-6.46e-09	-100.0	-1.74e-09	-1.00e-04	0.00	-0.00e+00	0.0800	8.33e-17	540
0.460	-6.46e-09	-100.0	-1.74e-09	-2.71e-20	0.00	-0.00e+00	0.0800	8.33e-17	540
0.460	-6.46e-09	-100.0	-1.74e-09	1.00e-04	0.00	-0.00e+00	0.0800	8.33e-17	540
0.460	-6.46e-09	-100.0	-1.74e-09	2.00e-04	0.00	-0.00e+00	0.0800	8.33e-17	540
0.460	-6.46e-09	-100.0	-1.74e-09	3.00e-04	0.00	-0.00e+00	0.0800	8.33e-17	540
0.460	-6.46e-09	-100.0	-1.74e-09	4.00e-04	0.00	-0.00e+00	0.0800	8.33e-17	540
0.460	-6.46e-09	-100.0	-1.74e-09	5.00e-04	0.00	-0.00e+00	0.0800	8.33e-17	540
0.450	-6.62e-09	-100.0	-1.55e-09	-5.00e-04	0.00	-0.00e+00	0.0800	8.33e-17	550
0.450	-6.62e-09	-100.0	-1.55e-09	-4.00e-04	0.00	-0.00e+00	0.0800	8.33e-17	550
0.450	-6.62e-09	-100.0	-1.55e-09	-3.00e-04	0.00	-0.00e+00	0.0800	8.33e-17	550
0.450	-6.62e-09	-100.0	-1.55e-09	-2.00e-04	0.00	-0.00e+00	0.0800	8.33e-17	550
0.450	-6.62e-09	-100.0	-1.55e-09	-1.00e-04	0.00	-0.00e+00	0.0800	8.33e-17	550
0.450	-6.62e-09	-100.0	-1.55e-09	-2.71e-20	0.00	-0.00e+00	0.0800	8.33e-17	550
0.450	-6.62e-09	-100.0	-1.55e-09	1.00e-04	0.00	-0.00e+00	0.0800	8.33e-17	550
0.450	-6.62e-09	-100.0	-1.55e-09	2.00e-04	0.00	-0.00e+00	0.0800	8.33e-17	550
0.450	-6.62e-09	-100.0	-1.55e-09	3.00e-04	0.00	-0.00e+00	0.0800	8.33e-17	550
0.450	-6.62e-09	-100.0	-1.55e-09	4.00e-04	0.00	-0.00e+00	0.0800	8.33e-17	550
0.450	-6.62e-09	-100.0	-1.55e-09	5.00e-04	0.00	-0.00e+00	0.0800	8.33e-17	550
0.440	-6.77e-09	-100.0	-1.31e-09	-5.00e-04	0.00	-0.00e+00	0.0800	8.33e-17	560
0.440	-6.77e-09	-100.0	-1.31e-09	-4.00e-04	0.00	-0.00e+00	0.0800	8.33e-17	560
0.440	-6.77e-09	-100.0	-1.31e-09	-3.00e-04	0.00	-0.00e+00	0.0800	8.33e-17	560
0.440	-6.77e-09	-100.0	-1.31e-09	-2.00e-04	0.00	-0.00e+00	0.0800	8.33e-17	560
0.440	-6.77e-09	-100.0	-1.31e-09	-1.00e-04	0.00	-0.00e+00	0.0800	8.33e-17	560
0.440	-6.77e-09	-100.0	-1.31e-09	-2.71e-20	0.00	-0.00e+00	0.0800	8.33e-17	560
0.440	-6.77e-09	-100.0	-1.31e-09	1.00e-04	0.00	-0.00e+00	0.0800	8.33e-17	560
0.440	-6.77e-09	-100.0	-1.31e-09	2.00e-04	0.00	-0.00e+00	0.0800	8.33e-17	560
0.440	-6.77e-09	-100.0	-1.31e-09	3.00e-04	0.00	-0.00e+00	0.0800	8.33e-17	560
0.440	-6.77e-09	-100.0	-1.31e-09	4.00e-04	0.00	-0.00e+00	0.0800	8.33e-17	560
0.440	-6.77e-09	-100.0	-1.31e-09	5.00e-04	0.00	-0.00e+00	0.0800	8.33e-17	560
0.430	-6.89e-09	-100.0	-9.98e-10	-5.00e-04	0.00	-0.00e+00	0.0800	8.33e-17	570
0.430	-6.89e-09	-100.0	-9.98e-10	-4.00e-04	0.00	-0.00e+00	0.0800	8.33e-17	570
0.430	-6.89e-09	-100.0	-9.98e-10	-3.00e-04	0.00	-0.00e+00	0.0800	8.33e-17	570
0.430	-6.89e-09	-100.0	-9.98e-10	-2.00e-04	0.00	-0.00e+00	0.0800	8.33e-17	570
0.430	-6.89e-09	-100.0	-9.98e-10	-1.00e-04	0.00	-0.00e+00	0.0800	8.33e-17	570
0.430	-6.89e-09	-100.0	-9.98e-10	-2.71e-20	0.00	-0.00e+00	0.0800	8.33e-17	570
0.430	-6.89e-09	-100.0	-9.98e-10	1.00e-04	0.00	-0.00e+00	0.0800	8.33e-17	570
0.430	-6.89e-09	-100.0	-9.98e-10	2.00e-04	0.00	-0.00e+00	0.0800	8.33e-17	570
0.430	-6.89e-09	-100.0	-9.98e-10	3.00e-04	0.00	-0.00e+00	0.0800	8.33e-17	570
0.430	-6.89e-09	-100.0	-9.98e-10	4.00e-04	0.00	-0.00e+00	0.0800	8.33e-17	570
0.430	-6.89e-09	-100.0	-9.98e-10	5.00e-04	0.00	-0.00e+00	0.0800	8.33e-17	570
0.420	-6.97e-09	-100.0	-6.00e-10	-5.00e-04	0.00	-0.00e+00	0.0800	8.33e-17	580
0.420	-6.97e-09	-100.0	-6.00e-10	-4.00e-04	0.00	-0.00e+00	0.0800	8.33e-17	580
0.420	-6.97e-09	-100.0	-6.00e-10	-3.00e-04	0.00	-0.00e+00	0.0800	8.33e-17	580
0.420	-6.97e-09	-100.0	-6.00e-10	-2.00e-04	0.00	-0.00e+00	0.0800	8.33e-17	580
0.420	-6.97e-09	-100.0	-6.00e-10	-1.00e-04	0.00	-0.00e+00	0.0800	8.33e-17	580
0.420	-6.97e-09	-100.0	-6.00e-10	-2.71e-20	0.00	-0.00e+00	0.0800	8.33e-17	580
0.420	-6.97e-09	-100.0	-6.00e-10	1.00e-04	0.00	-0.00e+00	0.0800	8.33e-17	580
0.420	-6.97e-09	-100.0	-6.00e-10	2.00e-04	0.00	-0.00e+00	0.0800	8.33e-17	580
0.420	-6.97e-09	-100.0	-6.00e-10	3.00e-04	0.00	-0.00e+00	0.0800	8.33e-17	580
0.420	-6.97e-09	-100.0	-6.00e-10	4.00e-04	0.00	-0.00e+00	0.0800	8.33e-17	580
0.420	-6.97e-09	-100.0	-6.00e-10	5.00e-04	0.00	-0.00e+00	0.0800	8.33e-17	580
0.410	-7.01e-09	-100.0	-1.03e-10	-5.00e-04	0.00	-0.00e+00	0.0800	8.33e-17	590
0.410	-7.01e-09	-100.0	-1.03e-10	-4.00e-04	0.00	-0.00e+00	0.0800	8.33e-17	590
0.410	-7.01e-09	-100.0	-1.03e-10	-3.00e-04	0.00	-0.00e+00	0.0800	8.33e-17	590
0.410	-7.01e-09	-100.0	-1.03e-10	-2.00e-04	0.00	-0.00e+00	0.0800	8.33e-17	590
0.410	-7.01e-09	-100.0	-1.03e-10	-1.00e-04	0.00	-0.00e+00	0.0800	8.33e-17	590
0.410	-7.01e-09	-100.0	-1.03e-10	-2.71e-20	0.00	-0.00e+00	0.0800	8.33e-17	590
0.410	-7.01e-09	-100.0	-1.03e-10	1.00e-04	0.00	-0.00e+00	0.0800	8.33e-17	590
0.410	-7.01e-09	-100.0	-1.03e-10	2.00e-04	0.00	-0.00e+00	0.0800	8.33e-17	590
0.410	-7.01e-09	-100.0	-1.03e-10	3.00e-04	0.00	-0.00e+00	0.0800	8.33e-17	590
0.410	-7.01e-09	-100.0	-1.03e-10	4.00e-04	0.00	-0.00e+00	0.0800	8.33e-17	590
0.410	-7.01e-09	-100.0	-1.03e-10	5.00e-04	0.00	-0.00e+00	0.0800	8.33e-17	590
0.400	-6.99e-09	-100.0	5.11e-10	-5.00e-04	0.00	-0.00e+00	0.0800	8.33e-17	600
0.400	-6.99e-09	-100.0	5.11e-10	-4.00e-04	0.00	-0.00e+00	0.0800	8.33e-17	600
0.400	-6.99e-09	-100.0	5.11e-10	-3.00e-04	0.00	-0.00e+00	0.0800	8.33e-17	600
0.400	-6.99e-09	-100.0	5.11e-10	-2.00e-04	0.00	-0.00e+00	0.0800	8.33e-17	600
0.400	-6.99e-09	-100.0	5.11e-10	-1.00e-04	0.00	-0.00e+00	0.0800	8.33e-17	600
0.400	-6.99e-09	-100.0	5.11e-10	-2.71e-20	0.00	-0.00e+00	0.0800	8.33e-17	600
0.400	-6.99e-09	-100.0	5.11e-10	1.00e-04	0.00	-0.00e+00	0.0800	8.33e-17	600
0.400	-6.99e-09	-100.0	5.11e-10	2.00e-04	0.00	-0.00e+00	0.0800	8.33e-17	600
0.400	-6.99e-09	-100.0	5.11e-10	3.00e-04	0.00	-0.00e+00	0.0800	8.33e-17	600
0.400	-6.99e-09	-100.0	5.11e-10	4.00e-04	0.00	-0.00e+00	0.0800	8.33e-17	600
0.400	-6.99e-09	-100.0	5.11e-10	5.00e-04	0.00	-0.00e+00	0.0800	8.33e-17	600
0.390	-6.91e-09	-100.0	1.26e-09	-5.00e-04	0.00	-0.00e+00	0.0800	8.33e-17	610
0.390	-6.91e-09	-100.0	1.26e-09	-4.00e-04	0.00	-0.00e+00	0.0800	8.33e-17	610
0.390	-6.91e-09	-100.0	1.26e-09	-3.00e-04	0.00	-0.00e+00	0.0800	8.33e-17	610
0.390	-6.91e-09	-100.0	1.26e-09	-2.00e-04	0.00	-0.00e+00	0.0800	8.33e-17	610
0.390	-6.91e-09	-100.0	1.26e-09	-1.00e-04	0.00	-0.00e+00	0.0800	8.33e-17	610
0.390	-6.91e-09	-100.0	1.26e-09	-2.71e-20	0.00	-0.00e+00	0.0800	8.33e-17	610
0.390	-6.91e-09	-100.0	1.26e-09	1.00e-04	0.00	-0.00e+00	0.0800	8.33e-17	610
0.390	-6.91e-09	-100.0	1.26e-09	2.00e-04	0.00	-0.00e+00	0.0800	8.33e-17	610
0.390	-6.91e-09	-100.0	1.26e-09	3.00e-04	0.00	-0.00e+00	0.0800	8.33e-17	610
0.390	-6.91e-09	-100.0	1.26e-09	4.00e-04	0.00	-0.00e+00	0.0800	8.33e-17	610
0.390	-6.91e-09	-100.0	1.26e-09	5.00e-04	0.00	-0.00e+00	0.0800	8.33e-17	610
0.380	-6.74e-09	-100.0	2.16e-09	-5.00e-04	0.00	-0.00e+00	0.0800	8.33e-17	620
0.380	-6.74e-09	-100.0	2.16e-09	-4.00e-04	0.00	-0.00e+00	0.0800	8.33e-17	620
0.380	-6.74e-09	-100.0	2.16e-09	-3.00e-04	0.00	-0.00e+00	0.0800	8.33e-17	620
0.380	-6.74e-09	-100.0	2.16e-09	-2.00e-04	0.00	-0.00e+00	0.0800	8.33e-17	620
0.380	-6.74e-09	-100.0	2.16e-09	-1.00e-04	0.00	-0.00e+00	0.0800	8.33e-17	620
0.380	-6.74e-09	-100.0	2.16e-09	-2.71e-20	0.00	-0.00e+00	0.0800	8.33e-17	620
0.380	-6.74e-09	-100.0	2.16e-09	1.00e-04	0.00	-0.00e+00	0.0800	8.33e-17	620
0.380	-6.74e-09	-100.0	2.16e-09	2.00e-04	0.00	-0.00e+00	0.0800	8.33e-17	620
0.380	-6.74e-09	-100.0	2.16e-09	3.00e-04	0.00	-0.00e+00	0.0800	8.33e-17	620
0.380	-6.74e-09	-100.0	2.16e-09	4.00e-04	0.00	-0.00e+00	0.0800	8.33e-17	620
0.380	-6.74e-09	-100.0	2.16e-09	5.00e-04	0.00	-0.00e+00	0.0800	8.33e-17	620
0.370	-6.48e-09	-100.0	3.22e-09	-5.00e-04	0.00	-0.00e+00	0.0800	8.33e-17	630
0.370	-6.48e-09	-100.0	3.22e-09	-4.00e-04	0.00	-0.00e+00	0.0800	8.33e-17	630
0.370	-6.48e-09	-100.0	3.22e-09	-3.00e-04	0.00	-0.00e+00	0.0800	8.33e-17	630
0.370	-6.48e-09	-100.0	3.22e-09	-2.00e-04	0.00	-0.00e+00	0.0800	8.33e-17	630
0.370	-6.48e-09	-100.0	3.22e-09	-1.00e-04	0.00	-0.00e+00	0.0800	8.33e-17	630
0.370	-6.48e-09	-100.0	3.22e-09	-2.71e-20	0.00	-0.00e+00	0.0800	8.33e-17	630
0.370	-6.48e-09	-100.0	3.22e-09	1.00e-04	0.00	-0.00e+00	0.0800	8.33e-17	630
0.370	-6.48e-09	-100.0	3.22e-09	2.00e-04	0.00	-0.00e+00	0.0800	8.33e-17	630
0.370	-6.48e-09	-100.0	3.22e-09	3.00e-04	0.00	-0.00e+00	0.0800	8.33e-17	630
0.370	-6.48e-09	-100.0	3.22e-09	4.00e-04	0.00	-0.00e+00	0.0800	8.33e-17	630
0.370	-6.48e-09	-100.0	3.22e-09	5.00e-04	0.00	-0.00e+00	0.0800	8.33e-17	630
0.360	-6.10e-09	-100.0	4.48e-09	-5.00e-04	0.00	-0.00e+00	0.0800	8.33e-17	640
0.360	-6.10e-09	-100.0	4.48e-09	-4.00e-04	0.00	-0.00e+00	0.0800	8.33e-17	640
0.360	-6.10e-09	-100.0	4.48e-09	-3.00e-04	0.00	-0.00e+00	0.0800	8.33e-17	640
0.360	-6.10e-09	-100.0	4.48e-09	-2.00e-04	0.00	-0.00e+00	0.0800	8.33e-17	640
0.360	-6.10e-09	-100.0	4.48e-09	-1.00e-04	0.00	-0.00e+00	0.0800	8.33e-17	640
0.360	-6.10e-09	-100.0	4.48e-09	-2.71e-20	0.00	-0.00e+00	0.0800	8.33e-17	640
0.360	-6.10e-09	-100.0	4.48e-09	1.00e-04	0.00	-0.00e+00	0.0800	8.33e-17	640
0.360	-6.10e-09	-100.0	4.48e-09	2.00e-04	0.00	-0.00e+00	0.0800	8.33e-17	640
0.360	-6.10e-09	-100.0	4.48e-09	3.00e-04	0.00	-0.00e+00	0.0800	8.33e-17	640
0.360	-6.10e-09	-100.0	4.48e-09	4.00e-04	0.00	-0.00e+00	0.0800	8.33e-17	640
0.360	-6.10e-09	-100.0	4.48e-09	5.00e-04	0.00	-0.00e+00	0.0800	8.33e-17	640
0.350	-5.59e-09	-100.0	5.94e-09	-5.00e-04	0.00	-0.00e+00	0.0800	8.33e-17	650
0.350	-5.59e-09	-100.0	5.94e-09	-4.00e-04	0.00	-0.00e+00	0.0800	8.33e-17	650
0.350	-5.59e-09	-100.0	5.94e-09	-3.00e-04	0.00	-0.00e+00	0.0800	8.33e-17	650
0.350	-5.59e-09	-100.0	5.94e-09	-2.00e-04	0.00	-0.00e+00	0.0800	8.33e-17	650
0.350	-5.59e-09	-100.0	5.94e-09	-1.00e-04	0.00	-0.00e+00	0.0800	8.33e-17	650
0.350	-5.59e-09	-100.0	5.94e-09	-2.71e-20	0.00	-0.00e+00	0.0800	8.33e-17	650
0.350	-5.59e-09	-100.0	5.94e-09	1.00e-04	0.00	-0.00e+00	0.0800	8.33e-17	650
0.350	-5.59e-09	-100.0	5.94e-09	2.00e-04	0.00	-0.00e+00	0.0800	8.33e-17	650
0.350	-5.59e-09	-100.0	5.94e-09	3.00e-04	0.00	-0.00e+00	0.0800	8.33e-17	650
0.350	-5.59e-09	-100.0	5.94e-09	4.00e-04	0.00	-0.00e+00	0.0800	8.33e-17	650
0.350	-5.59e-09	-100.0	5.94e-09	5.00e-04	0.00	-0.00e+00	0.0800	8.33e-17	650
0.340	-4.92e-09	-100.0	7.62e-09	-5.00e-04	0.00	-0.00e+00	0.0800	8.33e-17	660
0.340	-4.92e-09	-100.0	7.62e-09	-4.00e-04	0.00	-0.00e+00	0.0800	8.33e-17	660
0.340	-4.92e-09	-100.0	7.62e-09	-3.00e-04	0.00	-0.00e+00	0.0800	8.33e-17	660
0.340	-4.92e-09	-100.0	7.62e-09	-2.00e-04	0.00	-0.00e+00	0.0800	8.33e-17	660
0.340	-4.92e-09	-100.0	7.62e-09	-1.00e-04	0.00	-0.00e+00	0.0800	8.33e-17	660
0.340	-4.92e-09	-100.0	7.62e-09	-2.71e-20	0.00	-0.00e+00	0.0800	8.33e-17	660
0.340	-4.92e-09	-100.0	7.62e-09	1.00e-04	0.00	-0.00e+00	0.0800	8.33e-17	660
0.340	-4.92e-09	-100.0	7.62e-09	2.00e-04	0.00	-0.00e+00	0.0800	8.33e-17	660
0.340	-4.92e-09	-100.0	7.62e-09	3.00e-04	0.00	-0.00e+00	0.0800	8.33e-17	660
0.340	-4.92e-09	-100.0	7.62e-09	4.00e-04	0.00	-0.00e+00	0.0800	8.33e-17	660
0.340	-4.92e-09	-100.0	7.62e-09	5.00e-04	0.00	-0.00e+00	0.0800	8.33e-17	660
0.330	-4.08e-09	-100.0	9.53e-09	-5.00e-04	0.00	-0.00e+00	0.0800	8.33e-17	670
0.330	-4.08e-09	-100.0	9.53e-09	-4.00e-04	0.00	-0.00e+00	0.0800	8.33e-17	670
0.330	-4.08e-09	-100.0	9.53e-09	-3.00e-04	0.00	-0.00e+00	0.0800	8.33e-17	670
0.330	-4.08e-09	-100.0	9.53e-09	-2.00e-04	0.00	-0.00e+00	0.0800	8.33e-17	670
0.330	-4.08e-09	-100.0	9.53e-09	-1.00e-04	0.00	-0.00e+00	0.0800	8.33e-17	670
0.330	-4.08e-09	-100.0	9.53e-09	-2.71e-20	0.00	-0.00e+00	0.0800	8.33e-17	670
0.330	-4.08e-09	-100.0	9.53e-09	1.00e-04	0.00	-0.00e+00	0.0800	8.33e-17	670
0.330	-4.08e-09	-100.0	9.53e-09	2.00e-04	0.00	-0.00e+00	0.0800	8.33e-17	670
0.330	-4.08e-09	-100.0	9.53e-09	3.00e-04	0.00	-0.00e+00	0.0800	8.33e-17	670
0.330	-4.08e-09	-100.0	9.53e-09	4.00e-04	0.00	-0.00e+00	0.0800	8.33e-17	670
0.330	-4.08e-09	-100.0	9.53e-09	5.00e-04	0.00	-0.00e+00	0.0800	8.33e-17	670
0.320	-3.03e-09	-100.0	1.17e-08	-5.00e-04	0.00	-0.00e+00	0.0800	8.33e-17	680
0.320	-3.03e-09	-100.0	1.17e-08	-4.00e-04	0.00	-0.00e+00	0.0800	8.33e-17	680
0.320	-3.03e-09	-100.0	1.17e-08	-3.00e-04	0.00	-0.00e+00	0.0800	8.33e-17	680
0.320	-3.03e-09	-100.0	1.17e-08	-2.00e-04	0.00	-0.00e+00	0.0800	8.33e-17	680
0.320	-3.03e-09	-100.0	1.17e-08	-1.00e-04	0.00	-0.00e+00	0.0800	8.33e-17	680
0.320	-3.03e-09	-100.0	1.17e-08	-2.71e-20	0.00	-0.00e+00	0.0800	8.33e-17	680
0.320	-3.03e-09	-100.0	1.17e-08	1.00e-04	0.00	-0.00e+00	0.0800	8.33e-17	680
0.320	-3.03e-09	-100.0	1.17e-08	2.00e-04	0.00	-0.00e+00	0.0800	8.33e-17	680
0.320	-3.03e-09	-100.0	1.17e-08	3.00e-04	0.00	-0.00e+00	0.0800	8.33e-17	680
0.320	-3.03e-09	-100.0	1.17e-08	4.00e-04	0.00	-0.00e+00	0.0800	8.33e-17	680
0.320	-3.03e-09	-100.0	1.17e-08	5.00e-04	0.00	-0.00e+00	0.0800	8.33e-17	680
0.310	-1.76e-09	-100.0	1.41e-08	-5.00e-04	0.00	-0.00e+00	0.0800	8.33e-17	690
0.310	-1.76e-09	-100.0	1.41e-08	-4.00e-04	0.00	-0.00e+00	0.0800	8.33e-17	690
0.310	-1.76e-09	-100.0	1.41e-08	-3.00e-04	0.00	-0.00e+00	0.0800	8.33e-17	690
0.310	-1.76e-09	-100.0	1.41e-08	-2.00e-04	0.00	-0.00e+00	0.0800	8.33e-17	690
0.310	-1.76e-09	-100.0	1.41e-08	-1.00e-04	0.00	-0.00e+00	0.0800	8.33e-17	690
0.310	-1.76e-09	-100.0	1.41e-08	-2.71e-20	0.00	-0.00e+00	0.0800	8.33e-17	690
0.310	-1.76e-09	-100.0	1.41e-08	1.00e-04	0.00	-0.00e+00	0.0800	8.33e-17	690
0.310	-1.76e-09	-100.0	1.41e-08	2.00e-04	0.00	-0.00e+00	0.0800	8.33e-17	690
0.310	-1.76e-09	-100.0	1.41e-08	3.00e-04	0.00	-0.00e+00	0.0800	8.33e-17	690
0.310	-1.76e-09	-100.0	1.41e-08	4.00e-04	0.00	-0.00e+00	0.0800	8.33e-17	690
0.310	-1.76e-09	-100.0	1.41e-08	5.00e-04	0.00	-0.00e+00	0.0800	8.33e-17	690
0.300	-2.35e-10	-100.0	1.67e-08	-5.00e-04	0.00	-0.00e+00	0.0800	8.33e-17	700
0.300	-2.35e-10	-100.0	1.67e-08	-4.00e-04	0.00	-0.00e+00	0.0800	8.33e-17	700
0.300	-2.35e-10	-100.0	1.67e-08	-3.00e-04	0.00	-0.00e+00	0.0800	8.33e-17	700
0.300	-2.35e-10	-100.0	1.67e-08	-2.00e-04	0.00	-0.00e+00	0.0800	8.33e-17	700
0.300	-2.35e-10	-100.0	1.67e-08	-1.00e-04	0.00	-0.00e+00	0.0800	8.33e-17	700
0.300	-2.35e-10	-100.0	1.67e-08	-2.71e-20	0.00	-0.00e+00	0.0800	8.33e-17	700
0.300	-2.35e-10	-100.0	1.67e-08	1.00e-04	0.00	-0.00e+00	0.0800	8.33e-17	700
0.300	-2.35e-10	-100.0	1.67e-08	2.00e-04	0.00	-0.00e+00	0.0800	8.33e-17	700
0.300	-2.35e-10	-100.0	1.67e-08	3.00e-04	0.00	-0.00e+00	0.0800	8.33e-17	700
0.300	-2.35e-10	-100.0	1.67e-08	4.00e-04	0.00	-0.00e+00	0.0800	8.33e-17	700
0.300	-2.35e-10	-100.0	1.67e-08	5.00e-04	0.00	-0.00e+00	0.0800	8.33e-17	700
0.290	1.56e-09	-100.0	1.95e-08	-5.00e-04	0.00	-0.00e+00	0.0800	8.33e-17	710
0.290	1.56e-09	-100.0	1.95e-08	-4.00e-04	0.00	-0.00e+00	0.0800	8.33e-17	710
0.290	1.56e-09	-100.0	1.95e-08	-3.00e-04	0.00	-0.00e+00	0.0800	8.33e-17	710
0.290	1.56e-09	-100.0	1.95e-08	-2.00e-04	0.00	-0.00e+00	0.0800	8.33e-17	710
0.290	1.56e-09	-100.0	1.95e-08	-1.00e-04	0.00	-0.00e+00	0.0800	8.33e-17	710
0.290	1.56e-09	-100.0	1.95e-08	-2.71e-20	0.00	-0.00e+00	0.0800	8.33e-17	710
0.290	1.56e-09	-100.0	1.95e-08	1.00e-04	0.00	-0.00e+00	0.0800	8.33e-17	710
0.290	1.56e-09	-100.0	1.95e-08	2.00e-04	0.00	-0.00e+00	0.0800	8.33e-17	710
0.290	1.56e-09	-100.0	1.95e-08	3.00e-04	0.00	-0.00e+00	0.0800	8.33e-17	710
0.290	1.56e-09	-100.0	1.95e-08	4.00e-04	0.00	-0.00e+00	0.0800	8.33e-17	710
0.290	1.56e-09	-100.0	1.95e-08	5.00e-04	0.00	-0.00e+00	0.0800	8.33e-17	710
0.280	3.65e-09	-100.0	2.25e-08	-5.00e-04	0.00	-0.00e+00	0.0800	8.33e-17	720
0.280	3.65e-09	-100.0	2.25e-08	-4.00e-04	0.00	-0.00e+00	0.0800	8.33e-17	720
0.280	3.65e-09	-100.0	2.25e-08	-3.00e-04	0.00	-0.00e+00	0.0800	8.33e-17	720
0.280	3.65e-09	-100.0	2.25e-08	-2.00e-04	0.00	-0.00e+00	0.0800	8.33e-17	720
0.280	3.65e-09	-100.0	2.25e-08	-1.00e-04	0.00	-0.00e+00	0.0800	8.33e-17	720
0.280	3.65e-09	-100.0	2.25e-08	-2.71e-20	0.00	-0.00e+00	0.0800	8.33e-17	720
0.280	3.65e-09	-100.0	2.25e-08	1.00e-04	0.00	-0.00e+00	0.0800	8.33e-17	720
0.280	3.65e-09	-100.0	2.25e-08	2.00e-04	0.00	-0.00e+00	0.0800	8.33e-17	720
0.280	3.65e-09	-100.0	2.25e-08	3.00e-04	0.00	-0.00e+00	0.0800	8.33e-17	720
0.280	3.65e-09	-100.0	2.25e-08	4.00e-04	0.00	-0.00e+00	0.0800	8.33e-17	720
0.280	3.65e-09	-100.0	2.25e-08	5.00e-04	0.00	-0.00e+00	0.0800	8.33e-17	720
0.270	6.04e-09	-100.0	2.57e-08	-5.00e-04	0.00	-0.00e+00	0.0800	8.33e-17	730
0.270	6.04e-09	-100.0	2.57e-08	-4.00e-04	0.00	-0.00e+00	0.0800	8.33e-17	730
0.270	6.04e-09	-100.0	2.57e-08	-3.00e-04	0.00	-0.00e+00	0.0800	8.33e-17	730
0.270	6.04e-09	-100.0	2.57e-08	-2.00e-04	0.00	-0.00e+00	0.0800	8.33e-17	730
0.270	6.04e-09	-100.0	2.57e-08	-1.00e-04	0.00	-0.00e+00	0.0800	8.33e-17	730
0.270	6.04e-09	-100.0	2.57e-08	-2.71e-20	0.00	-0.00e+00	0.0800	8.33e-17	730
0.270	6.04e-09	-100.0	2.57e-08	1.00e-04	0.00	-0.00e+00	0.0800	8.33e-17	730
0.270	6.04e-09	-100.0	2.57e-08	2.00e-04	0.00	-0.00e+00	0.0800	8.33e-17	730
0.270	6.04e-09	-100.0	2.57e-08	3.00e-04	0.00	-0.00e+00	0.0800	8.33e-17	730
0.270	6.04e-09	-100.0	2.57e-08	4.00e-04	0.00	-0.00e+00	0.0800	8.33e-17	730
0.270	6.04e-09	-100.0	2.57e-08	5.00e-04	0.00	-0.00e+00	0.0800	8.33e-17	730
0.260	8.76e-09	-100.0	2.90e-08	-5.00e-04	0.00	-0.00e+00	0.0800	8.33e-17	740
0.260	8.76e-09	-100.0	2.90e-08	-4.00e-04	0.00	-0.00e+00	0.0800	8.33e-17	740
0.260	8.76e-09	-100.0	2.90e-08	-3.00e-04	0.00	-0.00e+00	0.0800	8.33e-17	740
0.260	8.76e-09	-100.0	2.90e-08	-2.00e-04	0.00	-0.00e+00	0.0800	8.33e-17	740
0.260	8.76e-09	-100.0	2.90e-08	-1.00e-04	0.00	-0.00e+00	0.0800	8.33e-17	740
0.260	8.76e-09	-100.0	2.90e-08	-2.71e-20	0.00	-0.00e+00	0.0800	8.33e-17	740
0.260	8.76e-09	-100.0	2.90e-08	1.00e-04	0.00	-0.00e+00	0.0800	8.33e-17	740
0.260	8.76e-09	-100.0	2.90e-08	2.00e-04	0.00	-0.00e+00	0.0800	8.33e-17	740
0.260	8.76e-09	-100.0	2.90e-08	3.00e-04	0.00	-0.00e+00	0.0800	8.33e-17	740
0.260	8.76e-09	-100.0	2.90e-08	4.00e-04	0.00	-0.00e+00	0.0800	8.33e-17	740
0.260	8.76e-09	-100.0	2.90e-08	5.00e-04	0.00	-0.00e+00	0.0800	8.33e-17	740
0.250	1.18e-08	-100.0	3.22e-08	-5.00e-04	0.00	-0.00e+00	0.0800	8.33e-17	750
0.250	1.18e-08	-100.0	3.22e-08	-4.00e-04	0.00	-0.00e+00	0.0800	8.33e-17	750
0.250	1.18e-08	-100.0	3.22e-08	-3.00e-04	0.00	-0.00e+00	0.0800	8.33e-17	750
0.250	1.18e-08	-100.0	3.22e-08	-2.00e-04	0.00	-0.00e+00	0.0800	8.33e-17	750
0.250	1.18e-08	-100.0	3.22e-08	-1.00e-04	0.00	-0.00e+00	0.0800	8.33e-17	750
0.250	1.18e-08	-100.0	3.22e-08	-2.71e-20	0.00	-0.00e+00	0.0800	8.33e-17	750
0.250	1.18e-08	-100.0	3.22e-08	1.00e-04	0.00	-0.00e+00	0.0800	8.33e-17	750
0.250	1.18e-08	-100.0	3.22e-08	2.00e-04	0.00	-0.00e+00	0.0800	8.33e-17	750
0.250	1.18e-08	-100.0	3.22e-08	3.00e-04	0.00	-0.00e+00	0.0800	8.33e-17	750
0.250	1.18e-08	-100.0	3.22e-08	4.00e-04	0.00	-0.00e+00	0.0800	8.33e-17	750
0.250	1.18e-08	-100.0	3.22e-08	5.00e-04	0.00	-0.00e+00	0.0800	8.33e-17	750
0.240	1.52e-08	-100.0	3.54e-08	-5.00e-04	0.00	-0.00e+00	0.0800	8.33e-17	760
0.240	1.52e-08	-100.0	3.54e-08	-4.00e-04	0.00	-0.00e+00	0.0800	8.33e-17	760
0.240	1.52e-08	-100.0	3.54e-08	-3.00e-04	0.00	-0.00e+00	0.0800	8.33e-17	760
0.240	1.52e-08	-100.0	3.54e-08	-2.00e-04	0.00	-0.00e+00	0.0800	8.33e-17	760
0.240	1.52e-08	-100.0	3.54e-08	-1.00e-04	0.00	-0.00e+00	0.0800	8.33e-17	760
0.240	1.52e-08	-100.0	3.54e-08	-2.71e-20	0.00	-0.00e+00	0.0800	8.33e-17	760
0.240	1.52e-08	-100.0	3.54e-08	1.00e-04	0.00	-0.00e+00	0.0800	8.33e-17	760
0.240	1.52e-08	-100.0	3.54e-08	2.00e-04	0.00	-0.00e+00	0.0800	8.33e-17	760
0.240	1.52e-08	-100.0	3.54e-08	3.00e-04	0.00	-0.00e+00	0.0800	8.33e-17	760
0.240	1.52e-08	-100.0	3.54e-08	4.00e-04	0.00	-0.00e+00	0.0800	8.33e-17	760
0.240	1.52e-08	-100.0	3.54e-08	5.00e-04	0.00	-0.00e+00	0.0800	8.33e-17	760
0.230	1.88e-08	-100.0	3.84e-08	-5.00e-04	0.00	-0.00e+00	0.0800	8.33e-17	770
0.230	1.88e-08	-100.0	3.84e-08	-4.00e-04	0.00	-0.00e+00	0.0800	8.33e-17	770
0.230	1.88e-08	-100.0	3.84e-08	-3.00e-04	0.00	-0.00e+00	0.0800	8.33e-17	770
0.230	1.88e-08	-100.0	3.84e-08	-2.00e-04	0.00	-0.00e+00	0.0800	8.33e-17	770
0.230	1.88e-08	-100.0	3.84e-08	-1.00e-04	0.00	-0.00e+00	0.0800	8.33e-17	770
0.230	1.88e-08	-100.0	3.84e-08	-2.71e-20	0.00	-0.00e+00	0.0800	8.33e-17	770
0.230	1.88e-08	-100.0	3.84e-08	1.00e-04	0.00	-0.00e+00	0.0800	8.33e-17	770
0.230	1.88e-08	-100.0	3.84e-08	2.00e-04	0.00	-0.00e+00	0.0800	8.33e-17	770
0.230	1.88e-08	-100.0	3.84e-08	3.00e-04	0.00	-0.00e+00	0.0800	8.33e-17	770
0.230	1.88e-08	-100.0	3.84e-08	4.00e-04	0.00	-0.00e+00	0.0800	8.33e-17	770
0.230	1.88e-08	-100.0	3.84e-08	5.00e-04	0.00	-0.00e+00	0.0800	8.33e-17	770
0.220	2.28e-08	-100.0	4.10e-08	-5.00e-04	0.00	-0.00e+00	0.0800	8.33e-17	780
0.220	2.28e-08	-100.0	4.10e-08	-4.00e-04	0.00	-0.00e+00	0.0800	8.33e-17	780
0.220	2.28e-08	-100.0	4.10e-08	-3.00e-04	0.00	-0.00e+00	0.0800	8.33e-17	780
0.220	2.28e-08	-100.0	4.10e-08	-2.00e-04	0.00	-0.00e+00	0.0800	8.33e-17	780
0.220	2.28e-08	-100.0	4.10e-08	-1.00e-04	0.00	-0.00e+00	0.0800	8.33e-17	780
0.220	2.28e-08	-100.0	4.10e-08	-2.71e-20	0.00	-0.00e+00	0.0800	8.33e-17	780
0.220	2.28e-08	-100.0	4.10e-08	1.00e-04	0.00	-0.00e+00	0.0800	8.33e-17	780
0.220	2.28e-08	-100.0	4.10e-08	2.00e-04	0.00	-0.00e+00	0.0800	8.33e-17	780
0.220	2.28e-08	-100.0	4.10e-08	3.00e-04	0.00	-0.00e+00	0.0800	8.33e-17	780
0.220	2.28e-08	-100.0	4.10e-08	4.00e-04	0.00	-0.00e+00	0.0800	8.33e-17	780
0.220	2.28e-08	-100.0	4.10e-08	5.00e-04	0.00	-0.00e+00	0.0800	8.33e-17	780
0.210	2.70e-08	-100.0	4.32e-08	-5.00e-04	0.00	-0.00e+00	0.0800	8.33e-17	790
0.210	2.70e-08	-100.0	4.32e-08	-4.00e-04	0.00	-0.00e+00	0.0800	8.33e-17	790
0.210	2.70e-08	-100.0	4.32e-08	-3.00e-04	0.00	-0.00e+00	0.0800	8.33e-17	790
0.210	2.70e-08	-100.0	4.32e-08	-2.00e-04	0.00	-0.00e+00	0.0800	8.33e-17	790
0.210	2.70e-08	-100.0	4.32e-08	-1.00e-04	0.00	-0.00e+00	0.0800	8.33e-17	790
0.210	2.70e-08	-100.0	4.32e-08	-2.71e-20	0.00	-0.00e+00	0.0800	8.33e-17	790
0.210	2.70e-08	-100.0	4.32e-08	1.00e-04	0.00	-0.00e+00	0.0800	8.33e-17	790
0.210	2.70e-08	-100.0	4.32e-08	2.00e-04	0.00	-0.00e+00	0.0800	8.33e-17	790
0.210	2.70e-08	-100.0	4.32e-08	3.00e-04	0.00	-0.00e+00	0.0800	8.33e-17	790
0.210	2.70e-08	-100.0	4.32e-08	4.00e-04	0.00	-0.00e+00	0.0800	8.33e-17	790
0.210	2.70e-08	-100.0	4.32e-08	5.00e-04	0.00	-0.00e+00	0.0800	8.33e-17	790
0.200	3.14e-08	-100.0	4.47e-08	-5.00e-04	0.00	-0.00e+00	0.0800	8.33e-17	800
0.200	3.14e-08	-100.0	4.47e-08	-4.00e-04	0.00	-0.00e+00	0.0800	8.33e-17	800
0.200	3.14e-08	-100.0	4.47e-08	-3.00e-04	0.00	-0.00e+00	0.0800	8.33e-17	800
0.200	3.14e-08	-100.0	4.47e-08	-2.00e-04	0.00	-0.00e+00	0.0800	8.33e-17	800
0.200	3.14e-08	-100.0	4.47e-08	-1.00e-04	0.00	-0.00e+00	0.0800	8.33e-17	800
0.200	3.14e-08	-100.0	4.47e-08	-2.71e-20	0.00	-0.00e+00	0.0800	8.33e-17	800
0.200	3.14e-08	-100.0	4.47e-08	1.00e-04	0.00	-0.00e+00	0.0800	8.33e-17	800
0.200	3.14e-08	-100.0	4.47e-08	2.00e-04	0.00	-0.00e+00	0.0800	8.33e-17	800
0.200	3.14e-08	-100.0	4.47e-08	3.00e-04	0.00	-0.00e+00	0.0800	8.33e-17	800
0.200	3.14e-08	-100.0	4.47e-08	4.00e-04	0.00	-0.00e+00	0.0800	8.33e-17	800
0.200	3.14e-08	-100.0	4.47e-08	5.00e-04	0.00	-0.00e+00	0.0800	8.33e-17	800
0.190	3.59e-08	-100.0	4.54e-08	-5.00e-04	0.00	-0.00e+00	0.0800	8.33e-17	810
0.190	3.59e-08	-100.0	4.54e-08	-4.00e-04	0.00	-0.00e+00	0.0800	8.33e-17	810
0.190	3.59e-08	-100.0	4.54e-08	-3.00e-04	0.00	-0.00e+00	0.0800	8.33e-17	810
0.190	3.59e-08	-100.0	4.54e-08	-2.00e-04	0.00	-0.00e+00	0.0800	8.33e-17	810
0.190	3.59e-08	-100.0	4.54e-08	-1.00e-04	0.00	-0.00e+00	0.0800	8.33e-17	810
0.190	3.59e-08	-100.0	4.54e-08	-2.71e-20	0.00	-0.00e+00	0.0800	8.33e-17	810
0.190	3.59e-08	-100.0	4.54e-08	1.00e-04	0.00	-0.00e+00	0.0800	8.33e-17	810
0.190	3.59e-08	-100.0	4.54e-08	2.00e-04	0.00	-0.00e+00	0.0800	8.33e-17	810
0.190	3.59e-08	-100.0	4.54e-08	3.00e-04	0.00	-0.00e+00	0.0800	8.33e-17	810
0.190	3.59e-08	-100.0	4.54e-08	4.00e-04	0.00	-0.00e+00	0.0800	8.33e-17	810
0.190	3.59e-08	-100.0	4.54e-08	5.00e-04	0.00	-0.00e+00	0.0800	8.33e-17	810
0.180	4.04e-08	-100.0	4.50e-08	-5.00e-04	0.00	-0.00e+00	0.0800	8.33e-17	820
0.180	4.04e-08	-100.0	4.50e-08	-4.00e-04	0.00	-0.00e+00	0.0800	8.33e-17	820
0.180	4.04e-08	-100.0	4.50e-08	-3.00e-04	0.00	-0.00e+00	0.0800	8.33e-17	820
0.180	4.04e-08	-100.0	4.50e-08	-2.00e-04	0.00	-0.00e+00	0.0800	8.33e-17	820
0.180	4.04e-08	-100.0	4.50e-08	-1.00e-04	0.00	-0.00e+00	0.0800	8.33e-17	820
0.180	4.04e-08	-100.0	4.50e-08	-2.71e-20	0.00	-0.00e+00	0.0800	8.33e-17	820
0.180	4.04e-08	-100.0	4.50e-08	1.00e-04	0.00	-0.00e+00	0.0800	8.33e-17	820
0.180	4.04e-08	-100.0	4.50e-08	2.00e-04	0.00	-0.00e+00	0.0800	8.33e-17	820
0.180	4.04e-08	-100.0	4.50e-08	3.00e-04	0.00	-0.00e+00	0.0800	8.33e-17	820
0.180	4.04e-08	-100.0	4.50e-08	4.00e-04	0.00	-0.00e+00	0.0800	8.33e-17	820
0.180	4.04e-08	-100.0	4.50e-08	5.00e-04	0.00	-0.00e+00	0.0800	8.33e-17	820
0.170	4.49e-08	-100.0	4.34e-08	-5.00e-04	0.00	-0.00e+00	0.0800	8.33e-17	830
0.170	4.49e-08	-100.0	4.34e-08	-4.00e-04	0.00	-0.00e+00	0.0800	8.33e-17	830
0.170	4.49e-08	-100.0	4.34e-08	-3.00e-04	0.00	-0.00e+00	0.0800	8.33e-17	830
0.170	4.49e-08	-100.0	4.34e-08	-2.00e-04	0.00	-0.00e+00	0.0800	8.33e-17	830
0.170	4.49e-08	-100.0	4.34e-08	-1.00e-04	0.00	-0.00e+00	0.0800	8.33e-17	830
0.170	4.49e-08	-100.0	4.34e-08	-2.71e-20	0.00	-0.00e+00	0.0800	8.33e-17	830
0.170	4.49e-08	-100.0	4.34e-08	1.00e-04	0.00	-0.00e+00	0.0800	8.33e-17	830
0.170	4.49e-08	-100.0	4.34e-08	2.00e-04	0.00	-0.00e+00	0.0800	8.33e-17	830
0.170	4.49e-08	-100.0	4.34e-08	3.00e-04	0.00	-0.00e+00	0.0800	8.33e-17	830
0.170	4.49e-08	-100.0	4.34e-08	4.00e-04	0.00	-0.00e+00	0.0800	8.33e-17	830
0.170	4.49e-08	-100.0	4.34e-08	5.00e-04	0.00	-0.00e+00	0.0800	8.33e-17	830
0.160	4.91e-08	-100.0	4.03e-08	-5.00e-04	0.00	-0.00e+00	0.0800	8.33e-17	840
0.160	4.91e-08	-100.0	4.03e-08	-4.00e-04	0.00	-0.00e+00	0.0800	8.33e-17	840
0.160	4.91e-08	-100.0	4.03e-08	-3.00e-04	0.00	-0.00e+00	0.0800	8.33e-17	840
0.160	4.91e-08	-100.0	4.03e-08	-2.00e-04	0.00	-0.00e+00	0.0800	8.33e-17	840
0.160	4.91e-08	-100.0	4.03e-08	-1.00e-04	0.00	-0.00e+00	0.0800	8.33e-17	840
0.160	4.91e-08	-100.0	4.03e-08	-2.71e-20	0.00	-0.00e+00	0.0800	8.33e-17	840
0.160	4.91e-08	-100.0	4.03e-08	1.00e-04	0.00	-0.00e+00	0.0800	8.33e-17	840
0.160	4.91e-08	-100.0	4.03e-08	2.00e-04	0.00	-0.00e+00	0.0800	8.33e-17	840
0.160	4.91e-08	-100.0	4.03e-08	3.00e-04	0.00	-0.00e+00	0.0800	8.33e-17	840
0.160	4.91e-08	-100.0	4.03e-08	4.00e-04	0.00	-0.00e+00	0.0800	8.33e-17	840
0.160	4.91e-08	-100.0	4.03e-08	5.00e-04	0.00	-0.00e+00	0.0800	8.33e-17	840
0.150	5.29e-08	-100.0	3.55e-08	-5.00e-04	0.00	-0.00e+00	0.0800	8.33e-17	850
0.150	5.29e-08	-100.0	3.55e-08	-4.00e-04	0.00	-0.00e+00	0.0800	8.33e-17	850
0.150	5.29e-08	-100.0	3.55e-08	-3.00e-04	0.00	-0.00e+00	0.0800	8.33e-17	850
0.150	5.29e-08	-100.0	3.55e-08	-2.00e-04	0.00	-0.00e+00	0.0800	8.33e-17	850
0.150	5.29e-08	-100.0	3.55e-08	-1.00e-04	0.00	-0.00e+00	0.0800	8.33e-17	850
0.150	5.29e-08	-100.0	3.55e-08	-2.71e-20	0.00	-0.00e+00	0.0800	8.33e-17	850
0.150	5.29e-08	-100.0	3.55e-08	1.00e-04	0.00	-0.00e+00	0.0800	8.33e-17	850
0.150	5.29e-08	-100.0	3.55e-08	2.00e-04	0.00	-0.00e+00	0.0800	8.33e-17	850
0.150	5.29e-08	-100.0	3.55e-08	3.00e-04	0.00	-0.00e+00	0.0800	8.33e-17	850
0.150	5.29e-08	-100.0	3.55e-08	4.00e-04	0.00	-0.00e+00	0.0800	8.33e-17	850
0.150	5.29e-08	-100.0	3.55e-08	5.00e-04	0.00	-0.00e+00	0.0800	8.33e-17	850
0.140	5.62e-08	-100.0	2.88e-08	-5.00e-04	0.00	-0.00e+00	0.0800	8.33e-17	860
0.140	5.62e-08	-100.0	2.88e-08	-4.00e-04	0.00	-0.00e+00	0.0800	8.33e-17	860
0.140	5.62e-08	-100.0	2.88e-08	-3.00e-04	0.00	-0.00e+00	0.0800	8.33e-17	860
0.140	5.62e-08	-100.0	2.88e-08	-2.00e-04	0.00	-0.00e+00	0.0800	8.33e-17	860
0.140	5.62e-08	-100.0	2.88e-08	-1.00e-04	0.00	-0.00e+00	0.0800	8.33e-17	860
0.140	5.62e-08	-100.0	2.88e-08	-2.71e-20	0.00	-0.00e+00	0.0800	8.33e-17	860
0.140	5.62e-08	-100.0	2.88e-08	1.00e-04	0.00	-0.00e+00	0.0800	8.33e-17	860
0.140	5.62e-08	-100.0	2.88e-08	2.00e-04	0.00	-0.00e+00	0.0800	8.33e-17	860
0.140	5.62e-08	-100.0	2.88e-08	3.00e-04	0.00	-0.00e+00	0.0800	8.33e-17	860
0.140	5.62e-08	-100.0	2.88e-08	4.00e-04	0.00	-0.00e+00	0.0800	8.33e-17	860
0.140	5.62e-08	-100.0	2.88e-08	5.00e-04	0.00	-0.00e+00	0.0800	8.33e-17	860
0.130	5.87e-08	-100.0	1.99e-08	-5.00e-04	0.00	-0.00e+00	0.0800	8.33e-17	870
0.130	5.87e-08	-100.0	1.99e-08	-4.00e-04	0.00	-0.00e+00	0.0800	8.33e-17	870
0.130	5.87e-08	-100.0	1.99e-08	-3.00e-04	0.00	-0.00e+00	0.0800	8.33e-17	870
0.130	5.87e-08	-100.0	1.99e-08	-2.00e-04	0.00	-0.00e+00	0.0800	8.33e-17	870
0.130	5.87e-08	-100.0	1.99e-08	-1.00e-04	0.00	-0.00e+00	0.0800	8.33e-17	870
0.130	5.87e-08	-100.0	1.99e-08	-2.71e-20	0.00	-0.00e+00	0.0800	8.33e-17	870
0.130	5.87e-08	-100.0	1.99e-08	1.00e-04	0.00	-0.00e+00	0.0800	8.33e-17	870
0.130	5.87e-08	-100.0	1.99e-08	2.00e-04	0.00	-0.00e+00	0.0800	8.33e-17	870
0.130	5.87e-08	-100.0	1.99e-08	3.00e-04	0.00	-0.00e+00	0.0800	8.33e-17	870
0.130	5.87e-08	-100.0	1.99e-08	4.00e-04	0.00	-0.00e+00	0.0800	8.33e-17	870
0.130	5.87e-08	-100.0	1.99e-08	5.00e-04	0.00	-0.00e+00	0.0800	8.33e-17	870
0.120	6.02e-08	-100.0	8.89e-09	-5.00e-04	0.00	-0.00e+00	0.0800	8.33e-17	880
0.120	6.02e-08	-100.0	8.89e-09	-4.00e-04	0.00	-0.00e+00	0.0800	8.33e-17	880
0.120	6.02e-08	-100.0	8.89e-09	-3.00e-04	0.00	-0.00e+00	0.0800	8.33e-17	880
0.120	6.02e-08	-100.0	8.89e-09	-2.00e-04	0.00	-0.00e+00	0.0800	8.33e-17	880
0.120	6.02e-08	-100.0	8.89e-09	-1.00e-04	0.00	-0.00e+00	0.0800	8.33e-17	880
0.120	6.02e-08	-100.0	8.89e-09	-2.71e-20	0.00	-0.00e+00	0.0800	8.33e-17	880
0.120	6.02e-08	-100.0	8.89e-09	1.00e-04	0.00	-0.00e+00	0.0800	8.33e-17	880
0.120	6.02e-08	-100.0	8.89e-09	2.00e-04	0.00	-0.00e+00	0.0800	8.33e-17	880
0.120	6.02e-08	-100.0	8.89e-09	3.00e-04	0.00	-0.00e+00	0.0800	8.33e-17	880
0.120	6.02e-08	-100.0	8.89e-09	4.00e-04	0.00	-0.00e+00	0.0800	8.33e-17	880
0.120	6.02e-08	-100.0	8.89e-09	5.00e-04	0.00	-0.00e+00	0.0800	8.33e-17	880
0.110	6.05e-08	-100.0	-4.53e-09	-5.00e-04	0.00	-0.00e+00	0.0800	8.33e-17	890
0.110	6.05e-08	-100.0	-4.53e-09	-4.00e-04	0.00	-0.00e+00	0.0800	8.33e-17	890
0.110	6.05e-08	-100.0	-4.53e-09	-3.00e-04	0.00	-0.00e+00	0.0800	8.33e-17	890
0.110	6.05e-08	-100.0	-4.53e-09	-2.00e-04	0.00	-0.00e+00	0.0800	8.33e-17	890
0.110	6.05e-08	-100.0	-4.53e-09	-1.00e-04	0.00	-0.00e+00	0.0800	8.33e-17	890
0.110	6.05e-08	-100.0	-4.53e-09	-2.71e-20	0.00	-0.00e+00	0.0800	8.33e-17	890
0.110	6.05e-08	-100.0	-4.53e-09	1.00e-04	0.00	-0.00e+00	0.0800	8.33e-17	890
0.110	6.05e-08	-100.0	-4.53e-09	2.00e-04	0.00	-0.00e+00	0.0800	8.33e-17	890
0.110	6.05e-08	-100.0	-4.53e-09	3.00e-04	0.00	-0.00e+00	0.0800	8.33e-17	890
0.110	6.05e-08	-100.0	-4.53e-09	4.00e-04	0.00	-0.00e+00	0.0800	8.33e-17	890
0.110	6.05e-08	-100.0	-4.53e-09	5.00e-04	0.00	-0.00e+00	0.0800	8.33e-17	890
0.100	5.94e-08	-100.0	-2.04e-08	-5.00e-04	0.00	-0.00e+00	0.0800	8.33e-17	900
0.100	5.94e-08	-100.0	-2.04e-08	-4.00e-04	0.00	-0.00e+00	0.0800	8.33e-17	900
0.100	5.94e-08	-100.0	-2.04e-08	-3.00e-04	0.00	-0.00e+00	0.0800	8.33e-17	900
0.100	5.94e-08	-100.0	-2.04e-08	-2.00e-04	0.00	-0.00e+00	0.0800	8.33e-17	900
0.100	5.94e-08	-100.0	-2.04e-08	-1.00e-04	0.00	-0.00e+00	0.0800	8.33e-17	900
0.100	5.94e-08	-100.0	-2.04e-08	-2.71e-20	0.00	-0.00e+00	0.0800	8.33e-17	900
0.100	5.94e-08	-100.0	-2.04e-08	1.00e-04	0.00	-0.00e+00	0.0800	8.33e-17	900
0.100	5.94e-08	-100.0	-2.04e-08	2.00e-04	0.00	-0.00e+00	0.0800	8.33e-17	900
0.100	5.94e-08	-100.0	-2.04e-08	3.00e-04	0.00	-0.00e+00	0.0800	8.33e-17	900
0.100	5.94e-08	-100.0	-2.04e-08	4.00e-04	0.00	-0.00e+00	0.0800	8.33e-17	900
0.100	5.94e-08	-100.0	-2.04e-08	5.00e-04	0.00	-0.00e+00	0.0800	8.33e-17	900
0.090	5.65e-08	-100.0	-3.86e-08	-5.00e-04	0.00	-0.00e+00	0.0800	8.33e-17	910
0.090	5.65e-08	-100.0	-3.86e-08	-4.00e-04	0.00	-0.00e+00	0.0800	8.33e-17	910
0.090	5.65e-08	-100.0	-3.86e-08	-3.00e-04	0.00	-0.00e+00	0.0800	8.33e-17	910
0.090	5.65e-08	-100.0	-3.86e-08	-2.00e-04	0.00	-0.00e+00	0.0800	8.33e-17	910
0.090	5.65e-08	-100.0	-3.86e-08	-1.00e-04	0.00	-0.00e+00	0.0800	8.33e-17	910
0.090	5.65e-08	-100.0	-3.86e-08	-2.71e-20	0.00	-0.00e+00	0.0800	8.33e-17	910
0.090	5.65e-08	-100.0	-3.86e-08	1.00e-04	0.00	-0.00e+00	0.0800	8.33e-17	910
0.090	5.65e-08	-100.0	-3.86e-08	2.00e-04	0.00	-0.00e+00	0.0800	8.33e-17	910
0.090	5.65e-08	-100.0	-3.86e-08	3.00e-04	0.00	-0.00e+00	0.0800	8.33e-17	910
0.090	5.65e-08	-100.0	-3.86e-08	4.00e-04	0.00	-0.00e+00	0.0800	8.33e-17	910
0.090	5.65e-08	-100.0	-3.86e-08	5.00e-04	0.00	-0.00e+00	0.0800	8.33e-17	910
0.080	5.17e-08	-100.0	-5.92e-08	-5.00e-04	0.00	-0.00e+00	0.0800	8.33e-17	920
0.080	5.17e-08	-100.0	-5.92e-08	-4.00e-04	0.00	-0.00e+00	0.0800	8.33e-17	920
0.080	5.17e-08	-100.0	-5.92e-08	-3.00e-04	0.00	-0.00e+00	0.0800	8.33e-17	920
0.080	5.17e-08	-100.0	-5.92e-08	-2.00e-04	0.00	-0.00e+00	0.0800	8.33e-17	920
0.080	5.17e-08	-100.0	-5.92e-08	-1.00e-04	0.00	-0.00e+00	0.0800	8.33e-17	920
0.080	5.17e-08	-100.0	-5.92e-08	-2.71e-20	0.00	-0.00e+00	0.0800	8.33e-17	920
0.080	5.17e-08	-100.0	-5.92e-08	1.00e-04	0.00	-0.00e+00	0.0800	8.33e-17	920
0.080	5.17e-08	-100.0	-5.92e-08	2.00e-04	0.00	-0.00e+00	0.0800	8.33e-17	920
0.080	5.17e-08	-100.0	-5.92e-08	3.00e-04	0.00	-0.00e+00	0.0800	8.33e-17	920
0.080	5.17e-08	-100.0	-5.92e-08	4.00e-04	0.00	-0.00e+00	0.0800	8.33e-17	920
0.080	5.17e-08	-100.0	-5.92e-08	5.00e-04	0.00	-0.00e+00	0.0800	8.33e-17	920
0.070	4.48e-08	-100.0	-8.19e-08	-5.00e-04	0.00	-0.00e+00	0.0800	8.33e-17	930
0.070	4.48e-08	-100.0	-8.19e-08	-4.00e-04	0.00	-0.00e+00	0.0800	8.33e-17	930
0.070	4.48e-08	-100.0	-8.19e-08	-3.00e-04	0.00	-0.00e+00	0.0800	8.33e-17	930
0.070	4.48e-08	-100.0	-8.19e-08	-2.00e-04	0.00	-0.00e+00	0.0800	8.33e-17	930
0.070	4.48e-08	-100.0	-8.19e-08	-1.00e-04	0.00	-0.00e+00	0.0800	8.33e-17	930
0.070	4.48e-08	-100.0	-8.19e-08	-2.71e-20	0.00	-0.00e+00	0.0800	8.33e-17	930
0.070	4.48e-08	-100.0	-8.19e-08	1.00e-04	0.00	-0.00e+00	0.0800	8.33e-17	930
0.070	4.48e-08	-100.0	-8.19e-08	2.00e-04	0.00	-0.00e+00	0.0800	8.33e-17	930
0.070	4.48e-08	-100.0	-8.19e-08	3.00e-04	0.00	-0.00e+00	0.0800	8.33e-17	930
0.070	4.48e-08	-100.0	-8.19e-08	4.00e-04	0.00	-0.00e+00	0.0800	8.33e-17	930
0.070	4.48e-08	-100.0	-8.19e-08	5.00e-04	0.00	-0.00e+00	0.0800	8.33e-17	930
0.060	3.55e-08	-100.0	-1.07e-07	-5.00e-04	0.00	-0.00e+00	0.0800	8.33e-17	940
0.060	3.55e-08	-100.0	-1.07e-07	-4.00e-04	0.00	-0.00e+00	0.0800	8.33e-17	940
0.060	3.55e-08	-100.0	-1.07e-07	-3.00e-04	0.00	-0.00e+00	0.0800	8.33e-17	940
0.060	3.55e-08	-100.0	-1.07e-07	-2.00e-04	0.00	-0.00e+00	0.0800	8.33e-17	940
0.060	3.55e-08	-100.0	-1.07e-07	-1.00e-04	0.00	-0.00e+00	0.0800	8.33e-17	940
0.060	3.55e-08	-100.0	-1.07e-07	-2.71e-20	0.00	-0.00e+00	0.0800	8.33e-17	940
0.060	3.55e-08	-100.0	-1.07e-07	1.00e-04	0.00	-0.00e+00	0.0800	8.33e-17	940
0.060	3.55e-08	-100.0	-1.07e-07	2.00e-04	0.00	-0.00e+00	0.0800	8.33e-17	940
0.060	3.55e-08	-100.0	-1.07e-07	3.00e-04	0.00	-0.00e+00	0.0800	8.33e-17	940
0.060	3.55e-08	-100.0	-1.07e-07	4.00e-04	0.00	-0.00e+00	0.0800	8.33e-17	940
0.060	3.55e-08	-100.0	-1.07e-07	5.00e-04	0.00	-0.00e+00	0.0800	8.33e-17	940
0.050	2.37e-08	-100.0	-1.33e-07	-5.00e-04	0.00	-0.00e+00	0.0800	8.33e-17	950
0.050	2.37e-08	-100.0	-1.33e-07	-4.00e-04	0.00	-0.00e+00	0.0800	8.33e-17	950
0.050	2.37e-08	-100.0	-1.33e-07	-3.00e-04	0.00	-0.00e+00	0.0800	8.33e-17	950
0.050	2.37e-08	-100.0	-1.33e-07	-2.00e-04	0.00	-0.00e+00	0.0800	8.33e-17	950
0.050	2.37e-08	-100.0	-1.33e-07	-1.00e-04	0.00	-0.00e+00	0.0800	8.33e-17	950
0.050	2.37e-08	-100.0	-1.33e-07	-2.71e-20	0.00	-0.00e+00	0.0800	8.33e-17	950
0.050	2.37e-08	-100.0	-1.33e-07	1.00e-04	0.00	-0.00e+00	0.0800	8.33e-17	950
0.050	2.37e-08	-100.0	-1.33e-07	2.00e-04	0.00	-0.00e+00	0.0800	8.33e-17	950
0.050	2.37e-08	-100.0	-1.33e-07	3.00e-04	0.00	-0.00e+00	0.0800	8.33e-17	950
0.050	2.37e-08	-100.0	-1.33e-07	4.00e-04	0.00	-0.00e+00	0.0800	8.33e-17	950
0.050	2.37e-08	-100.0	-1.33e-07	5.00e-04	0.00	-0.00e+00	0.0800	8.33e-17	950
0.040	9.26e-09	-100.0	-1.60e-07	-5.00e-04	0.00	-0.00e+00	0.0800	8.33e-17	960
0.040	9.26e-09	-100.0	-1.60e-07	-4.00e-04	0.00	-0.00e+00	0.0800	8.33e-17	960
0.040	9.26e-09	-100.0	-1.60e-07	-3.00e-04	0.00	-0.00e+00	0.0800	8.33e-17	960
0.040	9.26e-09	-100.0	-1.60e-07	-2.00e-04	0.00	-0.00e+00	0.0800	8.33e-17	960
0.040	9.26e-09	-100.0	-1.60e-07	-1.00e-04	0.00	-0.00e+00	0.0800	8.33e-17	960
0.040	9.26e-09	-100.0	-1.60e-07	-2.71e-20	0.00	-0.00e+00	0.0800	8.33e-17	960
0.040	9.26e-09	-100.0	-1.60e-07	1.00e-04	0.00	-0.00e+00	0.0800	8.33e-17	960
0.040	9.26e-09	-100.0	-1.60e-07	2.00e-04	0.00	-0.00e+00	0.0800	8.33e-17	960
0.040	9.26e-09	-100.0	-1.60e-07	3.00e-04	0.00	-0.00e+00	0.0800	8.33e-17	960
0.040	9.26e-09	-100.0	-1.60e-07	4.00e-04	0.00	-0.00e+00	0.0800	8.33e-17	960
0.040	9.26e-09	-100.0	-1.60e-07	5.00e-04	0.00	-0.00e+00	0.0800	8.33e-17	960
0.030	-7.92e-09	-100.0	-1.87e-07	-5.00e-04	0.00	-0.00e+00	0.0800	8.33e-17	970
0.030	-7.92e-09	-100.0	-1.87e-07	-4.00e-04	0.00	-0.00e+00	0.0800	8.33e-17	970
0.030	-7.92e-09	-100.0	-1.87e-07	-3.00e-04	0.00	-0.00e+00	0.0800	8.33e-17	970
0.030	-7.92e-09	-100.0	-1.87e-07	-2.00e-04	0.00	-0.00e+00	0.0800	8.33e-17	970
0.030	-7.92e-09	-100.0	-1.87e-07	-1.00e-04	0.00	-0.00e+00	0.0800	8.33e-17	970
0.030	-7.92e-09	-100.0	-1.87e-07	-2.71e-20	0.00	-0.00e+00	0.0800	8.33e-17	970
0.030	-7.92e-09	-100.0	-1.87e-07	1.00e-04	0.00	-0.00e+00	0.0800	8.33e-17	970
0.030	-7.92e-09	-100.0	-1.87e-07	2.00e-04	0.00	-0.00e+00	0.0800	8.33e-17	970
0.030	-7.92e-09	-100.0	-1.87e-07	3.00e-04	0.00	-0.00e+00	0.0800	8.33e-17	970
0.030	-7.92e-09	-100.0	-1.87e-07	4.00e-04	0.00	-0.00e+00	0.0800	8.33e-17	970
0.030	-7.92e-09	-100.0	-1.87e-07	5.00e-04	0.00	-0.00e+00	0.0800	8.33e-17	970
0.020	-2.78e-08	-100.0	-2.13e-07	-5.00e-04	0.00	-0.00e+00	0.0800	8.33e-17	980
0.020	-2.78e-08	-100.0	-2.13e-07	-4.00e-04	0.00	-0.00e+00	0.0800	8.33e-17	980
0.020	-2.78e-08	-100.0	-2.13e-07	-3.00e-04	0.00	-0.00e+00	0.0800	8.33e-17	980
0.020	-2.78e-08	-100.0	-2.13e-07	-2.00e-04	0.00	-0.00e+00	0.0800	8.33e-17	980
0.020	-2.78e-08	-100.0	-2.13e-07	-1.00e-04	0.00	-0.00e+00	0.0800	8.33e-17	980
0.020	-2.78e-08	-100.0	-2.13e-07	-2.71e-20	0.00	-0.00e+00	0.0800	8.33e-17	980
0.020	-2.78e-08	-100.0	-2.13e-07	1.00e-04	0.00	-0.00e+00	0.0800	8.33e-17	980
0.020	-2.78e-08	-100.0	-2.13e-07	2.00e-04	0.00	-0.00e+00	0.0800	8.33e-17	980
0.020	-2.78e-08	-100.0	-2.13e-07	3.00e-04	0.00	-0.00e+00	0.0800	8.33e-17	980
0.020	-2.78e-08	-100.0	-2.13e-07	4.00e-04	0.00	-0.00e+00	0.0800	8.33e-17	980
0.020	-2.78e-08	-100.0	-2.13e-07	5.00e-04	0.00	-0.00e+00	0.0800	8.33e-17	980
0.010	-5.03e-08	-100.0	-2.39e-07	-5.00e-04	0.00	-0.00e+00	0.0800	8.33e-17	990
0.010	-5.03e-08	-100.0	-2.39e-07	-4.00e-04	0.00	-0.00e+00	0.0800	8.33e-17	990
0.010	-5.03e-08	-100.0	-2.39e-07	-3.00e-04	0.00	-0.00e+00	0.0800	8.33e-17	990
0.010	-5.03e-08	-100.0	-2.39e-07	-2.00e-04	0.00	-0.00e+00	0.0800	8.33e-17	990
0.010	-5.03e-08	-100.0	-2.39e-07	-1.00e-04	0.00	-0.00e+00	0.0800	8.33e-17	990
0.010	-5.03e-08	-100.0	-2.39e-07	-2.71e-20	0.00	-0.00e+00	0.0800	8.33e-17	990
0.010	-5.03e-08	-100.0	-2.39e-07	1.00e-04	0.00	-0.00e+00	0.0800	8.33e-17	990
0.010	-5.03e-08	-100.0	-2.39e-07	2.00e-04	0.00	-0.00e+00	0.0800	8.33e-17	990
0.010	-5.03e-08	-100.0	-2.39e-07	3.00e-04	0.00	-0.00e+00	0.0800	8.33e-17	990
0.010	-5.03e-08	-100.0	-2.39e-07	4.00e-04	0.00	-0.00e+00	0.0800	8.33e-17	990
0.010	-5.03e-08	-100.0	-2.39e-07	5.00e-04	0.00	-0.00e+00	0.0800	8.33e-17	990
