1.000	0.00e+00	0.0	0.00e+00	-5.00e-04	0.00	-8.98e+00	2.3904	8.33e-17	0
0.981	-2.40e-02	0.0	-3.14e-10	-5.00e-04	0.00	-0.00e+00	2.3904	8.33e-17	19
0.962	-4.95e-02	0.0	-3.16e-10	-5.00e-04	0.00	-0.00e+00	2.3904	8.33e-17	38
0.943	-7.51e-02	0.0	-3.18e-10	-5.00e-04	0.00	-0.00e+00	2.3904	8.33e-17	57
0.924	-1.01e-01	0.0	-3.19e-10	-5.00e-04	0.00	-0.00e+00	2.3904	8.33e-17	76
0.905	-1.27e-01	0.0	-3.21e-10	-5.00e-04	0.00	-0.00e+00	2.3904	8.33e-17	95
0.886	-1.53e-01	0.0	-3.23e-10	-5.00e-04	0.00	-0.00e+00	2.3904	8.33e-17	114
0.867	-1.79e-01	0.0	-3.25e-10	-5.00e-04	0.00	-0.00e+00	2.3904	8.33e-17	133
0.848	-2.05e-01	0.0	-3.26e-10	-5.00e-04	0.00	-0.00e+00	2.3904	8.33e-17	152
0.829	-2.32e-01	0.0	-3.28e-10	-5.00e-04	0.00	-0.00e+00	2.3904	8.33e-17	171
0.810	-2.59e-01	0.0	-3.30e-10	-5.00e-04	0.00	-0.00e+00	2.3904	8.33e-17	190
0.791	-2.85e-01	0.0	-3.32e-10	-5.00e-04	0.00	-0.00e+00	2.3904	8.33e-17	209
0.772	-3.12e-01	0.0	-3.33e-10	-5.00e-04	0.00	-0.00e+00	2.3904	8.33e-17	228
0.753	-3.39e-01	0.0	-3.35e-10	-5.00e-04	0.00	-0.00e+00	2.3904	8.33e-17	247
0.734	-3.66e-01	0.0	-3.37e-10	-5.00e-04	0.00	-0.00e+00	2.3904	8.33e-17	266
0.715	-3.94e-01	0.0	-3.39e-10	-5.00e-04	0.00	-0.00e+00	2.3904	8.33e-17	285
0.696	-4.21e-01	0.0	-3.41e-10	-5.00e-04	0.00	-0.00e+00	2.3904	8.33e-17	304
0.677	-4.49e-01	0.0	-3.42e-10	-5.00e-04	0.00	-0.00e+00	2.3904	8.33e-17	323
0.658	-4.77e-01	0.0	-3.44e-10	-5.00e-04	0.00	-0.00e+00	2.3904	8.33e-17	342
0.639	-5.05e-01	0.0	-3.46e-10	-5.00e-04	0.00	-0.00e+00	2.3904	8.33e-17	361
0.620	-5.33e-01	0.0	-3.48e-10	-5.00e-04	0.00	-0.00e+00	2.3904	8.33e-17	380
0.601	-5.61e-01	0.0	-3.49e-10	-5.00e-04	0.00	-0.00e+00	2.3904	8.33e-17	399
0.582	-5.89e-01	0.0	-3.51e-10	-5.00e-04	0.00	-0.00e+00	2.3904	8.33e-17	418
0.563	-6.18e-01	0.0	-3.53e-10	-5.00e-04	0.00	-0.00e+00	2.3904	8.33e-17	437
0.544	-6.46e-01	0.0	-3.55e-10	-5.00e-04	0.00	-0.00e+00	2.3904	8.33e-17	456
0.525	-6.75e-01	0.0	-3.56e-10	-5.00e-04	0.00	-0.00e+00	2.3904	8.33e-17	475
0.506	-7.04e-01	0.0	-3.58e-10	-5.00e-04	0.00	-0.00e+00	2.3904	8.33e-17	494
0.487	-7.33e-01	0.0	-3.60e-10	-5.00e-04	0.00	-0.00e+00	2.3904	8.33e-17	513
0.468	-7.62e-01	0.0	-3.62e-10	-5.00e-04	0.00	-0.00e+00	2.3904	8.33e-17	532
0.449	-7.92e-01	0.0	-3.64e-10	-5.00e-04	0.00	-0.00e+00	2.3904	8.33e-17	551
0.430	-8.21e-01	0.0	-3.65e-10	-5.00e-04	0.00	-0.00e+00	2.3904	8.33e-17	570
0.411	-8.51e-01	0.0	-3.67e-10	-5.00e-04	0.00	-0.00e+00	2.3904	8.33e-17	589
0.392	-8.80e-01	0.0	-3.69e-10	-5.00e-04	0.00	-0.00e+00	2.3904	8.33e-17	608
0.373	-9.10e-01	0.0	-3.71e-10	-5.00e-04	0.00	-0.00e+00	2.3904	8.33e-17	627
0.354	-9.40e-01	0.0	-3.73e-10	-5.00e-04	0.00	-0.00e+00	2.3904	8.33e-17	646
0.335	-9.71e-01	0.0	-3.74e-10	-5.00e-04	0.00	-0.00e+00	2.3904	8.33e-17	665
0.316	-1.00e+00	0.0	-3.76e-10	-5.00e-04	0.00	-0.00e+00	2.3904	8.33e-17	684
0.297	-1.03e+00	0.0	-3.78e-10	-5.00e-04	0.00	-0.00e+00	2.3904	8.33e-17	703
0.278	-1.06e+00	0.0	-3.80e-10	-5.00e-04	0.00	-0.00e+00	2.3904	8.33e-17	722
0.259	-1.09e+00	0.0	-3.81e-10	-5.00e-04	0.00	-0.00e+00	2.3904	8.33e-17	741
0.240	-1.12e+00	0.0	-3.83e-10	-5.00e-04	0.00	-0.00e+00	2.3904	8.33e-17	760
0.221	-1.16e+00	0.0	-3.85e-10	-5.00e-04	0.00	-0.00e+00	2.3904	8.33e-17	779
0.202	-1.19e+00	0.0	-3.87e-10	-5.00e-04	0.00	-0.00e+00	2.3904	8.33e-17	798
0.183	-1.22e+00	0.0	-3.89e-10	-5.00e-04	0.00	-0.00e+00	2.3904	8.33e-17	817
0.164	-1.25e+00	0.0	-3.90e-10	-5.00e-04	0.00	-0.00e+00	2.3904	8.33e-17	836
0.145	-1.28e+00	0.0	-3.92e-10	-5.00e-04	0.00	-0.00e+00	2.3904	8.33e-17	855
0.126	-1.31e+00	0.0	-3.94e-10	-5.00e-04	0.00	-0.00e+00	2.3904	8.33e-17	874
0.107	-1.34e+00	0.0	-3.96e-10	-5.00e-04	0.00	-0.00e+00	2.3904	8.33e-17	893
0.088	-1.38e+00	0.0	-3.98e-10	-5.00e-04	0.00	-0.00e+00	2.3904	8.33e-17	912
0.069	-1.41e+00	0.0	-3.99e-10	-5.00e-04	0.00	-0.00e+00	2.3904	8.33e-17	931
0.050	-1.44e+00	0.0	-4.01e-10	-5.00e-04	0.00	-0.00e+00	2.3904	8.33e-17	950
0.031	-1.47e+00	0.0	-4.03e-10	-5.00e-04	0.00	-0.00e+00	2.3904	8.33e-17	969
0.012	-1.51e+00	0.0	-4.05e-10	-5.00e-04	0.00	-0.00e+00	2.3904	8.33e-17	988
