1.000	0.00e+00	0.0	0.00e+00	-5.00e-02	0.00	0.00e+00	0.9000	8.33e-15	0
1.000	0.00e+00	0.0	0.00e+00	-4.00e-02	0.00	0.00e+00	0.9000	8.33e-15	0
1.000	0.00e+00	0.0	0.00e+00	-3.00e-02	0.00	0.00e+00	0.9000	8.33e-15	0
1.000	0.00e+00	0.0	0.00e+00	-2.00e-02	0.00	0.00e+00	0.9000	8.33e-15	0
1.000	0.00e+00	0.0	0.00e+00	-1.00e-02	0.00	0.00e+00	0.9000	8.33e-15	0
1.000	0.00e+00	0.0	0.00e+00	3.47e-18	0.00	0.00e+00	0.9000	8.33e-15	0
1.000	0.00e+00	0.0	0.00e+00	1.00e-02	0.00	0.00e+00	0.9000	8.33e-15	0
1.000	0.00e+00	0.0	0.00e+00	2.00e-02	0.00	0.00e+00	0.9000	8.33e-15	0
1.000	0.00e+00	0.0	0.00e+00	3.00e-02	0.00	0.00e+00	0.9000	8.33e-15	0
1.000	0.00e+00	0.0	0.00e+00	4.00e-02	0.00	0.00e+00	0.9000	8.33e-15	0
0.990	0.00e+00	0.0	4.56e-07	-5.00e-02	0.00	0.00e+00	0.9000	8.33e-15	1
0.990	0.00e+00	0.0	4.56e-07	-4.00e-02	0.00	0.00e+00	0.9000	8.33e-15	1
0.990	0.00e+00	0.0	4.56e-07	-3.00e-02	0.00	0.00e+00	0.9000	8.33e-15	1
0.990	0.00e+00	0.0	4.56e-07	-2.00e-02	0.00	0.00e+00	0.9000	8.33e-15	1
0.990	0.00e+00	0.0	4.56e-07	-1.00e-02	0.00	0.00e+00	0.9000	8.33e-15	1
0.990	0.00e+00	0.0	4.56e-07	3.47e-18	0.00	0.00e+00	0.9000	8.33e-15	1
0.990	0.00e+00	0.0	4.56e-07	1.00e-02	0.00	0.00e+00	0.9000	8.33e-15	1
0.990	0.00e+00	0.0	4.56e-07	2.00e-02	0.00	0.00e+00	0.9000	8.33e-15	1
0.990	0.00e+00	0.0	4.56e-07	3.00e-02	0.00	0.00e+00	0.9000	8.33e-15	1
0.990	0.00e+00	0.0	4.56e-07	4.00e-02	0.00	0.00e+00	0.9000	8.33e-15	1
0.980	4.56e-08	0.0	9.22e-07	-5.00e-02	0.00	0.00e+00	0.9000	8.33e-15	2
0.980	4.56e-08	0.0	9.22e-07	-4.00e-02	0.00	0.00e+00	0.9000	8.33e-15	2
0.980	4.56e-08	0.0	9.22e-07	-3.00e-02	0.00	0.00e+00	0.9000	8.33e-15	2
0.980	4.56e-08	0.0	9.22e-07	-2.00e-02	0.00	0.00e+00	0.9000	8.33e-15	2
0.980	4.56e-08	0.0	9.22e-07	-1.00e-02	0.00	0.00e+00	0.9000	8.33e-15	2
0.980	4.56e-08	0.0	9.22e-07	3.47e-18	0.00	0.00e+00	0.9000	8.33e-15	2
0.980	4.56e-08	0.0	9.22e-07	1.00e-02	0.00	0.00e+00	0.9000	8.33e-15	2
0.980	4.56e-08	0.0	9.22e-07	2.00e-02	0.00	0.00e+00	0.9000	8.33e-15	2
0.980	4.56e-08	0.0	9.22e-07	3.00e-02	0.00	0.00e+00	0.9000	8.33e-15	2
0.980	4.56e-08	0.0	9.22e-07	4.00e-02	0.00	0.00e+00	0.9000	8.33e-15	2
0.970	1.38e-07	0.0	1.38e-06	-5.00e-02	0.00	0.00e+00	0.9000	8.33e-15	3
0.970	1.38e-07	0.0	1.38e-06	-4.00e-02	0.00	0.00e+00	0.9000	8.33e-15	3
0.970	1.38e-07	0.0	1.38e-06	-3.00e-02	0.00	0.00e+00	0.9000	8.33e-15	3
0.970	1.38e-07	0.0	1.38e-06	-2.00e-02	0.00	0.00e+00	0.9000	8.33e-15	3
0.970	1.38e-07	0.0	1.38e-06	-1.00e-02	0.00	0.00e+00	0.9000	8.33e-15	3
0.970	1.38e-07	0.0	1.38e-06	3.47e-18	0.00	0.00e+00	0.9000	8.33e-15	3
0.970	1.38e-07	0.0	1.38e-06	1.00e-02	0.00	0.00e+00	0.9000	8.33e-15	3
0.970	1.38e-07	0.0	1.38e-06	2.00e-02	0.00	0.00e+00	0.9000	8.33e-15	3
0.970	1.38e-07	0.0	1.38e-06	3.00e-02	0.00	0.00e+00	0.9000	8.33e-15	3
0.970	1.38e-07	0.0	1.38e-06	4.00e-02	0.00	0.00e+00	0.9000	8.33e-15	3
0.960	2.76e-07	0.0	1.84e-06	-5.00e-02	0.00	0.00e+00	0.9000	8.33e-15	4
0.960	2.76e-07	0.0	1.84e-06	-4.00e-02	0.00	0.00e+00	0.9000	8.33e-15	4
0.960	2.76e-07	0.0	1.84e-06	-3.00e-02	0.00	0.00e+00	0.9000	8.33e-15	4
0.960	2.76e-07	0.0	1.84e-06	-2.00e-02	0.00	0.00e+00	0.9000	8.33e-15	4
0.960	2.76e-07	0.0	1.84e-06	-1.00e-02	0.00	0.00e+00	0.9000	8.33e-15	4
0.960	2.76e-07	0.0	1.84e-06	3.47e-18	0.00	0.00e+00	0.9000	8.33e-15	4
0.960	2.76e-07	0.0	1.84e-06	1.00e-02	0.00	0.00e+00	0.9000	8.33e-15	4
0.960	2.76e-07	0.0	1.84e-06	2.00e-02	0.00	0.00e+00	0.9000	8.33e-15	4
0.960	2.76e-07	0.0	1.84e-06	3.00e-02	0.00	0.00e+00	0.9000	8.33e-15	4
0.960	2.76e-07	0.0	1.84e-06	4.00e-02	0.00	0.00e+00	0.9000	8.33e-15	4
0.950	4.60e-07	0.0	2.29e-06	-5.00e-02	0.00	0.00e+00	0.9000	8.33e-15	5
0.950	4.60e-07	0.0	2.29e-06	-4.00e-02	0.00	0.00e+00	0.9000	8.33e-15	5
0.950	4.60e-07	0.0	2.29e-06	-3.00e-02	0.00	0.00e+00	0.9000	8.33e-15	5
0.950	4.60e-07	0.0	2.29e-06	-2.00e-02	0.00	0.00e+00	0.9000	8.33e-15	5
0.950	4.60e-07	0.0	2.29e-06	-1.00e-02	0.00	0.00e+00	0.9000	8.33e-15	5
0.950	4.60e-07	0.0	2.29e-06	3.47e-18	0.00	0.00e+00	0.9000	8.33e-15	5
0.950	4.60e-07	0.0	2.29e-06	1.00e-02	0.00	0.00e+00	0.9000	8.33e-15	5
0.950	4.60e-07	0.0	2.29e-06	2.00e-02	0.00	0.00e+00	0.9000	8.33e-15	5
0.950	4.60e-07	0.0	2.29e-06	3.00e-02	0.00	0.00e+00	0.9000	8.33e-15	5
0.950	4.60e-07	0.0	2.29e-06	4.00e-02	0.00	0.00e+00	0.9000	8.33e-15	5
0.940	6.90e-07	0.0	2.75e-06	-5.00e-02	0.00	0.00e+00	0.9000	8.33e-15	6
0.940	6.90e-07	0.0	2.75e-06	-4.00e-02	0.00	0.00e+00	0.9000	8.33e-15	6
0.940	6.90e-07	0.0	2.75e-06	-3.00e-02	0.00	0.00e+00	0.9000	8.33e-15	6
0.940	6.90e-07	0.0	2.75e-06	-2.00e-02	0.00	0.00e+00	0.9000	8.33e-15	6
0.940	6.90e-07	0.0	2.75e-06	-1.00e-02	0.00	0.00e+00	0.9000	8.33e-15	6
0.940	6.90e-07	0.0	2.75e-06	3.47e-18	0.00	0.00e+00	0.9000	8.33e-15	6
0.940	6.90e-07	0.0	2.75e-06	1.00e-02	0.00	0.00e+00	0.9000	8.33e-15	6
0.940	6.90e-07	0.0	2.75e-06	2.00e-02	0.00	0.00e+00	0.9000	8.33e-15	6
0.940	6.90e-07	0.0	2.75e-06	3.00e-02	0.00	0.00e+00	0.9000	8.33e-15	6
0.940	6.90e-07	0.0	2.75e-06	4.00e-02	0.00	0.00e+00	0.9000	8.33e-15	6
0.930	9.64e-07	0.0	3.22e-06	-5.00e-02	0.00	0.00e+00	0.9000	8.33e-15	7
0.930	9.64e-07	0.0	3.22e-06	-4.00e-02	0.00	0.00e+00	0.9000	8.33e-15	7
0.930	9.64e-07	0.0	3.22e-06	-3.00e-02	0.00	0.00e+00	0.9000	8.33e-15	7
0.930	9.64e-07	0.0	3.22e-06	-2.00e-02	0.00	0.00e+00	0.9000	8.33e-15	7
0.930	9.64e-07	0.0	3.22e-06	-1.00e-02	0.00	0.00e+00	0.9000	8.33e-15	7
0.930	9.64e-07	0.0	3.22e-06	3.47e-18	0.00	0.00e+00	0.9000	8.33e-15	7
0.930	9.64e-07	0.0	3.22e-06	1.00e-02	0.00	0.00e+00	0.9000	8.33e-15	7
0.930	9.64e-07	0.0	3.22e-06	2.00e-02	0.00	0.00e+00	0.9000	8.33e-15	7
0.930	9.64e-07	0.0	3.22e-06	3.00e-02	0.00	0.00e+00	0.9000	8.33e-15	7
0.930	9.64e-07	0.0	3.22e-06	4.00e-02	0.00	0.00e+00	0.9000	8.33e-15	7
0.920	1.29e-06	0.0	3.75e-06	-5.00e-02	0.00	0.00e+00	0.9000	8.33e-15	8
0.920	1.29e-06	0.0	3.75e-06	-4.00e-02	0.00	0.00e+00	0.9000	8.33e-15	8
0.920	1.29e-06	0.0	3.75e-06	-3.00e-02	0.00	0.00e+00	0.9000	8.33e-15	8
0.920	1.29e-06	0.0	3.75e-06	-2.00e-02	0.00	0.00e+00	0.9000	8.33e-15	8
0.920	1.29e-06	0.0	3.75e-06	-1.00e-02	0.00	0.00e+00	0.9000	8.33e-15	8
0.920	1.29e-06	0.0	3.75e-06	3.47e-18	0.00	0.00e+00	0.9000	8.33e-15	8
0.920	1.29e-06	0.0	3.75e-06	1.00e-02	0.00	0.00e+00	0.9000	8.33e-15	8
0.920	1.29e-06	0.0	3.75e-06	2.00e-02	0.00	0.00e+00	0.9000	8.33e-15	8
0.920	1.29e-06	0.0	3.75e-06	3.00e-02	0.00	0.00e+00	0.9000	8.33e-15	8
0.920	1.29e-06	0.0	3.75e-06	4.00e-02	0.00	0.00e+00	0.9000	8.33e-15	8
0.910	1.66e-06	0.0	4.40e-06	-5.00e-02	0.00	0.00e+00	0.9000	8.33e-15	9
0.910	1.66e-06	0.0	4.40e-06	-4.00e-02	0.00	0.00e+00	0.9000	8.33e-15	9
0.910	1.66e-06	0.0	4.40e-06	-3.00e-02	0.00	0.00e+00	0.9000	8.33e-15	9
0.910	1.66e-06	0.0	4.40e-06	-2.00e-02	0.00	0.00e+00	0.9000	8.33e-15	9
0.910	1.66e-06	0.0	4.40e-06	-1.00e-02	0.00	0.00e+00	0.9000	8.33e-15	9
0.910	1.66e-06	0.0	4.40e-06	3.47e-18	0.00	0.00e+00	0.9000	8.33e-15	9
0.910	1.66e-06	0.0	4.40e-06	1.00e-02	0.00	0.00e+00	0.9000	8.33e-15	9
0.910	1.66e-06	0.0	4.40e-06	2.00e-02	0.00	0.00e+00	0.9000	8.33e-15	9
0.910	1.66e-06	0.0	4.40e-06	3.00e-02	0.00	0.00e+00	0.9000	8.33e-15	9
0.910	1.66e-06	0.0	4.40e-06	4.00e-02	0.00	0.00e+00	0.9000	8.33e-15	9
0.900	2.10e-06	0.0	5.27e-06	-5.00e-02	0.00	0.00e+00	0.9000	8.33e-15	10
0.900	2.10e-06	0.0	5.27e-06	-4.00e-02	0.00	0.00e+00	0.9000	8.33e-15	10
0.900	2.10e-06	0.0	5.27e-06	-3.00e-02	0.00	0.00e+00	0.9000	8.33e-15	10
0.900	2.10e-06	0.0	5.27e-06	-2.00e-02	0.00	0.00e+00	0.9000	8.33e-15	10
0.900	2.10e-06	0.0	5.27e-06	-1.00e-02	0.00	0.00e+00	0.9000	8.33e-15	10
0.900	2.10e-06	0.0	5.27e-06	3.47e-18	0.00	0.00e+00	0.9000	8.33e-15	10
0.900	2.10e-06	0.0	5.27e-06	1.00e-02	0.00	0.00e+00	0.9000	8.33e-15	10
0.900	2.10e-06	0.0	5.27e-06	2.00e-02	0.00	0.00e+00	0.9000	8.33e-15	10
0.900	2.10e-06	0.0	5.27e-06	3.00e-02	0.00	0.00e+00	0.9000	8.33e-15	10
0.900	2.10e-06	0.0	5.27e-06	4.00e-02	0.00	0.00e+00	0.9000	8.33e-15	10
0.890	2.63e-06	0.0	6.52e-06	-5.00e-02	0.00	0.00e+00	0.9000	8.33e-15	11
0.890	2.63e-06	0.0	6.52e-06	-4.00e-02	0.00	0.00e+00	0.9000	8.33e-15	11
0.890	2.63e-06	0.0	6.52e-06	-3.00e-02	0.00	0.00e+00	0.9000	8.33e-15	11
0.890	2.63e-06	0.0	6.52e-06	-2.00e-02	0.00	0.00e+00	0.9000	8.33e-15	11
0.890	2.63e-06	0.0	6.52e-06	-1.00e-02	0.00	0.00e+00	0.9000	8.33e-15	11
0.890	2.63e-06	0.0	6.52e-06	3.47e-18	0.00	0.00e+00	0.9000	8.33e-15	11
0.890	2.63e-06	0.0	6.52e-06	1.00e-02	0.00	0.00e+00	0.9000	8.33e-15	11
0.890	2.63e-06	0.0	6.52e-06	2.00e-02	0.00	0.00e+00	0.9000	8.33e-15	11
0.890	2.63e-06	0.0	6.52e-06	3.00e-02	0.00	0.00e+00	0.9000	8.33e-15	11
0.890	2.63e-06	0.0	6.52e-06	4.00e-02	0.00	0.00e+00	0.9000	8.33e-15	11
0.880	3.28e-06	0.0	8.33e-06	-5.00e-02	0.00	0.00e+00	0.9000	8.33e-15	12
0.880	3.28e-06	0.0	8.33e-06	-4.00e-02	0.00	0.00e+00	0.9000	8.33e-15	12
0.880	3.28e-06	0.0	8.33e-06	-3.00e-02	0.00	0.00e+00	0.9000	8.33e-15	12
0.880	3.28e-06	0.0	8.33e-06	-2.00e-02	0.00	0.00e+00	0.9000	8.33e-15	12
0.880	3.28e-06	0.0	8.33e-06	-1.00e-02	0.00	0.00e+00	0.9000	8.33e-15	12
0.880	3.28e-06	0.0	8.33e-06	3.47e-18	0.00	0.00e+00	0.9000	8.33e-15	12
0.880	3.28e-06	0.0	8.33e-06	1.00e-02	0.00	0.00e+00	0.9000	8.33e-15	12
0.880	3.28e-06	0.0	8.33e-06	2.00e-02	0.00	0.00e+00	0.9000	8.33e-15	12
0.880	3.28e-06	0.0	8.33e-06	3.00e-02	0.00	0.00e+00	0.9000	8.33e-15	12
0.880	3.28e-06	0.0	8.33e-06	4.00e-02	0.00	0.00e+00	0.9000	8.33e-15	12
0.870	4.11e-06	0.0	1.09e-05	-5.00e-02	0.00	0.00e+00	0.9000	8.33e-15	13
0.870	4.11e-06	0.0	1.09e-05	-4.00e-02	0.00	0.00e+00	0.9000	8.33e-15	13
0.870	4.11e-06	0.0	1.09e-05	-3.00e-02	0.00	0.00e+00	0.9000	8.33e-15	13
0.870	4.11e-06	0.0	1.09e-05	-2.00e-02	0.00	0.00e+00	0.9000	8.33e-15	13
0.870	4.11e-06	0.0	1.09e-05	-1.00e-02	0.00	0.00e+00	0.9000	8.33e-15	13
0.870	4.11e-06	0.0	1.09e-05	3.47e-18	0.00	0.00e+00	0.9000	8.33e-15	13
0.870	4.11e-06	0.0	1.09e-05	1.00e-02	0.00	0.00e+00	0.9000	8.33e-15	13
0.870	4.11e-06	0.0	1.09e-05	2.00e-02	0.00	0.00e+00	0.9000	8.33e-15	13
0.870	4.11e-06	0.0	1.09e-05	3.00e-02	0.00	0.00e+00	0.9000	8.33e-15	13
0.870	4.11e-06	0.0	1.09e-05	4.00e-02	0.00	0.00e+00	0.9000	8.33e-15	13
0.860	5.20e-06	0.0	1.46e-05	-5.00e-02	0.00	0.00e+00	0.9000	8.33e-15	14
0.860	5.20e-06	0.0	1.46e-05	-4.00e-02	0.00	0.00e+00	0.9000	8.33e-15	14
0.860	5.20e-06	0.0	1.46e-05	-3.00e-02	0.00	0.00e+00	0.9000	8.33e-15	14
0.860	5.20e-06	0.0	1.46e-05	-2.00e-02	0.00	0.00e+00	0.9000	8.33e-15	14
0.860	5.20e-06	0.0	1.46e-05	-1.00e-02	0.00	0.00e+00	0.9000	8.33e-15	14
0.860	5.20e-06	0.0	1.46e-05	3.47e-18	0.00	0.00e+00	0.9000	8.33e-15	14
0.860	5.20e-06	0.0	1.46e-05	1.00e-02	0.00	0.00e+00	0.9000	8.33e-15	14
0.860	5.20e-06	0.0	1.46e-05	2.00e-02	0.00	0.00e+00	0.9000	8.33e-15	14
0.860	5.20e-06	0.0	1.46e-05	3.00e-02	0.00	0.00e+00	0.9000	8.33e-15	14
0.860	5.20e-06	0.0	1.46e-05	4.00e-02	0.00	0.00e+00	0.9000	8.33e-15	14
0.850	6.66e-06	0.0	1.96e-05	-5.00e-02	0.00	0.00e+00	0.9000	8.33e-15	15
0.850	6.66e-06	0.0	1.96e-05	-4.00e-02	0.00	0.00e+00	0.9000	8.33e-15	15
0.850	6.66e-06	0.0	1.96e-05	-3.00e-02	0.00	0.00e+00	0.9000	8.33e-15	15
0.850	6.66e-06	0.0	1.96e-05	-2.00e-02	0.00	0.00e+00	0.9000	8.33e-15	15
0.850	6.66e-06	0.0	1.96e-05	-1.00e-02	0.00	0.00e+00	0.9000	8.33e-15	15
0.850	6.66e-06	0.0	1.96e-05	3.47e-18	0.00	0.00e+00	0.9000	8.33e-15	15
0.850	6.66e-06	0.0	1.96e-05	1.00e-02	0.00	0.00e+00	0.9000	8.33e-15	15
0.850	6.66e-06	0.0	1.96e-05	2.00e-02	0.00	0.00e+00	0.9000	8.33e-15	15
0.850	6.66e-06	0.0	1.96e-05	3.00e-02	0.00	0.00e+00	0.9000	8.33e-15	15
0.850	6.66e-06	0.0	1.96e-05	4.00e-02	0.00	0.00e+00	0.9000	8.33e-15	15
0.840	8.62e-06	0.0	2.62e-05	-5.00e-02	0.00	0.00e+00	0.9000	8.33e-15	16
0.840	8.62e-06	0.0	2.62e-05	-4.00e-02	0.00	0.00e+00	0.9000	8.33e-15	16
0.840	8.62e-06	0.0	2.62e-05	-3.00e-02	0.00	0.00e+00	0.9000	8.33e-15	16
0.840	8.62e-06	0.0	2.62e-05	-2.00e-02	0.00	0.00e+00	0.9000	8.33e-15	16
0.840	8.62e-06	0.0	2.62e-05	-1.00e-02	0.00	0.00e+00	0.9000	8.33e-15	16
0.840	8.62e-06	0.0	2.62e-05	3.47e-18	0.00	0.00e+00	0.9000	8.33e-15	16
0.840	8.62e-06	0.0	2.62e-05	1.00e-02	0.00	0.00e+00	0.9000	8.33e-15	16
0.840	8.62e-06	0.0	2.62e-05	2.00e-02	0.00	0.00e+00	0.9000	8.33e-15	16
0.840	8.62e-06	0.0	2.62e-05	3.00e-02	0.00	0.00e+00	0.9000	8.33e-15	16
0.840	8.62e-06	0.0	2.62e-05	4.00e-02	0.00	0.00e+00	0.9000	8.33e-15	16
0.830	1.12e-05	0.0	3.46e-05	-5.00e-02	0.00	0.00e+00	0.9000	8.33e-15	17
0.830	1.12e-05	0.0	3.46e-05	-4.00e-02	0.00	0.00e+00	0.9000	8.33e-15	17
0.830	1.12e-05	0.0	3.46e-05	-3.00e-02	0.00	0.00e+00	0.9000	8.33e-15	17
0.830	1.12e-05	0.0	3.46e-05	-2.00e-02	0.00	0.00e+00	0.9000	8.33e-15	17
0.830	1.12e-05	0.0	3.46e-05	-1.00e-02	0.00	0.00e+00	0.9000	8.33e-15	17
0.830	1.12e-05	0.0	3.46e-05	3.47e-18	0.00	0.00e+00	0.9000	8.33e-15	17
0.830	1.12e-05	0.0	3.46e-05	1.00e-02	0.00	0.00e+00	0.9000	8.33e-15	17
0.830	1.12e-05	0.0	3.46e-05	2.00e-02	0.00	0.00e+00	0.9000	8.33e-15	17
0.830	1.12e-05	0.0	3.46e-05	3.00e-02	0.00	0.00e+00	0.9000	8.33e-15	17
0.830	1.12e-05	0.0	3.46e-05	4.00e-02	0.00	0.00e+00	0.9000	8.33e-15	17
0.820	1.47e-05	0.0	4.52e-05	-5.00e-02	0.00	0.00e+00	0.9000	8.33e-15	18
0.820	1.47e-05	0.0	4.52e-05	-4.00e-02	0.00	0.00e+00	0.9000	8.33e-15	18
0.820	1.47e-05	0.0	4.52e-05	-3.00e-02	0.00	0.00e+00	0.9000	8.33e-15	18
0.820	1.47e-05	0.0	4.52e-05	-2.00e-02	0.00	0.00e+00	0.9000	8.33e-15	18
0.820	1.47e-05	0.0	4.52e-05	-1.00e-02	0.00	0.00e+00	0.9000	8.33e-15	18
0.820	1.47e-05	0.0	4.52e-05	3.47e-18	0.00	0.00e+00	0.9000	8.33e-15	18
0.820	1.47e-05	0.0	4.52e-05	1.00e-02	0.00	0.00e+00	0.9000	8.33e-15	18
0.820	1.47e-05	0.0	4.52e-05	2.00e-02	0.00	0.00e+00	0.9000	8.33e-15	18
0.820	1.47e-05	0.0	4.52e-05	3.00e-02	0.00	0.00e+00	0.9000	8.33e-15	18
0.820	1.47e-05	0.0	4.52e-05	4.00e-02	0.00	0.00e+00	0.9000	8.33e-15	18
0.810	1.92e-05	0.0	5.79e-05	-5.00e-02	0.00	0.00e+00	0.9000	8.33e-15	19
0.810	1.92e-05	0.0	5.79e-05	-4.00e-02	0.00	0.00e+00	0.9000	8.33e-15	19
0.810	1.92e-05	0.0	5.79e-05	-3.00e-02	0.00	0.00e+00	0.9000	8.33e-15	19
0.810	1.92e-05	0.0	5.79e-05	-2.00e-02	0.00	0.00e+00	0.9000	8.33e-15	19
0.810	1.92e-05	0.0	5.79e-05	-1.00e-02	0.00	0.00e+00	0.9000	8.33e-15	19
0.810	1.92e-05	0.0	5.79e-05	3.47e-18	0.00	0.00e+00	0.9000	8.33e-15	19
0.810	1.92e-05	0.0	5.79e-05	1.00e-02	0.00	0.00e+00	0.9000	8.33e-15	19
0.810	1.92e-05	0.0	5.79e-05	2.00e-02	0.00	0.00e+00	0.9000	8.33e-15	19
0.810	1.92e-05	0.0	5.79e-05	3.00e-02	0.00	0.00e+00	0.9000	8.33e-15	19
0.810	1.92e-05	0.0	5.79e-05	4.00e-02	0.00	0.00e+00	0.9000	8.33e-15	19
0.800	2.50e-05	0.0	7.29e-05	-5.00e-02	0.00	0.00e+00	0.9000	8.33e-15	20
0.800	2.50e-05	0.0	7.29e-05	-4.00e-02	0.00	0.00e+00	0.9000	8.33e-15	20
0.800	2.50e-05	0.0	7.29e-05	-3.00e-02	0.00	0.00e+00	0.9000	8.33e-15	20
0.800	2.50e-05	0.0	7.29e-05	-2.00e-02	0.00	0.00e+00	0.9000	8.33e-15	20
0.800	2.50e-05	0.0	7.29e-05	-1.00e-02	0.00	0.00e+00	0.9000	8.33e-15	20
0.800	2.50e-05	0.0	7.29e-05	3.47e-18	0.00	0.00e+00	0.9000	8.33e-15	20
0.800	2.50e-05	0.0	7.29e-05	1.00e-02	0.00	0.00e+00	0.9000	8.33e-15	20
0.800	2.50e-05	0.0	7.29e-05	2.00e-02	0.00	0.00e+00	0.9000	8.33e-15	20
0.800	2.50e-05	0.0	7.29e-05	3.00e-02	0.00	0.00e+00	0.9000	8.33e-15	20
0.800	2.50e-05	0.0	7.29e-05	4.00e-02	0.00	0.00e+00	0.9000	8.33e-15	20
0.790	3.23e-05	0.0	8.98e-05	-5.00e-02	0.00	0.00e+00	0.9000	8.33e-15	21
0.790	3.23e-05	0.0	8.98e-05	-4.00e-02	0.00	0.00e+00	0.9000	8.33e-15	21
0.790	3.23e-05	0.0	8.98e-05	-3.00e-02	0.00	0.00e+00	0.9000	8.33e-15	21
0.790	3.23e-05	0.0	8.98e-05	-2.00e-02	0.00	0.00e+00	0.9000	8.33e-15	21
0.790	3.23e-05	0.0	8.98e-05	-1.00e-02	0.00	0.00e+00	0.9000	8.33e-15	21
0.790	3.23e-05	0.0	8.98e-05	3.47e-18	0.00	0.00e+00	0.9000	8.33e-15	21
0.790	3.23e-05	0.0	8.98e-05	1.00e-02	0.00	0.00e+00	0.9000	8.33e-15	21
0.790	3.23e-05	0.0	8.98e-05	2.00e-02	0.00	0.00e+00	0.9000	8.33e-15	21
0.790	3.23e-05	0.0	8.98e-05	3.00e-02	0.00	0.00e+00	0.9000	8.33e-15	21
0.790	3.23e-05	0.0	8.98e-05	4.00e-02	0.00	0.00e+00	0.9000	8.33e-15	21
0.780	4.13e-05	0.0	1.09e-04	-5.00e-02	0.00	0.00e+00	0.9000	8.33e-15	22
0.780	4.13e-05	0.0	1.09e-04	-4.00e-02	0.00	0.00e+00	0.9000	8.33e-15	22
0.780	4.13e-05	0.0	1.09e-04	-3.00e-02	0.00	0.00e+00	0.9000	8.33e-15	22
0.780	4.13e-05	0.0	1.09e-04	-2.00e-02	0.00	0.00e+00	0.9000	8.33e-15	22
0.780	4.13e-05	0.0	1.09e-04	-1.00e-02	0.00	0.00e+00	0.9000	8.33e-15	22
0.780	4.13e-05	0.0	1.09e-04	3.47e-18	0.00	0.00e+00	0.9000	8.33e-15	22
0.780	4.13e-05	0.0	1.09e-04	1.00e-02	0.00	0.00e+00	0.9000	8.33e-15	22
0.780	4.13e-05	0.0	1.09e-04	2.00e-02	0.00	0.00e+00	0.9000	8.33e-15	22
0.780	4.13e-05	0.0	1.09e-04	3.00e-02	0.00	0.00e+00	0.9000	8.33e-15	22
0.780	4.13e-05	0.0	1.09e-04	4.00e-02	0.00	0.00e+00	0.9000	8.33e-15	22
0.770	5.21e-05	0.0	1.28e-04	-5.00e-02	0.00	0.00e+00	0.9000	8.33e-15	23
0.770	5.21e-05	0.0	1.28e-04	-4.00e-02	0.00	0.00e+00	0.9000	8.33e-15	23
0.770	5.21e-05	0.0	1.28e-04	-3.00e-02	0.00	0.00e+00	0.9000	8.33e-15	23
0.770	5.21e-05	0.0	1.28e-04	-2.00e-02	0.00	0.00e+00	0.9000	8.33e-15	23
0.770	5.21e-05	0.0	1.28e-04	-1.00e-02	0.00	0.00e+00	0.9000	8.33e-15	23
0.770	5.21e-05	0.0	1.28e-04	3.47e-18	0.00	0.00e+00	0.9000	8.33e-15	23
0.770	5.21e-05	0.0	1.28e-04	1.00e-02	0.00	0.00e+00	0.9000	8.33e-15	23
0.770	5.21e-05	0.0	1.28e-04	2.00e-02	0.00	0.00e+00	0.9000	8.33e-15	23
0.770	5.21e-05	0.0	1.28e-04	3.00e-02	0.00	0.00e+00	0.9000	8.33e-15	23
0.770	5.21e-05	0.0	1.28e-04	4.00e-02	0.00	0.00e+00	0.9000	8.33e-15	23
0.760	6.50e-05	0.0	1.49e-04	-5.00e-02	0.00	0.00e+00	0.9000	8.33e-15	24
0.760	6.50e-05	0.0	1.49e-04	-4.00e-02	0.00	0.00e+00	0.9000	8.33e-15	24
0.760	6.50e-05	0.0	1.49e-04	-3.00e-02	0.00	0.00e+00	0.9000	8.33e-15	24
0.760	6.50e-05	0.0	1.49e-04	-2.00e-02	0.00	0.00e+00	0.9000	8.33e-15	24
0.760	6.50e-05	0.0	1.49e-04	-1.00e-02	0.00	0.00e+00	0.9000	8.33e-15	24
0.760	6.50e-05	0.0	1.49e-04	3.47e-18	0.00	0.00e+00	0.9000	8.33e-15	24
0.760	6.50e-05	0.0	1.49e-04	1.00e-02	0.00	0.00e+00	0.9000	8.33e-15	24
0.760	6.50e-05	0.0	1.49e-04	2.00e-02	0.00	0.00e+00	0.9000	8.33e-15	24
0.760	6.50e-05	0.0	1.49e-04	3.00e-02	0.00	0.00e+00	0.9000	8.33e-15	24
0.760	6.50e-05	0.0	1.49e-04	4.00e-02	0.00	0.00e+00	0.9000	8.33e-15	24
0.750	7.98e-05	0.0	1.68e-04	-5.00e-02	0.00	0.00e+00	0.9000	8.33e-15	25
0.750	7.98e-05	0.0	1.68e-04	-4.00e-02	0.00	0.00e+00	0.9000	8.33e-15	25
0.750	7.98e-05	0.0	1.68e-04	-3.00e-02	0.00	0.00e+00	0.9000	8.33e-15	25
0.750	7.98e-05	0.0	1.68e-04	-2.00e-02	0.00	0.00e+00	0.9000	8.33e-15	25
0.750	7.98e-05	0.0	1.68e-04	-1.00e-02	0.00	0.00e+00	0.9000	8.33e-15	25
0.750	7.98e-05	0.0	1.68e-04	3.47e-18	0.00	0.00e+00	0.9000	8.33e-15	25
0.750	7.98e-05	0.0	1.68e-04	1.00e-02	0.00	0.00e+00	0.9000	8.33e-15	25
0.750	7.98e-05	0.0	1.68e-04	2.00e-02	0.00	0.00e+00	0.9000	8.33e-15	25
0.750	7.98e-05	0.0	1.68e-04	3.00e-02	0.00	0.00e+00	0.9000	8.33e-15	25
0.750	7.98e-05	0.0	1.68e-04	4.00e-02	0.00	0.00e+00	0.9000	8.33e-15	25
0.740	9.67e-05	0.0	1.86e-04	-5.00e-02	0.00	0.00e+00	0.9000	8.33e-15	26
0.740	9.67e-05	0.0	1.86e-04	-4.00e-02	0.00	0.00e+00	0.9000	8.33e-15	26
0.740	9.67e-05	0.0	1.86e-04	-3.00e-02	0.00	0.00e+00	0.9000	8.33e-15	26
0.740	9.67e-05	0.0	1.86e-04	-2.00e-02	0.00	0.00e+00	0.9000	8.33e-15	26
0.740	9.67e-05	0.0	1.86e-04	-1.00e-02	0.00	0.00e+00	0.9000	8.33e-15	26
0.740	9.67e-05	0.0	1.86e-04	3.47e-18	0.00	0.00e+00	0.9000	8.33e-15	26
0.740	9.67e-05	0.0	1.86e-04	1.00e-02	0.00	0.00e+00	0.9000	8.33e-15	26
0.740	9.67e-05	0.0	1.86e-04	2.00e-02	0.00	0.00e+00	0.9000	8.33e-15	26
0.740	9.67e-05	0.0	1.86e-04	3.00e-02	0.00	0.00e+00	0.9000	8.33e-15	26
0.740	9.67e-05	0.0	1.86e-04	4.00e-02	0.00	0.00e+00	0.9000	8.33e-15	26
0.730	1.15e-04	0.0	2.01e-04	-5.00e-02	0.00	0.00e+00	0.9000	8.33e-15	27
0.730	1.15e-04	0.0	2.01e-04	-4.00e-02	0.00	0.00e+00	0.9000	8.33e-15	27
0.730	1.15e-04	0.0	2.01e-04	-3.00e-02	0.00	0.00e+00	0.9000	8.33e-15	27
0.730	1.15e-04	0.0	2.01e-04	-2.00e-02	0.00	0.00e+00	0.9000	8.33e-15	27
0.730	1.15e-04	0.0	2.01e-04	-1.00e-02	0.00	0.00e+00	0.9000	8.33e-15	27
0.730	1.15e-04	0.0	2.01e-04	3.47e-18	0.00	0.00e+00	0.9000	8.33e-15	27
0.730	1.15e-04	0.0	2.01e-04	1.00e-02	0.00	0.00e+00	0.9000	8.33e-15	27
0.730	1.15e-04	0.0	2.01e-04	2.00e-02	0.00	0.00e+00	0.9000	8.33e-15	27
0.730	1.15e-04	0.0	2.01e-04	3.00e-02	0.00	0.00e+00	0.9000	8.33e-15	27
0.730	1.15e-04	0.0	2.01e-04	4.00e-02	0.00	0.00e+00	0.9000	8.33e-15	27
0.720	1.35e-04	0.0	2.11e-04	-5.00e-02	0.00	0.00e+00	0.9000	8.33e-15	28
0.720	1.35e-04	0.0	2.11e-04	-4.00e-02	0.00	0.00e+00	0.9000	8.33e-15	28
0.720	1.35e-04	0.0	2.11e-04	-3.00e-02	0.00	0.00e+00	0.9000	8.33e-15	28
0.720	1.35e-04	0.0	2.11e-04	-2.00e-02	0.00	0.00e+00	0.9000	8.33e-15	28
0.720	1.35e-04	0.0	2.11e-04	-1.00e-02	0.00	0.00e+00	0.9000	8.33e-15	28
0.720	1.35e-04	0.0	2.11e-04	3.47e-18	0.00	0.00e+00	0.9000	8.33e-15	28
0.720	1.35e-04	0.0	2.11e-04	1.00e-02	0.00	0.00e+00	0.9000	8.33e-15	28
0.720	1.35e-04	0.0	2.11e-04	2.00e-02	0.00	0.00e+00	0.9000	8.33e-15	28
0.720	1.35e-04	0.0	2.11e-04	3.00e-02	0.00	0.00e+00	0.9000	8.33e-15	28
0.720	1.35e-04	0.0	2.11e-04	4.00e-02	0.00	0.00e+00	0.9000	8.33e-15	28
0.710	1.57e-04	0.0	2.15e-04	-5.00e-02	0.00	0.00e+00	0.9000	8.33e-15	29
0.710	1.57e-04	0.0	2.15e-04	-4.00e-02	0.00	0.00e+00	0.9000	8.33e-15	29
0.710	1.57e-04	0.0	2.15e-04	-3.00e-02	0.00	0.00e+00	0.9000	8.33e-15	29
0.710	1.57e-04	0.0	2.15e-04	-2.00e-02	0.00	0.00e+00	0.9000	8.33e-15	29
0.710	1.57e-04	0.0	2.15e-04	-1.00e-02	0.00	0.00e+00	0.9000	8.33e-15	29
0.710	1.57e-04	0.0	2.15e-04	3.47e-18	0.00	0.00e+00	0.9000	8.33e-15	29
0.710	1.57e-04	0.0	2.15e-04	1.00e-02	0.00	0.00e+00	0.9000	8.33e-15	29
0.710	1.57e-04	0.0	2.15e-04	2.00e-02	0.00	0.00e+00	0.9000	8.33e-15	29
0.710	1.57e-04	0.0	2.15e-04	3.00e-02	0.00	0.00e+00	0.9000	8.33e-15	29
0.710	1.57e-04	0.0	2.15e-04	4.00e-02	0.00	0.00e+00	0.9000	8.33e-15	29
0.700	1.78e-04	0.0	2.11e-04	-5.00e-02	0.00	0.00e+00	0.9000	8.33e-15	30
0.700	1.78e-04	0.0	2.11e-04	-4.00e-02	0.00	0.00e+00	0.9000	8.33e-15	30
0.700	1.78e-04	0.0	2.11e-04	-3.00e-02	0.00	0.00e+00	0.9000	8.33e-15	30
0.700	1.78e-04	0.0	2.11e-04	-2.00e-02	0.00	0.00e+00	0.9000	8.33e-15	30
0.700	1.78e-04	0.0	2.11e-04	-1.00e-02	0.00	0.00e+00	0.9000	8.33e-15	30
0.700	1.78e-04	0.0	2.11e-04	3.47e-18	0.00	0.00e+00	0.9000	8.33e-15	30
0.700	1.78e-04	0.0	2.11e-04	1.00e-02	0.00	0.00e+00	0.9000	8.33e-15	30
0.700	1.78e-04	0.0	2.11e-04	2.00e-02	0.00	0.00e+00	0.9000	8.33e-15	30
0.700	1.78e-04	0.0	2.11e-04	3.00e-02	0.00	0.00e+00	0.9000	8.33e-15	30
0.700	1.78e-04	0.0	2.11e-04	4.00e-02	0.00	0.00e+00	0.9000	8.33e-15	30
0.690	1.99e-04	0.0	1.96e-04	-5.00e-02	0.00	0.00e+00	0.9000	8.33e-15	31
0.690	1.99e-04	0.0	1.96e-04	-4.00e-02	0.00	0.00e+00	0.9000	8.33e-15	31
0.690	1.99e-04	0.0	1.96e-04	-3.00e-02	0.00	0.00e+00	0.9000	8.33e-15	31
0.690	1.99e-04	0.0	1.96e-04	-2.00e-02	0.00	0.00e+00	0.9000	8.33e-15	31
0.690	1.99e-04	0.0	1.96e-04	-1.00e-02	0.00	0.00e+00	0.9000	8.33e-15	31
0.690	1.99e-04	0.0	1.96e-04	3.47e-18	0.00	0.00e+00	0.9000	8.33e-15	31
0.690	1.99e-04	0.0	1.96e-04	1.00e-02	0.00	0.00e+00	0.9000	8.33e-15	31
0.690	1.99e-04	0.0	1.96e-04	2.00e-02	0.00	0.00e+00	0.9000	8.33e-15	31
0.690	1.99e-04	0.0	1.96e-04	3.00e-02	0.00	0.00e+00	0.9000	8.33e-15	31
0.690	1.99e-04	0.0	1.96e-04	4.00e-02	0.00	0.00e+00	0.9000	8.33e-15	31
0.680	2.19e-04	0.0	1.71e-04	-5.00e-02	0.00	0.00e+00	0.9000	8.33e-15	32
0.680	2.19e-04	0.0	1.71e-04	-4.00e-02	0.00	0.00e+00	0.9000	8.33e-15	32
0.680	2.19e-04	0.0	1.71e-04	-3.00e-02	0.00	0.00e+00	0.9000	8.33e-15	32
0.680	2.19e-04	0.0	1.71e-04	-2.00e-02	0.00	0.00e+00	0.9000	8.33e-15	32
0.680	2.19e-04	0.0	1.71e-04	-1.00e-02	0.00	0.00e+00	0.9000	8.33e-15	32
0.680	2.19e-04	0.0	1.71e-04	3.47e-18	0.00	0.00e+00	0.9000	8.33e-15	32
0.680	2.19e-04	0.0	1.71e-04	1.00e-02	0.00	0.00e+00	0.9000	8.33e-15	32
0.680	2.19e-04	0.0	1.71e-04	2.00e-02	0.00	0.00e+00	0.9000	8.33e-15	32
0.680	2.19e-04	0.0	1.71e-04	3.00e-02	0.00	0.00e+00	0.9000	8.33e-15	32
0.680	2.19e-04	0.0	1.71e-04	4.00e-02	0.00	0.00e+00	0.9000	8.33e-15	32
0.670	2.36e-04	0.0	1.33e-04	-5.00e-02	0.00	0.00e+00	0.9000	8.33e-15	33
0.670	2.36e-04	0.0	1.33e-04	-4.00e-02	0.00	0.00e+00	0.9000	8.33e-15	33
0.670	2.36e-04	0.0	1.33e-04	-3.00e-02	0.00	0.00e+00	0.9000	8.33e-15	33
0.670	2.36e-04	0.0	1.33e-04	-2.00e-02	0.00	0.00e+00	0.9000	8.33e-15	33
0.670	2.36e-04	0.0	1.33e-04	-1.00e-02	0.00	0.00e+00	0.9000	8.33e-15	33
0.670	2.36e-04	0.0	1.33e-04	3.47e-18	0.00	0.00e+00	0.9000	8.33e-15	33
0.670	2.36e-04	0.0	1.33e-04	1.00e-02	0.00	0.00e+00	0.9000	8.33e-15	33
0.670	2.36e-04	0.0	1.33e-04	2.00e-02	0.00	0.00e+00	0.9000	8.33e-15	33
0.670	2.36e-04	0.0	1.33e-04	3.00e-02	0.00	0.00e+00	0.9000	8.33e-15	33
0.670	2.36e-04	0.0	1.33e-04	4.00e-02	0.00	0.00e+00	0.9000	8.33e-15	33
0.660	2.49e-04	0.0	8.17e-05	-5.00e-02	0.00	0.00e+00	0.9000	8.33e-15	34
0.660	2.49e-04	0.0	8.17e-05	-4.00e-02	0.00	0.00e+00	0.9000	8.33e-15	34
0.660	2.49e-04	0.0	8.17e-05	-3.00e-02	0.00	0.00e+00	0.9000	8.33e-15	34
0.660	2.49e-04	0.0	8.17e-05	-2.00e-02	0.00	0.00e+00	0.9000	8.33e-15	34
0.660	2.49e-04	0.0	8.17e-05	-1.00e-02	0.00	0.00e+00	0.9000	8.33e-15	34
0.660	2.49e-04	0.0	8.17e-05	3.47e-18	0.00	0.00e+00	0.9000	8.33e-15	34
0.660	2.49e-04	0.0	8.17e-05	1.00e-02	0.00	0.00e+00	0.9000	8.33e-15	34
0.660	2.49e-04	0.0	8.17e-05	2.00e-02	0.00	0.00e+00	0.9000	8.33e-15	34
0.660	2.49e-04	0.0	8.17e-05	3.00e-02	0.00	0.00e+00	0.9000	8.33e-15	34
0.660	2.49e-04	0.0	8.17e-05	4.00e-02	0.00	0.00e+00	0.9000	8.33e-15	34
0.650	2.57e-04	0.0	1.66e-05	-5.00e-02	0.00	0.00e+00	0.9000	8.33e-15	35
0.650	2.57e-04	0.0	1.66e-05	-4.00e-02	0.00	0.00e+00	0.9000	8.33e-15	35
0.650	2.57e-04	0.0	1.66e-05	-3.00e-02	0.00	0.00e+00	0.9000	8.33e-15	35
0.650	2.57e-04	0.0	1.66e-05	-2.00e-02	0.00	0.00e+00	0.9000	8.33e-15	35
0.650	2.57e-04	0.0	1.66e-05	-1.00e-02	0.00	0.00e+00	0.9000	8.33e-15	35
0.650	2.57e-04	0.0	1.66e-05	3.47e-18	0.00	0.00e+00	0.9000	8.33e-15	35
0.650	2.57e-04	0.0	1.66e-05	1.00e-02	0.00	0.00e+00	0.9000	8.33e-15	35
0.650	2.57e-04	0.0	1.66e-05	2.00e-02	0.00	0.00e+00	0.9000	8.33e-15	35
0.650	2.57e-04	0.0	1.66e-05	3.00e-02	0.00	0.00e+00	0.9000	8.33e-15	35
0.650	2.57e-04	0.0	1.66e-05	4.00e-02	0.00	0.00e+00	0.9000	8.33e-15	35
0.640	2.59e-04	0.0	-6.23e-05	-5.00e-02	0.00	0.00e+00	0.9000	8.33e-15	36
0.640	2.59e-04	0.0	-6.23e-05	-4.00e-02	0.00	0.00e+00	0.9000	8.33e-15	36
0.640	2.59e-04	0.0	-6.23e-05	-3.00e-02	0.00	0.00e+00	0.9000	8.33e-15	36
0.640	2.59e-04	0.0	-6.23e-05	-2.00e-02	0.00	0.00e+00	0.9000	8.33e-15	36
0.640	2.59e-04	0.0	-6.23e-05	-1.00e-02	0.00	0.00e+00	0.9000	8.33e-15	36
0.640	2.59e-04	0.0	-6.23e-05	3.47e-18	0.00	0.00e+00	0.9000	8.33e-15	36
0.640	2.59e-04	0.0	-6.23e-05	1.00e-02	0.00	0.00e+00	0.9000	8.33e-15	36
0.640	2.59e-04	0.0	-6.23e-05	2.00e-02	0.00	0.00e+00	0.9000	8.33e-15	36
0.640	2.59e-04	0.0	-6.23e-05	3.00e-02	0.00	0.00e+00	0.9000	8.33e-15	36
0.640	2.59e-04	0.0	-6.23e-05	4.00e-02	0.00	0.00e+00	0.9000	8.33e-15	36
0.630	2.53e-04	0.0	-1.54e-04	-5.00e-02	0.00	0.00e+00	0.9000	8.33e-15	37
0.630	2.53e-04	0.0	-1.54e-04	-4.00e-02	0.00	0.00e+00	0.9000	8.33e-15	37
0.630	2.53e-04	0.0	-1.54e-04	-3.00e-02	0.00	0.00e+00	0.9000	8.33e-15	37
0.630	2.53e-04	0.0	-1.54e-04	-2.00e-02	0.00	0.00e+00	0.9000	8.33e-15	37
0.630	2.53e-04	0.0	-1.54e-04	-1.00e-02	0.00	0.00e+00	0.9000	8.33e-15	37
0.630	2.53e-04	0.0	-1.54e-04	3.47e-18	0.00	0.00e+00	0.9000	8.33e-15	37
0.630	2.53e-04	0.0	-1.54e-04	1.00e-02	0.00	0.00e+00	0.9000	8.33e-15	37
0.630	2.53e-04	0.0	-1.54e-04	2.00e-02	0.00	0.00e+00	0.9000	8.33e-15	37
0.630	2.53e-04	0.0	-1.54e-04	3.00e-02	0.00	0.00e+00	0.9000	8.33e-15	37
0.630	2.53e-04	0.0	-1.54e-04	4.00e-02	0.00	0.00e+00	0.9000	8.33e-15	37
0.620	2.37e-04	0.0	-2.57e-04	-5.00e-02	0.00	0.00e+00	0.9000	8.33e-15	38
0.620	2.37e-04	0.0	-2.57e-04	-4.00e-02	0.00	0.00e+00	0.9000	8.33e-15	38
0.620	2.37e-04	0.0	-2.57e-04	-3.00e-02	0.00	0.00e+00	0.9000	8.33e-15	38
0.620	2.37e-04	0.0	-2.57e-04	-2.00e-02	0.00	0.00e+00	0.9000	8.33e-15	38
0.620	2.37e-04	0.0	-2.57e-04	-1.00e-02	0.00	0.00e+00	0.9000	8.33e-15	38
0.620	2.37e-04	0.0	-2.57e-04	3.47e-18	0.00	0.00e+00	0.9000	8.33e-15	38
0.620	2.37e-04	0.0	-2.57e-04	1.00e-02	0.00	0.00e+00	0.9000	8.33e-15	38
0.620	2.37e-04	0.0	-2.57e-04	2.00e-02	0.00	0.00e+00	0.9000	8.33e-15	38
0.620	2.37e-04	0.0	-2.57e-04	3.00e-02	0.00	0.00e+00	0.9000	8.33e-15	38
0.620	2.37e-04	0.0	-2.57e-04	4.00e-02	0.00	0.00e+00	0.9000	8.33e-15	38
0.610	2.12e-04	0.0	-3.69e-04	-5.00e-02	0.00	0.00e+00	0.9000	8.33e-15	39
0.610	2.12e-04	0.0	-3.69e-04	-4.00e-02	0.00	0.00e+00	0.9000	8.33e-15	39
0.610	2.12e-04	0.0	-3.69e-04	-3.00e-02	0.00	0.00e+00	0.9000	8.33e-15	39
0.610	2.12e-04	0.0	-3.69e-04	-2.00e-02	0.00	0.00e+00	0.9000	8.33e-15	39
0.610	2.12e-04	0.0	-3.69e-04	-1.00e-02	0.00	0.00e+00	0.9000	8.33e-15	39
0.610	2.12e-04	0.0	-3.69e-04	3.47e-18	0.00	0.00e+00	0.9000	8.33e-15	39
0.610	2.12e-04	0.0	-3.69e-04	1.00e-02	0.00	0.00e+00	0.9000	8.33e-15	39
0.610	2.12e-04	0.0	-3.69e-04	2.00e-02	0.00	0.00e+00	0.9000	8.33e-15	39
0.610	2.12e-04	0.0	-3.69e-04	3.00e-02	0.00	0.00e+00	0.9000	8.33e-15	39
0.610	2.12e-04	0.0	-3.69e-04	4.00e-02	0.00	0.00e+00	0.9000	8.33e-15	39
0.600	1.75e-04	0.0	-4.87e-04	-5.00e-02	0.00	0.00e+00	0.9000	8.33e-15	40
0.600	1.75e-04	0.0	-4.87e-04	-4.00e-02	0.00	0.00e+00	0.9000	8.33e-15	40
0.600	1.75e-04	0.0	-4.87e-04	-3.00e-02	0.00	0.00e+00	0.9000	8.33e-15	40
0.600	1.75e-04	0.0	-4.87e-04	-2.00e-02	0.00	0.00e+00	0.9000	8.33e-15	40
0.600	1.75e-04	0.0	-4.87e-04	-1.00e-02	0.00	0.00e+00	0.9000	8.33e-15	40
0.600	1.75e-04	0.0	-4.87e-04	3.47e-18	0.00	0.00e+00	0.9000	8.33e-15	40
0.600	1.75e-04	0.0	-4.87e-04	1.00e-02	0.00	0.00e+00	0.9000	8.33e-15	40
0.600	1.75e-04	0.0	-4.87e-04	2.00e-02	0.00	0.00e+00	0.9000	8.33e-15	40
0.600	1.75e-04	0.0	-4.87e-04	3.00e-02	0.00	0.00e+00	0.9000	8.33e-15	40
0.600	1.75e-04	0.0	-4.87e-04	4.00e-02	0.00	0.00e+00	0.9000	8.33e-15	40
0.590	1.26e-04	0.0	-6.07e-04	-5.00e-02	0.00	0.00e+00	0.9000	8.33e-15	41
0.590	1.26e-04	0.0	-6.07e-04	-4.00e-02	0.00	0.00e+00	0.9000	8.33e-15	41
0.590	1.26e-04	0.0	-6.07e-04	-3.00e-02	0.00	0.00e+00	0.9000	8.33e-15	41
0.590	1.26e-04	0.0	-6.07e-04	-2.00e-02	0.00	0.00e+00	0.9000	8.33e-15	41
0.590	1.26e-04	0.0	-6.07e-04	-1.00e-02	0.00	0.00e+00	0.9000	8.33e-15	41
0.590	1.26e-04	0.0	-6.07e-04	3.47e-18	0.00	0.00e+00	0.9000	8.33e-15	41
0.590	1.26e-04	0.0	-6.07e-04	1.00e-02	0.00	0.00e+00	0.9000	8.33e-15	41
0.590	1.26e-04	0.0	-6.07e-04	2.00e-02	0.00	0.00e+00	0.9000	8.33e-15	41
0.590	1.26e-04	0.0	-6.07e-04	3.00e-02	0.00	0.00e+00	0.9000	8.33e-15	41
0.590	1.26e-04	0.0	-6.07e-04	4.00e-02	0.00	0.00e+00	0.9000	8.33e-15	41
0.580	6.54e-05	0.0	-7.25e-04	-5.00e-02	0.00	0.00e+00	0.9000	8.33e-15	42
0.580	6.54e-05	0.0	-7.25e-04	-4.00e-02	0.00	0.00e+00	0.9000	8.33e-15	42
0.580	6.54e-05	0.0	-7.25e-04	-3.00e-02	0.00	0.00e+00	0.9000	8.33e-15	42
0.580	6.54e-05	0.0	-7.25e-04	-2.00e-02	0.00	0.00e+00	0.9000	8.33e-15	42
0.580	6.54e-05	0.0	-7.25e-04	-1.00e-02	0.00	0.00e+00	0.9000	8.33e-15	42
0.580	6.54e-05	0.0	-7.25e-04	3.47e-18	0.00	0.00e+00	0.9000	8.33e-15	42
0.580	6.54e-05	0.0	-7.25e-04	1.00e-02	0.00	0.00e+00	0.9000	8.33e-15	42
0.580	6.54e-05	0.0	-7.25e-04	2.00e-02	0.00	0.00e+00	0.9000	8.33e-15	42
0.580	6.54e-05	0.0	-7.25e-04	3.00e-02	0.00	0.00e+00	0.9000	8.33e-15	42
0.580	6.54e-05	0.0	-7.25e-04	4.00e-02	0.00	0.00e+00	0.9000	8.33e-15	42
0.570	-7.13e-06	0.0	-8.35e-04	-5.00e-02	0.00	0.00e+00	0.9000	8.33e-15	43
0.570	-7.13e-06	0.0	-8.35e-04	-4.00e-02	0.00	0.00e+00	0.9000	8.33e-15	43
0.570	-7.13e-06	0.0	-8.35e-04	-3.00e-02	0.00	0.00e+00	0.9000	8.33e-15	43
0.570	-7.13e-06	0.0	-8.35e-04	-2.00e-02	0.00	0.00e+00	0.9000	8.33e-15	43
0.570	-7.13e-06	0.0	-8.35e-04	-1.00e-02	0.00	0.00e+00	0.9000	8.33e-15	43
0.570	-7.13e-06	0.0	-8.35e-04	3.47e-18	0.00	0.00e+00	0.9000	8.33e-15	43
0.570	-7.13e-06	0.0	-8.35e-04	1.00e-02	0.00	0.00e+00	0.9000	8.33e-15	43
0.570	-7.13e-06	0.0	-8.35e-04	2.00e-02	0.00	0.00e+00	0.9000	8.33e-15	43
0.570	-7.13e-06	0.0	-8.35e-04	3.00e-02	0.00	0.00e+00	0.9000	8.33e-15	43
0.570	-7.13e-06	0.0	-8.35e-04	4.00e-02	0.00	0.00e+00	0.9000	8.33e-15	43
0.560	-9.06e-05	0.0	-9.31e-04	-5.00e-02	0.00	0.00e+00	0.9000	8.33e-15	44
0.560	-9.06e-05	0.0	-9.31e-04	-4.00e-02	0.00	0.00e+00	0.9000	8.33e-15	44
0.560	-9.06e-05	0.0	-9.31e-04	-3.00e-02	0.00	0.00e+00	0.9000	8.33e-15	44
0.560	-9.06e-05	0.0	-9.31e-04	-2.00e-02	0.00	0.00e+00	0.9000	8.33e-15	44
0.560	-9.06e-05	0.0	-9.31e-04	-1.00e-02	0.00	0.00e+00	0.9000	8.33e-15	44
0.560	-9.06e-05	0.0	-9.31e-04	3.47e-18	0.00	0.00e+00	0.9000	8.33e-15	44
0.560	-9.06e-05	0.0	-9.31e-04	1.00e-02	0.00	0.00e+00	0.9000	8.33e-15	44
0.560	-9.06e-05	0.0	-9.31e-04	2.00e-02	0.00	0.00e+00	0.9000	8.33e-15	44
0.560	-9.06e-05	0.0	-9.31e-04	3.00e-02	0.00	0.00e+00	0.9000	8.33e-15	44
0.560	-9.06e-05	0.0	-9.31e-04	4.00e-02	0.00	0.00e+00	0.9000	8.33e-15	44
0.550	-1.84e-04	0.0	-1.01e-03	-5.00e-02	0.00	0.00e+00	0.9000	8.33e-15	45
0.550	-1.84e-04	0.0	-1.01e-03	-4.00e-02	0.00	0.00e+00	0.9000	8.33e-15	45
0.550	-1.84e-04	0.0	-1.01e-03	-3.00e-02	0.00	0.00e+00	0.9000	8.33e-15	45
0.550	-1.84e-04	0.0	-1.01e-03	-2.00e-02	0.00	0.00e+00	0.9000	8.33e-15	45
0.550	-1.84e-04	0.0	-1.01e-03	-1.00e-02	0.00	0.00e+00	0.9000	8.33e-15	45
0.550	-1.84e-04	0.0	-1.01e-03	3.47e-18	0.00	0.00e+00	0.9000	8.33e-15	45
0.550	-1.84e-04	0.0	-1.01e-03	1.00e-02	0.00	0.00e+00	0.9000	8.33e-15	45
0.550	-1.84e-04	0.0	-1.01e-03	2.00e-02	0.00	0.00e+00	0.9000	8.33e-15	45
0.550	-1.84e-04	0.0	-1.01e-03	3.00e-02	0.00	0.00e+00	0.9000	8.33e-15	45
0.550	-1.84e-04	0.0	-1.01e-03	4.00e-02	0.00	0.00e+00	0.9000	8.33e-15	45
0.540	-2.85e-04	0.0	-1.06e-03	-5.00e-02	0.00	0.00e+00	0.9000	8.33e-15	46
0.540	-2.85e-04	0.0	-1.06e-03	-4.00e-02	0.00	0.00e+00	0.9000	8.33e-15	46
0.540	-2.85e-04	0.0	-1.06e-03	-3.00e-02	0.00	0.00e+00	0.9000	8.33e-15	46
0.540	-2.85e-04	0.0	-1.06e-03	-2.00e-02	0.00	0.00e+00	0.9000	8.33e-15	46
0.540	-2.85e-04	0.0	-1.06e-03	-1.00e-02	0.00	0.00e+00	0.9000	8.33e-15	46
0.540	-2.85e-04	0.0	-1.06e-03	3.47e-18	0.00	0.00e+00	0.9000	8.33e-15	46
0.540	-2.85e-04	0.0	-1.06e-03	1.00e-02	0.00	0.00e+00	0.9000	8.33e-15	46
0.540	-2.85e-04	0.0	-1.06e-03	2.00e-02	0.00	0.00e+00	0.9000	8.33e-15	46
0.540	-2.85e-04	0.0	-1.06e-03	3.00e-02	0.00	0.00e+00	0.9000	8.33e-15	46
0.540	-2.85e-04	0.0	-1.06e-03	4.00e-02	0.00	0.00e+00	0.9000	8.33e-15	46
0.530	-3.90e-04	0.0	-1.08e-03	-5.00e-02	0.00	0.00e+00	0.9000	8.33e-15	47
0.530	-3.90e-04	0.0	-1.08e-03	-4.00e-02	0.00	0.00e+00	0.9000	8.33e-15	47
0.530	-3.90e-04	0.0	-1.08e-03	-3.00e-02	0.00	0.00e+00	0.9000	8.33e-15	47
0.530	-3.90e-04	0.0	-1.08e-03	-2.00e-02	0.00	0.00e+00	0.9000	8.33e-15	47
0.530	-3.90e-04	0.0	-1.08e-03	-1.00e-02	0.00	0.00e+00	0.9000	8.33e-15	47
0.530	-3.90e-04	0.0	-1.08e-03	3.47e-18	0.00	0.00e+00	0.9000	8.33e-15	47
0.530	-3.90e-04	0.0	-1.08e-03	1.00e-02	0.00	0.00e+00	0.9000	8.33e-15	47
0.530	-3.90e-04	0.0	-1.08e-03	2.00e-02	0.00	0.00e+00	0.9000	8.33e-15	47
0.530	-3.90e-04	0.0	-1.08e-03	3.00e-02	0.00	0.00e+00	0.9000	8.33e-15	47
0.530	-3.90e-04	0.0	-1.08e-03	4.00e-02	0.00	0.00e+00	0.9000	8.33e-15	47
0.520	-4.98e-04	0.0	-1.06e-03	-5.00e-02	0.00	0.00e+00	0.9000	8.33e-15	48
0.520	-4.98e-04	0.0	-1.06e-03	-4.00e-02	0.00	0.00e+00	0.9000	8.33e-15	48
0.520	-4.98e-04	0.0	-1.06e-03	-3.00e-02	0.00	0.00e+00	0.9000	8.33e-15	48
0.520	-4.98e-04	0.0	-1.06e-03	-2.00e-02	0.00	0.00e+00	0.9000	8.33e-15	48
0.520	-4.98e-04	0.0	-1.06e-03	-1.00e-02	0.00	0.00e+00	0.9000	8.33e-15	48
0.520	-4.98e-04	0.0	-1.06e-03	3.47e-18	0.00	0.00e+00	0.9000	8.33e-15	48
0.520	-4.98e-04	0.0	-1.06e-03	1.00e-02	0.00	0.00e+00	0.9000	8.33e-15	48
0.520	-4.98e-04	0.0	-1.06e-03	2.00e-02	0.00	0.00e+00	0.9000	8.33e-15	48
0.520	-4.98e-04	0.0	-1.06e-03	3.00e-02	0.00	0.00e+00	0.9000	8.33e-15	48
0.520	-4.98e-04	0.0	-1.06e-03	4.00e-02	0.00	0.00e+00	0.9000	8.33e-15	48
0.510	-6.05e-04	0.0	-1.00e-03	-5.00e-02	0.00	0.00e+00	0.9000	8.33e-15	49
0.510	-6.05e-04	0.0	-1.00e-03	-4.00e-02	0.00	0.00e+00	0.9000	8.33e-15	49
0.510	-6.05e-04	0.0	-1.00e-03	-3.00e-02	0.00	0.00e+00	0.9000	8.33e-15	49
0.510	-6.05e-04	0.0	-1.00e-03	-2.00e-02	0.00	0.00e+00	0.9000	8.33e-15	49
0.510	-6.05e-04	0.0	-1.00e-03	-1.00e-02	0.00	0.00e+00	0.9000	8.33e-15	49
0.510	-6.05e-04	0.0	-1.00e-03	3.47e-18	0.00	0.00e+00	0.9000	8.33e-15	49
0.510	-6.05e-04	0.0	-1.00e-03	1.00e-02	0.00	0.00e+00	0.9000	8.33e-15	49
0.510	-6.05e-04	0.0	-1.00e-03	2.00e-02	0.00	0.00e+00	0.9000	8.33e-15	49
0.510	-6.05e-04	0.0	-1.00e-03	3.00e-02	0.00	0.00e+00	0.9000	8.33e-15	49
0.510	-6.05e-04	0.0	-1.00e-03	4.00e-02	0.00	0.00e+00	0.9000	8.33e-15	49
0.500	-7.05e-04	0.0	-9.01e-04	-5.00e-02	0.00	0.00e+00	0.9000	8.33e-15	50
0.500	-7.05e-04	0.0	-9.01e-04	-4.00e-02	0.00	0.00e+00	0.9000	8.33e-15	50
0.500	-7.05e-04	0.0	-9.01e-04	-3.00e-02	0.00	0.00e+00	0.9000	8.33e-15	50
0.500	-7.05e-04	0.0	-9.01e-04	-2.00e-02	0.00	0.00e+00	0.9000	8.33e-15	50
0.500	-7.05e-04	0.0	-9.01e-04	-1.00e-02	0.00	0.00e+00	0.9000	8.33e-15	50
0.500	-7.05e-04	0.0	-9.01e-04	3.47e-18	0.00	0.00e+00	0.9000	8.33e-15	50
0.500	-7.05e-04	0.0	-9.01e-04	1.00e-02	0.00	0.00e+00	0.9000	8.33e-15	50
0.500	-7.05e-04	0.0	-9.01e-04	2.00e-02	0.00	0.00e+00	0.9000	8.33e-15	50
0.500	-7.05e-04	0.0	-9.01e-04	3.00e-02	0.00	0.00e+00	0.9000	8.33e-15	50
0.500	-7.05e-04	0.0	-9.01e-04	4.00e-02	0.00	0.00e+00	0.9000	8.33e-15	50
0.490	-7.95e-04	0.0	-7.49e-04	-5.00e-02	0.00	0.00e+00	0.9000	8.33e-15	51
0.490	-7.95e-04	0.0	-7.49e-04	-4.00e-02	0.00	0.00e+00	0.9000	8.33e-15	51
0.490	-7.95e-04	0.0	-7.49e-04	-3.00e-02	0.00	0.00e+00	0.9000	8.33e-15	51
0.490	-7.95e-04	0.0	-7.49e-04	-2.00e-02	0.00	0.00e+00	0.9000	8.33e-15	51
0.490	-7.95e-04	0.0	-7.49e-04	-1.00e-02	0.00	0.00e+00	0.9000	8.33e-15	51
0.490	-7.95e-04	0.0	-7.49e-04	3.47e-18	0.00	0.00e+00	0.9000	8.33e-15	51
0.490	-7.95e-04	0.0	-7.49e-04	1.00e-02	0.00	0.00e+00	0.9000	8.33e-15	51
0.490	-7.95e-04	0.0	-7.49e-04	2.00e-02	0.00	0.00e+00	0.9000	8.33e-15	51
0.490	-7.95e-04	0.0	-7.49e-04	3.00e-02	0.00	0.00e+00	0.9000	8.33e-15	51
0.490	-7.95e-04	0.0	-7.49e-04	4.00e-02	0.00	0.00e+00	0.9000	8.33e-15	51
0.480	-8.70e-04	0.0	-5.49e-04	-5.00e-02	0.00	0.00e+00	0.9000	8.33e-15	52
0.480	-8.70e-04	0.0	-5.49e-04	-4.00e-02	0.00	0.00e+00	0.9000	8.33e-15	52
0.480	-8.70e-04	0.0	-5.49e-04	-3.00e-02	0.00	0.00e+00	0.9000	8.33e-15	52
0.480	-8.70e-04	0.0	-5.49e-04	-2.00e-02	0.00	0.00e+00	0.9000	8.33e-15	52
0.480	-8.70e-04	0.0	-5.49e-04	-1.00e-02	0.00	0.00e+00	0.9000	8.33e-15	52
0.480	-8.70e-04	0.0	-5.49e-04	3.47e-18	0.00	0.00e+00	0.9000	8.33e-15	52
0.480	-8.70e-04	0.0	-5.49e-04	1.00e-02	0.00	0.00e+00	0.9000	8.33e-15	52
0.480	-8.70e-04	0.0	-5.49e-04	2.00e-02	0.00	0.00e+00	0.9000	8.33e-15	52
0.480	-8.70e-04	0.0	-5.49e-04	3.00e-02	0.00	0.00e+00	0.9000	8.33e-15	52
0.480	-8.70e-04	0.0	-5.49e-04	4.00e-02	0.00	0.00e+00	0.9000	8.33e-15	52
0.470	-9.25e-04	0.0	-3.02e-04	-5.00e-02	0.00	0.00e+00	0.9000	8.33e-15	53
0.470	-9.25e-04	0.0	-3.02e-04	-4.00e-02	0.00	0.00e+00	0.9000	8.33e-15	53
0.470	-9.25e-04	0.0	-3.02e-04	-3.00e-02	0.00	0.00e+00	0.9000	8.33e-15	53
0.470	-9.25e-04	0.0	-3.02e-04	-2.00e-02	0.00	0.00e+00	0.9000	8.33e-15	53
0.470	-9.25e-04	0.0	-3.02e-04	-1.00e-02	0.00	0.00e+00	0.9000	8.33e-15	53
0.470	-9.25e-04	0.0	-3.02e-04	3.47e-18	0.00	0.00e+00	0.9000	8.33e-15	53
0.470	-9.25e-04	0.0	-3.02e-04	1.00e-02	0.00	0.00e+00	0.9000	8.33e-15	53
0.470	-9.25e-04	0.0	-3.02e-04	2.00e-02	0.00	0.00e+00	0.9000	8.33e-15	53
0.470	-9.25e-04	0.0	-3.02e-04	3.00e-02	0.00	0.00e+00	0.9000	8.33e-15	53
0.470	-9.25e-04	0.0	-3.02e-04	4.00e-02	0.00	0.00e+00	0.9000	8.33e-15	53
0.460	-9.55e-04	0.0	-9.01e-06	-5.00e-02	0.00	0.00e+00	0.9000	8.33e-15	54
0.460	-9.55e-04	0.0	-9.01e-06	-4.00e-02	0.00	0.00e+00	0.9000	8.33e-15	54
0.460	-9.55e-04	0.0	-9.01e-06	-3.00e-02	0.00	0.00e+00	0.9000	8.33e-15	54
0.460	-9.55e-04	0.0	-9.01e-06	-2.00e-02	0.00	0.00e+00	0.9000	8.33e-15	54
0.460	-9.55e-04	0.0	-9.01e-06	-1.00e-02	0.00	0.00e+00	0.9000	8.33e-15	54
0.460	-9.55e-04	0.0	-9.01e-06	3.47e-18	0.00	0.00e+00	0.9000	8.33e-15	54
0.460	-9.55e-04	0.0	-9.01e-06	1.00e-02	0.00	0.00e+00	0.9000	8.33e-15	54
0.460	-9.55e-04	0.0	-9.01e-06	2.00e-02	0.00	0.00e+00	0.9000	8.33e-15	54
0.460	-9.55e-04	0.0	-9.01e-06	3.00e-02	0.00	0.00e+00	0.9000	8.33e-15	54
0.460	-9.55e-04	0.0	-9.01e-06	4.00e-02	0.00	0.00e+00	0.9000	8.33e-15	54
0.450	-9.56e-04	0.0	3.23e-04	-5.00e-02	0.00	0.00e+00	0.9000	8.33e-15	55
0.450	-9.56e-04	0.0	3.23e-04	-4.00e-02	0.00	0.00e+00	0.9000	8.33e-15	55
0.450	-9.56e-04	0.0	3.23e-04	-3.00e-02	0.00	0.00e+00	0.9000	8.33e-15	55
0.450	-9.56e-04	0.0	3.23e-04	-2.00e-02	0.00	0.00e+00	0.9000	8.33e-15	55
0.450	-9.56e-04	0.0	3.23e-04	-1.00e-02	0.00	0.00e+00	0.9000	8.33e-15	55
0.450	-9.56e-04	0.0	3.23e-04	3.47e-18	0.00	0.00e+00	0.9000	8.33e-15	55
0.450	-9.56e-04	0.0	3.23e-04	1.00e-02	0.00	0.00e+00	0.9000	8.33e-15	55
0.450	-9.56e-04	0.0	3.23e-04	2.00e-02	0.00	0.00e+00	0.9000	8.33e-15	55
0.450	-9.56e-04	0.0	3.23e-04	3.00e-02	0.00	0.00e+00	0.9000	8.33e-15	55
0.450	-9.56e-04	0.0	3.23e-04	4.00e-02	0.00	0.00e+00	0.9000	8.33e-15	55
0.440	-9.24e-04	0.0	6.88e-04	-5.00e-02	0.00	0.00e+00	0.9000	8.33e-15	56
0.440	-9.24e-04	0.0	6.88e-04	-4.00e-02	0.00	0.00e+00	0.9000	8.33e-15	56
0.440	-9.24e-04	0.0	6.88e-04	-3.00e-02	0.00	0.00e+00	0.9000	8.33e-15	56
0.440	-9.24e-04	0.0	6.88e-04	-2.00e-02	0.00	0.00e+00	0.9000	8.33e-15	56
0.440	-9.24e-04	0.0	6.88e-04	-1.00e-02	0.00	0.00e+00	0.9000	8.33e-15	56
0.440	-9.24e-04	0.0	6.88e-04	3.47e-18	0.00	0.00e+00	0.9000	8.33e-15	56
0.440	-9.24e-04	0.0	6.88e-04	1.00e-02	0.00	0.00e+00	0.9000	8.33e-15	56
0.440	-9.24e-04	0.0	6.88e-04	2.00e-02	0.00	0.00e+00	0.9000	8.33e-15	56
0.440	-9.24e-04	0.0	6.88e-04	3.00e-02	0.00	0.00e+00	0.9000	8.33e-15	56
0.440	-9.24e-04	0.0	6.88e-04	4.00e-02	0.00	0.00e+00	0.9000	8.33e-15	56
0.430	-8.55e-04	0.0	1.08e-03	-5.00e-02	0.00	0.00e+00	0.9000	8.33e-15	57
0.430	-8.55e-04	0.0	1.08e-03	-4.00e-02	0.00	0.00e+00	0.9000	8.33e-15	57
0.430	-8.55e-04	0.0	1.08e-03	-3.00e-02	0.00	0.00e+00	0.9000	8.33e-15	57
0.430	-8.55e-04	0.0	1.08e-03	-2.00e-02	0.00	0.00e+00	0.9000	8.33e-15	57
0.430	-8.55e-04	0.0	1.08e-03	-1.00e-02	0.00	0.00e+00	0.9000	8.33e-15	57
0.430	-8.55e-04	0.0	1.08e-03	3.47e-18	0.00	0.00e+00	0.9000	8.33e-15	57
0.430	-8.55e-04	0.0	1.08e-03	1.00e-02	0.00	0.00e+00	0.9000	8.33e-15	57
0.430	-8.55e-04	0.0	1.08e-03	2.00e-02	0.00	0.00e+00	0.9000	8.33e-15	57
0.430	-8.55e-04	0.0	1.08e-03	3.00e-02	0.00	0.00e+00	0.9000	8.33e-15	57
0.430	-8.55e-04	0.0	1.08e-03	4.00e-02	0.00	0.00e+00	0.9000	8.33e-15	57
0.420	-7.47e-04	0.0	1.48e-03	-5.00e-02	0.00	0.00e+00	0.9000	8.33e-15	58
0.420	-7.47e-04	0.0	1.48e-03	-4.00e-02	0.00	0.00e+00	0.9000	8.33e-15	58
0.420	-7.47e-04	0.0	1.48e-03	-3.00e-02	0.00	0.00e+00	0.9000	8.33e-15	58
0.420	-7.47e-04	0.0	1.48e-03	-2.00e-02	0.00	0.00e+00	0.9000	8.33e-15	58
0.420	-7.47e-04	0.0	1.48e-03	-1.00e-02	0.00	0.00e+00	0.9000	8.33e-15	58
0.420	-7.47e-04	0.0	1.48e-03	3.47e-18	0.00	0.00e+00	0.9000	8.33e-15	58
0.420	-7.47e-04	0.0	1.48e-03	1.00e-02	0.00	0.00e+00	0.9000	8.33e-15	58
0.420	-7.47e-04	0.0	1.48e-03	2.00e-02	0.00	0.00e+00	0.9000	8.33e-15	58
0.420	-7.47e-04	0.0	1.48e-03	3.00e-02	0.00	0.00e+00	0.9000	8.33e-15	58
0.420	-7.47e-04	0.0	1.48e-03	4.00e-02	0.00	0.00e+00	0.9000	8.33e-15	58
0.410	-6.00e-04	0.0	1.88e-03	-5.00e-02	0.00	0.00e+00	0.9000	8.33e-15	59
0.410	-6.00e-04	0.0	1.88e-03	-4.00e-02	0.00	0.00e+00	0.9000	8.33e-15	59
0.410	-6.00e-04	0.0	1.88e-03	-3.00e-02	0.00	0.00e+00	0.9000	8.33e-15	59
0.410	-6.00e-04	0.0	1.88e-03	-2.00e-02	0.00	0.00e+00	0.9000	8.33e-15	59
0.410	-6.00e-04	0.0	1.88e-03	-1.00e-02	0.00	0.00e+00	0.9000	8.33e-15	59
0.410	-6.00e-04	0.0	1.88e-03	3.47e-18	0.00	0.00e+00	0.9000	8.33e-15	59
0.410	-6.00e-04	0.0	1.88e-03	1.00e-02	0.00	0.00e+00	0.9000	8.33e-15	59
0.410	-6.00e-04	0.0	1.88e-03	2.00e-02	0.00	0.00e+00	0.9000	8.33e-15	59
0.410	-6.00e-04	0.0	1.88e-03	3.00e-02	0.00	0.00e+00	0.9000	8.33e-15	59
0.410	-6.00e-04	0.0	1.88e-03	4.00e-02	0.00	0.00e+00	0.9000	8.33e-15	59
0.400	-4.12e-04	0.0	2.26e-03	-5.00e-02	0.00	0.00e+00	0.9000	8.33e-15	60
0.400	-4.12e-04	0.0	2.26e-03	-4.00e-02	0.00	0.00e+00	0.9000	8.33e-15	60
0.400	-4.12e-04	0.0	2.26e-03	-3.00e-02	0.00	0.00e+00	0.9000	8.33e-15	60
0.400	-4.12e-04	0.0	2.26e-03	-2.00e-02	0.00	0.00e+00	0.9000	8.33e-15	60
0.400	-4.12e-04	0.0	2.26e-03	-1.00e-02	0.00	0.00e+00	0.9000	8.33e-15	60
0.400	-4.12e-04	0.0	2.26e-03	3.47e-18	0.00	0.00e+00	0.9000	8.33e-15	60
0.400	-4.12e-04	0.0	2.26e-03	1.00e-02	0.00	0.00e+00	0.9000	8.33e-15	60
0.400	-4.12e-04	0.0	2.26e-03	2.00e-02	0.00	0.00e+00	0.9000	8.33e-15	60
0.400	-4.12e-04	0.0	2.26e-03	3.00e-02	0.00	0.00e+00	0.9000	8.33e-15	60
0.400	-4.12e-04	0.0	2.26e-03	4.00e-02	0.00	0.00e+00	0.9000	8.33e-15	60
0.390	-1.87e-04	0.0	2.61e-03	-5.00e-02	0.00	0.00e+00	0.9000	8.33e-15	61
0.390	-1.87e-04	0.0	2.61e-03	-4.00e-02	0.00	0.00e+00	0.9000	8.33e-15	61
0.390	-1.87e-04	0.0	2.61e-03	-3.00e-02	0.00	0.00e+00	0.9000	8.33e-15	61
0.390	-1.87e-04	0.0	2.61e-03	-2.00e-02	0.00	0.00e+00	0.9000	8.33e-15	61
0.390	-1.87e-04	0.0	2.61e-03	-1.00e-02	0.00	0.00e+00	0.9000	8.33e-15	61
0.390	-1.87e-04	0.0	2.61e-03	3.47e-18	0.00	0.00e+00	0.9000	8.33e-15	61
0.390	-1.87e-04	0.0	2.61e-03	1.00e-02	0.00	0.00e+00	0.9000	8.33e-15	61
0.390	-1.87e-04	0.0	2.61e-03	2.00e-02	0.00	0.00e+00	0.9000	8.33e-15	61
0.390	-1.87e-04	0.0	2.61e-03	3.00e-02	0.00	0.00e+00	0.9000	8.33e-15	61
0.390	-1.87e-04	0.0	2.61e-03	4.00e-02	0.00	0.00e+00	0.9000	8.33e-15	61
0.380	7.44e-05	0.0	2.91e-03	-5.00e-02	0.00	0.00e+00	0.9000	8.33e-15	62
0.380	7.44e-05	0.0	2.91e-03	-4.00e-02	0.00	0.00e+00	0.9000	8.33e-15	62
0.380	7.44e-05	0.0	2.91e-03	-3.00e-02	0.00	0.00e+00	0.9000	8.33e-15	62
0.380	7.44e-05	0.0	2.91e-03	-2.00e-02	0.00	0.00e+00	0.9000	8.33e-15	62
0.380	7.44e-05	0.0	2.91e-03	-1.00e-02	0.00	0.00e+00	0.9000	8.33e-15	62
0.380	7.44e-05	0.0	2.91e-03	3.47e-18	0.00	0.00e+00	0.9000	8.33e-15	62
0.380	7.44e-05	0.0	2.91e-03	1.00e-02	0.00	0.00e+00	0.9000	8.33e-15	62
0.380	7.44e-05	0.0	2.91e-03	2.00e-02	0.00	0.00e+00	0.9000	8.33e-15	62
0.380	7.44e-05	0.0	2.91e-03	3.00e-02	0.00	0.00e+00	0.9000	8.33e-15	62
0.380	7.44e-05	0.0	2.91e-03	4.00e-02	0.00	0.00e+00	0.9000	8.33e-15	62
0.370	3.66e-04	0.0	3.15e-03	-5.00e-02	0.00	0.00e+00	0.9000	8.33e-15	63
0.370	3.66e-04	0.0	3.15e-03	-4.00e-02	0.00	0.00e+00	0.9000	8.33e-15	63
0.370	3.66e-04	0.0	3.15e-03	-3.00e-02	0.00	0.00e+00	0.9000	8.33e-15	63
0.370	3.66e-04	0.0	3.15e-03	-2.00e-02	0.00	0.00e+00	0.9000	8.33e-15	63
0.370	3.66e-04	0.0	3.15e-03	-1.00e-02	0.00	0.00e+00	0.9000	8.33e-15	63
0.370	3.66e-04	0.0	3.15e-03	3.47e-18	0.00	0.00e+00	0.9000	8.33e-15	63
0.370	3.66e-04	0.0	3.15e-03	1.00e-02	0.00	0.00e+00	0.9000	8.33e-15	63
0.370	3.66e-04	0.0	3.15e-03	2.00e-02	0.00	0.00e+00	0.9000	8.33e-15	63
0.370	3.66e-04	0.0	3.15e-03	3.00e-02	0.00	0.00e+00	0.9000	8.33e-15	63
0.370	3.66e-04	0.0	3.15e-03	4.00e-02	0.00	0.00e+00	0.9000	8.33e-15	63
0.360	6.81e-04	0.0	3.31e-03	-5.00e-02	0.00	0.00e+00	0.9000	8.33e-15	64
0.360	6.81e-04	0.0	3.31e-03	-4.00e-02	0.00	0.00e+00	0.9000	8.33e-15	64
0.360	6.81e-04	0.0	3.31e-03	-3.00e-02	0.00	0.00e+00	0.9000	8.33e-15	64
0.360	6.81e-04	0.0	3.31e-03	-2.00e-02	0.00	0.00e+00	0.9000	8.33e-15	64
0.360	6.81e-04	0.0	3.31e-03	-1.00e-02	0.00	0.00e+00	0.9000	8.33e-15	64
0.360	6.81e-04	0.0	3.31e-03	3.47e-18	0.00	0.00e+00	0.9000	8.33e-15	64
0.360	6.81e-04	0.0	3.31e-03	1.00e-02	0.00	0.00e+00	0.9000	8.33e-15	64
0.360	6.81e-04	0.0	3.31e-03	2.00e-02	0.00	0.00e+00	0.9000	8.33e-15	64
0.360	6.81e-04	0.0	3.31e-03	3.00e-02	0.00	0.00e+00	0.9000	8.33e-15	64
0.360	6.81e-04	0.0	3.31e-03	4.00e-02	0.00	0.00e+00	0.9000	8.33e-15	64
0.350	1.01e-03	0.0	3.37e-03	-5.00e-02	0.00	0.00e+00	0.9000	8.33e-15	65
0.350	1.01e-03	0.0	3.37e-03	-4.00e-02	0.00	0.00e+00	0.9000	8.33e-15	65
0.350	1.01e-03	0.0	3.37e-03	-3.00e-02	0.00	0.00e+00	0.9000	8.33e-15	65
0.350	1.01e-03	0.0	3.37e-03	-2.00e-02	0.00	0.00e+00	0.9000	8.33e-15	65
0.350	1.01e-03	0.0	3.37e-03	-1.00e-02	0.00	0.00e+00	0.9000	8.33e-15	65
0.350	1.01e-03	0.0	3.37e-03	3.47e-18	0.00	0.00e+00	0.9000	8.33e-15	65
0.350	1.01e-03	0.0	3.37e-03	1.00e-02	0.00	0.00e+00	0.9000	8.33e-15	65
0.350	1.01e-03	0.0	3.37e-03	2.00e-02	0.00	0.00e+00	0.9000	8.33e-15	65
0.350	1.01e-03	0.0	3.37e-03	3.00e-02	0.00	0.00e+00	0.9000	8.33e-15	65
0.350	1.01e-03	0.0	3.37e-03	4.00e-02	0.00	0.00e+00	0.9000	8.33e-15	65
0.340	1.35e-03	0.0	3.33e-03	-5.00e-02	0.00	0.00e+00	0.9000	8.33e-15	66
0.340	1.35e-03	0.0	3.33e-03	-4.00e-02	0.00	0.00e+00	0.9000	8.33e-15	66
0.340	1.35e-03	0.0	3.33e-03	-3.00e-02	0.00	0.00e+00	0.9000	8.33e-15	66
0.340	1.35e-03	0.0	3.33e-03	-2.00e-02	0.00	0.00e+00	0.9000	8.33e-15	66
0.340	1.35e-03	0.0	3.33e-03	-1.00e-02	0.00	0.00e+00	0.9000	8.33e-15	66
0.340	1.35e-03	0.0	3.33e-03	3.47e-18	0.00	0.00e+00	0.9000	8.33e-15	66
0.340	1.35e-03	0.0	3.33e-03	1.00e-02	0.00	0.00e+00	0.9000	8.33e-15	66
0.340	1.35e-03	0.0	3.33e-03	2.00e-02	0.00	0.00e+00	0.9000	8.33e-15	66
0.340	1.35e-03	0.0	3.33e-03	3.00e-02	0.00	0.00e+00	0.9000	8.33e-15	66
0.340	1.35e-03	0.0	3.33e-03	4.00e-02	0.00	0.00e+00	0.9000	8.33e-15	66
0.330	1.68e-03	0.0	3.17e-03	-5.00e-02	0.00	0.00e+00	0.9000	8.33e-15	67
0.330	1.68e-03	0.0	3.17e-03	-4.00e-02	0.00	0.00e+00	0.9000	8.33e-15	67
0.330	1.68e-03	0.0	3.17e-03	-3.00e-02	0.00	0.00e+00	0.9000	8.33e-15	67
0.330	1.68e-03	0.0	3.17e-03	-2.00e-02	0.00	0.00e+00	0.9000	8.33e-15	67
0.330	1.68e-03	0.0	3.17e-03	-1.00e-02	0.00	0.00e+00	0.9000	8.33e-15	67
0.330	1.68e-03	0.0	3.17e-03	3.47e-18	0.00	0.00e+00	0.9000	8.33e-15	67
0.330	1.68e-03	0.0	3.17e-03	1.00e-02	0.00	0.00e+00	0.9000	8.33e-15	67
0.330	1.68e-03	0.0	3.17e-03	2.00e-02	0.00	0.00e+00	0.9000	8.33e-15	67
0.330	1.68e-03	0.0	3.17e-03	3.00e-02	0.00	0.00e+00	0.9000	8.33e-15	67
0.330	1.68e-03	0.0	3.17e-03	4.00e-02	0.00	0.00e+00	0.9000	8.33e-15	67
0.320	2.00e-03	0.0	2.88e-03	-5.00e-02	0.00	0.00e+00	0.9000	8.33e-15	68
0.320	2.00e-03	0.0	2.88e-03	-4.00e-02	0.00	0.00e+00	0.9000	8.33e-15	68
0.320	2.00e-03	0.0	2.88e-03	-3.00e-02	0.00	0.00e+00	0.9000	8.33e-15	68
0.320	2.00e-03	0.0	2.88e-03	-2.00e-02	0.00	0.00e+00	0.9000	8.33e-15	68
0.320	2.00e-03	0.0	2.88e-03	-1.00e-02	0.00	0.00e+00	0.9000	8.33e-15	68
0.320	2.00e-03	0.0	2.88e-03	3.47e-18	0.00	0.00e+00	0.9000	8.33e-15	68
0.320	2.00e-03	0.0	2.88e-03	1.00e-02	0.00	0.00e+00	0.9000	8.33e-15	68
0.320	2.00e-03	0.0	2.88e-03	2.00e-02	0.00	0.00e+00	0.9000	8.33e-15	68
0.320	2.00e-03	0.0	2.88e-03	3.00e-02	0.00	0.00e+00	0.9000	8.33e-15	68
0.320	2.00e-03	0.0	2.88e-03	4.00e-02	0.00	0.00e+00	0.9000	8.33e-15	68
0.310	2.29e-03	0.0	2.46e-03	-5.00e-02	0.00	0.00e+00	0.9000	8.33e-15	69
0.310	2.29e-03	0.0	2.46e-03	-4.00e-02	0.00	0.00e+00	0.9000	8.33e-15	69
0.310	2.29e-03	0.0	2.46e-03	-3.00e-02	0.00	0.00e+00	0.9000	8.33e-15	69
0.310	2.29e-03	0.0	2.46e-03	-2.00e-02	0.00	0.00e+00	0.9000	8.33e-15	69
0.310	2.29e-03	0.0	2.46e-03	-1.00e-02	0.00	0.00e+00	0.9000	8.33e-15	69
0.310	2.29e-03	0.0	2.46e-03	3.47e-18	0.00	0.00e+00	0.9000	8.33e-15	69
0.310	2.29e-03	0.0	2.46e-03	1.00e-02	0.00	0.00e+00	0.9000	8.33e-15	69
0.310	2.29e-03	0.0	2.46e-03	2.00e-02	0.00	0.00e+00	0.9000	8.33e-15	69
0.310	2.29e-03	0.0	2.46e-03	3.00e-02	0.00	0.00e+00	0.9000	8.33e-15	69
0.310	2.29e-03	0.0	2.46e-03	4.00e-02	0.00	0.00e+00	0.9000	8.33e-15	69
0.300	2.53e-03	0.0	1.92e-03	-5.00e-02	0.00	0.00e+00	0.9000	8.33e-15	70
0.300	2.53e-03	0.0	1.92e-03	-4.00e-02	0.00	0.00e+00	0.9000	8.33e-15	70
0.300	2.53e-03	0.0	1.92e-03	-3.00e-02	0.00	0.00e+00	0.9000	8.33e-15	70
0.300	2.53e-03	0.0	1.92e-03	-2.00e-02	0.00	0.00e+00	0.9000	8.33e-15	70
0.300	2.53e-03	0.0	1.92e-03	-1.00e-02	0.00	0.00e+00	0.9000	8.33e-15	70
0.300	2.53e-03	0.0	1.92e-03	3.47e-18	0.00	0.00e+00	0.9000	8.33e-15	70
0.300	2.53e-03	0.0	1.92e-03	1.00e-02	0.00	0.00e+00	0.9000	8.33e-15	70
0.300	2.53e-03	0.0	1.92e-03	2.00e-02	0.00	0.00e+00	0.9000	8.33e-15	70
0.300	2.53e-03	0.0	1.92e-03	3.00e-02	0.00	0.00e+00	0.9000	8.33e-15	70
0.300	2.53e-03	0.0	1.92e-03	4.00e-02	0.00	0.00e+00	0.9000	8.33e-15	70
0.290	2.73e-03	0.0	1.25e-03	-5.00e-02	0.00	0.00e+00	0.9000	8.33e-15	71
0.290	2.73e-03	0.0	1.25e-03	-4.00e-02	0.00	0.00e+00	0.9000	8.33e-15	71
0.290	2.73e-03	0.0	1.25e-03	-3.00e-02	0.00	0.00e+00	0.9000	8.33e-15	71
0.290	2.73e-03	0.0	1.25e-03	-2.00e-02	0.00	0.00e+00	0.9000	8.33e-15	71
0.290	2.73e-03	0.0	1.25e-03	-1.00e-02	0.00	0.00e+00	0.9000	8.33e-15	71
0.290	2.73e-03	0.0	1.25e-03	3.47e-18	0.00	0.00e+00	0.9000	8.33e-15	71
0.290	2.73e-03	0.0	1.25e-03	1.00e-02	0.00	0.00e+00	0.9000	8.33e-15	71
0.290	2.73e-03	0.0	1.25e-03	2.00e-02	0.00	0.00e+00	0.9000	8.33e-15	71
0.290	2.73e-03	0.0	1.25e-03	3.00e-02	0.00	0.00e+00	0.9000	8.33e-15	71
0.290	2.73e-03	0.0	1.25e-03	4.00e-02	0.00	0.00e+00	0.9000	8.33e-15	71
0.280	2.85e-03	0.0	4.72e-04	-5.00e-02	0.00	0.00e+00	0.9000	8.33e-15	72
0.280	2.85e-03	0.0	4.72e-04	-4.00e-02	0.00	0.00e+00	0.9000	8.33e-15	72
0.280	2.85e-03	0.0	4.72e-04	-3.00e-02	0.00	0.00e+00	0.9000	8.33e-15	72
0.280	2.85e-03	0.0	4.72e-04	-2.00e-02	0.00	0.00e+00	0.9000	8.33e-15	72
0.280	2.85e-03	0.0	4.72e-04	-1.00e-02	0.00	0.00e+00	0.9000	8.33e-15	72
0.280	2.85e-03	0.0	4.72e-04	3.47e-18	0.00	0.00e+00	0.9000	8.33e-15	72
0.280	2.85e-03	0.0	4.72e-04	1.00e-02	0.00	0.00e+00	0.9000	8.33e-15	72
0.280	2.85e-03	0.0	4.72e-04	2.00e-02	0.00	0.00e+00	0.9000	8.33e-15	72
0.280	2.85e-03	0.0	4.72e-04	3.00e-02	0.00	0.00e+00	0.9000	8.33e-15	72
0.280	2.85e-03	0.0	4.72e-04	4.00e-02	0.00	0.00e+00	0.9000	8.33e-15	72
0.270	2.90e-03	0.0	-4.06e-04	-5.00e-02	0.00	0.00e+00	0.9000	8.33e-15	73
0.270	2.90e-03	0.0	-4.06e-04	-4.00e-02	0.00	0.00e+00	0.9000	8.33e-15	73
0.270	2.90e-03	0.0	-4.06e-04	-3.00e-02	0.00	0.00e+00	0.9000	8.33e-15	73
0.270	2.90e-03	0.0	-4.06e-04	-2.00e-02	0.00	0.00e+00	0.9000	8.33e-15	73
0.270	2.90e-03	0.0	-4.06e-04	-1.00e-02	0.00	0.00e+00	0.9000	8.33e-15	73
0.270	2.90e-03	0.0	-4.06e-04	3.47e-18	0.00	0.00e+00	0.9000	8.33e-15	73
0.270	2.90e-03	0.0	-4.06e-04	1.00e-02	0.00	0.00e+00	0.9000	8.33e-15	73
0.270	2.90e-03	0.0	-4.06e-04	2.00e-02	0.00	0.00e+00	0.9000	8.33e-15	73
0.270	2.90e-03	0.0	-4.06e-04	3.00e-02	0.00	0.00e+00	0.9000	8.33e-15	73
0.270	2.90e-03	0.0	-4.06e-04	4.00e-02	0.00	0.00e+00	0.9000	8.33e-15	73
0.260	2.86e-03	0.0	-1.36e-03	-5.00e-02	0.00	0.00e+00	0.9000	8.33e-15	74
0.260	2.86e-03	0.0	-1.36e-03	-4.00e-02	0.00	0.00e+00	0.9000	8.33e-15	74
0.260	2.86e-03	0.0	-1.36e-03	-3.00e-02	0.00	0.00e+00	0.9000	8.33e-15	74
0.260	2.86e-03	0.0	-1.36e-03	-2.00e-02	0.00	0.00e+00	0.9000	8.33e-15	74
0.260	2.86e-03	0.0	-1.36e-03	-1.00e-02	0.00	0.00e+00	0.9000	8.33e-15	74
0.260	2.86e-03	0.0	-1.36e-03	3.47e-18	0.00	0.00e+00	0.9000	8.33e-15	74
0.260	2.86e-03	0.0	-1.36e-03	1.00e-02	0.00	0.00e+00	0.9000	8.33e-15	74
0.260	2.86e-03	0.0	-1.36e-03	2.00e-02	0.00	0.00e+00	0.9000	8.33e-15	74
0.260	2.86e-03	0.0	-1.36e-03	3.00e-02	0.00	0.00e+00	0.9000	8.33e-15	74
0.260	2.86e-03	0.0	-1.36e-03	4.00e-02	0.00	0.00e+00	0.9000	8.33e-15	74
0.250	2.72e-03	0.0	-2.37e-03	-5.00e-02	0.00	0.00e+00	0.9000	8.33e-15	75
0.250	2.72e-03	0.0	-2.37e-03	-4.00e-02	0.00	0.00e+00	0.9000	8.33e-15	75
0.250	2.72e-03	0.0	-2.37e-03	-3.00e-02	0.00	0.00e+00	0.9000	8.33e-15	75
0.250	2.72e-03	0.0	-2.37e-03	-2.00e-02	0.00	0.00e+00	0.9000	8.33e-15	75
0.250	2.72e-03	0.0	-2.37e-03	-1.00e-02	0.00	0.00e+00	0.9000	8.33e-15	75
0.250	2.72e-03	0.0	-2.37e-03	3.47e-18	0.00	0.00e+00	0.9000	8.33e-15	75
0.250	2.72e-03	0.0	-2.37e-03	1.00e-02	0.00	0.00e+00	0.9000	8.33e-15	75
0.250	2.72e-03	0.0	-2.37e-03	2.00e-02	0.00	0.00e+00	0.9000	8.33e-15	75
0.250	2.72e-03	0.0	-2.37e-03	3.00e-02	0.00	0.00e+00	0.9000	8.33e-15	75
0.250	2.72e-03	0.0	-2.37e-03	4.00e-02	0.00	0.00e+00	0.9000	8.33e-15	75
0.240	2.48e-03	0.0	-3.41e-03	-5.00e-02	0.00	0.00e+00	0.9000	8.33e-15	76
0.240	2.48e-03	0.0	-3.41e-03	-4.00e-02	0.00	0.00e+00	0.9000	8.33e-15	76
0.240	2.48e-03	0.0	-3.41e-03	-3.00e-02	0.00	0.00e+00	0.9000	8.33e-15	76
0.240	2.48e-03	0.0	-3.41e-03	-2.00e-02	0.00	0.00e+00	0.9000	8.33e-15	76
0.240	2.48e-03	0.0	-3.41e-03	-1.00e-02	0.00	0.00e+00	0.9000	8.33e-15	76
0.240	2.48e-03	0.0	-3.41e-03	3.47e-18	0.00	0.00e+00	0.9000	8.33e-15	76
0.240	2.48e-03	0.0	-3.41e-03	1.00e-02	0.00	0.00e+00	0.9000	8.33e-15	76
0.240	2.48e-03	0.0	-3.41e-03	2.00e-02	0.00	0.00e+00	0.9000	8.33e-15	76
0.240	2.48e-03	0.0	-3.41e-03	3.00e-02	0.00	0.00e+00	0.9000	8.33e-15	76
0.240	2.48e-03	0.0	-3.41e-03	4.00e-02	0.00	0.00e+00	0.9000	8.33e-15	76
0.230	2.14e-03	0.0	-4.43e-03	-5.00e-02	0.00	0.00e+00	0.9000	8.33e-15	77
0.230	2.14e-03	0.0	-4.43e-03	-4.00e-02	0.00	0.00e+00	0.9000	8.33e-15	77
0.230	2.14e-03	0.0	-4.43e-03	-3.00e-02	0.00	0.00e+00	0.9000	8.33e-15	77
0.230	2.14e-03	0.0	-4.43e-03	-2.00e-02	0.00	0.00e+00	0.9000	8.33e-15	77
0.230	2.14e-03	0.0	-4.43e-03	-1.00e-02	0.00	0.00e+00	0.9000	8.33e-15	77
0.230	2.14e-03	0.0	-4.43e-03	3.47e-18	0.00	0.00e+00	0.9000	8.33e-15	77
0.230	2.14e-03	0.0	-4.43e-03	1.00e-02	0.00	0.00e+00	0.9000	8.33e-15	77
0.230	2.14e-03	0.0	-4.43e-03	2.00e-02	0.00	0.00e+00	0.9000	8.33e-15	77
0.230	2.14e-03	0.0	-4.43e-03	3.00e-02	0.00	0.00e+00	0.9000	8.33e-15	77
0.230	2.14e-03	0.0	-4.43e-03	4.00e-02	0.00	0.00e+00	0.9000	8.33e-15	77
0.220	1.70e-03	0.0	-5.42e-03	-5.00e-02	0.00	0.00e+00	0.9000	8.33e-15	78
0.220	1.70e-03	0.0	-5.42e-03	-4.00e-02	0.00	0.00e+00	0.9000	8.33e-15	78
0.220	1.70e-03	0.0	-5.42e-03	-3.00e-02	0.00	0.00e+00	0.9000	8.33e-15	78
0.220	1.70e-03	0.0	-5.42e-03	-2.00e-02	0.00	0.00e+00	0.9000	8.33e-15	78
0.220	1.70e-03	0.0	-5.42e-03	-1.00e-02	0.00	0.00e+00	0.9000	8.33e-15	78
0.220	1.70e-03	0.0	-5.42e-03	3.47e-18	0.00	0.00e+00	0.9000	8.33e-15	78
0.220	1.70e-03	0.0	-5.42e-03	1.00e-02	0.00	0.00e+00	0.9000	8.33e-15	78
0.220	1.70e-03	0.0	-5.42e-03	2.00e-02	0.00	0.00e+00	0.9000	8.33e-15	78
0.220	1.70e-03	0.0	-5.42e-03	3.00e-02	0.00	0.00e+00	0.9000	8.33e-15	78
0.220	1.70e-03	0.0	-5.42e-03	4.00e-02	0.00	0.00e+00	0.9000	8.33e-15	78
0.210	1.16e-03	0.0	-6.33e-03	-5.00e-02	0.00	0.00e+00	0.9000	8.33e-15	79
0.210	1.16e-03	0.0	-6.33e-03	-4.00e-02	0.00	0.00e+00	0.9000	8.33e-15	79
0.210	1.16e-03	0.0	-6.33e-03	-3.00e-02	0.00	0.00e+00	0.9000	8.33e-15	79
0.210	1.16e-03	0.0	-6.33e-03	-2.00e-02	0.00	0.00e+00	0.9000	8.33e-15	79
0.210	1.16e-03	0.0	-6.33e-03	-1.00e-02	0.00	0.00e+00	0.9000	8.33e-15	79
0.210	1.16e-03	0.0	-6.33e-03	3.47e-18	0.00	0.00e+00	0.9000	8.33e-15	79
0.210	1.16e-03	0.0	-6.33e-03	1.00e-02	0.00	0.00e+00	0.9000	8.33e-15	79
0.210	1.16e-03	0.0	-6.33e-03	2.00e-02	0.00	0.00e+00	0.9000	8.33e-15	79
0.210	1.16e-03	0.0	-6.33e-03	3.00e-02	0.00	0.00e+00	0.9000	8.33e-15	79
0.210	1.16e-03	0.0	-6.33e-03	4.00e-02	0.00	0.00e+00	0.9000	8.33e-15	79
0.200	5.26e-04	0.0	-7.12e-03	-5.00e-02	0.00	0.00e+00	0.9000	8.33e-15	80
0.200	5.26e-04	0.0	-7.12e-03	-4.00e-02	0.00	0.00e+00	0.9000	8.33e-15	80
0.200	5.26e-04	0.0	-7.12e-03	-3.00e-02	0.00	0.00e+00	0.9000	8.33e-15	80
0.200	5.26e-04	0.0	-7.12e-03	-2.00e-02	0.00	0.00e+00	0.9000	8.33e-15	80
0.200	5.26e-04	0.0	-7.12e-03	-1.00e-02	0.00	0.00e+00	0.9000	8.33e-15	80
0.200	5.26e-04	0.0	-7.12e-03	3.47e-18	0.00	0.00e+00	0.9000	8.33e-15	80
0.200	5.26e-04	0.0	-7.12e-03	1.00e-02	0.00	0.00e+00	0.9000	8.33e-15	80
0.200	5.26e-04	0.0	-7.12e-03	2.00e-02	0.00	0.00e+00	0.9000	8.33e-15	80
0.200	5.26e-04	0.0	-7.12e-03	3.00e-02	0.00	0.00e+00	0.9000	8.33e-15	80
0.200	5.26e-04	0.0	-7.12e-03	4.00e-02	0.00	0.00e+00	0.9000	8.33e-15	80
0.190	-1.87e-04	0.0	-7.77e-03	-5.00e-02	0.00	0.00e+00	0.9000	8.33e-15	81
0.190	-1.87e-04	0.0	-7.77e-03	-4.00e-02	0.00	0.00e+00	0.9000	8.33e-15	81
0.190	-1.87e-04	0.0	-7.77e-03	-3.00e-02	0.00	0.00e+00	0.9000	8.33e-15	81
0.190	-1.87e-04	0.0	-7.77e-03	-2.00e-02	0.00	0.00e+00	0.9000	8.33e-15	81
0.190	-1.87e-04	0.0	-7.77e-03	-1.00e-02	0.00	0.00e+00	0.9000	8.33e-15	81
0.190	-1.87e-04	0.0	-7.77e-03	3.47e-18	0.00	0.00e+00	0.9000	8.33e-15	81
0.190	-1.87e-04	0.0	-7.77e-03	1.00e-02	0.00	0.00e+00	0.9000	8.33e-15	81
0.190	-1.87e-04	0.0	-7.77e-03	2.00e-02	0.00	0.00e+00	0.9000	8.33e-15	81
0.190	-1.87e-04	0.0	-7.77e-03	3.00e-02	0.00	0.00e+00	0.9000	8.33e-15	81
0.190	-1.87e-04	0.0	-7.77e-03	4.00e-02	0.00	0.00e+00	0.9000	8.33e-15	81
0.180	-9.63e-04	0.0	-8.23e-03	-5.00e-02	0.00	0.00e+00	0.9000	8.33e-15	82
0.180	-9.63e-04	0.0	-8.23e-03	-4.00e-02	0.00	0.00e+00	0.9000	8.33e-15	82
0.180	-9.63e-04	0.0	-8.23e-03	-3.00e-02	0.00	0.00e+00	0.9000	8.33e-15	82
0.180	-9.63e-04	0.0	-8.23e-03	-2.00e-02	0.00	0.00e+00	0.9000	8.33e-15	82
0.180	-9.63e-04	0.0	-8.23e-03	-1.00e-02	0.00	0.00e+00	0.9000	8.33e-15	82
0.180	-9.63e-04	0.0	-8.23e-03	3.47e-18	0.00	0.00e+00	0.9000	8.33e-15	82
0.180	-9.63e-04	0.0	-8.23e-03	1.00e-02	0.00	0.00e+00	0.9000	8.33e-15	82
0.180	-9.63e-04	0.0	-8.23e-03	2.00e-02	0.00	0.00e+00	0.9000	8.33e-15	82
0.180	-9.63e-04	0.0	-8.23e-03	3.00e-02	0.00	0.00e+00	0.9000	8.33e-15	82
0.180	-9.63e-04	0.0	-8.23e-03	4.00e-02	0.00	0.00e+00	0.9000	8.33e-15	82
0.170	-1.79e-03	0.0	-8.47e-03	-5.00e-02	0.00	0.00e+00	0.9000	8.33e-15	83
0.170	-1.79e-03	0.0	-8.47e-03	-4.00e-02	0.00	0.00e+00	0.9000	8.33e-15	83
0.170	-1.79e-03	0.0	-8.47e-03	-3.00e-02	0.00	0.00e+00	0.9000	8.33e-15	83
0.170	-1.79e-03	0.0	-8.47e-03	-2.00e-02	0.00	0.00e+00	0.9000	8.33e-15	83
0.170	-1.79e-03	0.0	-8.47e-03	-1.00e-02	0.00	0.00e+00	0.9000	8.33e-15	83
0.170	-1.79e-03	0.0	-8.47e-03	3.47e-18	0.00	0.00e+00	0.9000	8.33e-15	83
0.170	-1.79e-03	0.0	-8.47e-03	1.00e-02	0.00	0.00e+00	0.9000	8.33e-15	83
0.170	-1.79e-03	0.0	-8.47e-03	2.00e-02	0.00	0.00e+00	0.9000	8.33e-15	83
0.170	-1.79e-03	0.0	-8.47e-03	3.00e-02	0.00	0.00e+00	0.9000	8.33e-15	83
0.170	-1.79e-03	0.0	-8.47e-03	4.00e-02	0.00	0.00e+00	0.9000	8.33e-15	83
0.160	-2.63e-03	0.0	-8.48e-03	-5.00e-02	0.00	0.00e+00	0.9000	8.33e-15	84
0.160	-2.63e-03	0.0	-8.48e-03	-4.00e-02	0.00	0.00e+00	0.9000	8.33e-15	84
0.160	-2.63e-03	0.0	-8.48e-03	-3.00e-02	0.00	0.00e+00	0.9000	8.33e-15	84
0.160	-2.63e-03	0.0	-8.48e-03	-2.00e-02	0.00	0.00e+00	0.9000	8.33e-15	84
0.160	-2.63e-03	0.0	-8.48e-03	-1.00e-02	0.00	0.00e+00	0.9000	8.33e-15	84
0.160	-2.63e-03	0.0	-8.48e-03	3.47e-18	0.00	0.00e+00	0.9000	8.33e-15	84
0.160	-2.63e-03	0.0	-8.48e-03	1.00e-02	0.00	0.00e+00	0.9000	8.33e-15	84
0.160	-2.63e-03	0.0	-8.48e-03	2.00e-02	0.00	0.00e+00	0.9000	8.33e-15	84
0.160	-2.63e-03	0.0	-8.48e-03	3.00e-02	0.00	0.00e+00	0.9000	8.33e-15	84
0.160	-2.63e-03	0.0	-8.48e-03	4.00e-02	0.00	0.00e+00	0.9000	8.33e-15	84
0.150	-3.48e-03	0.0	-8.22e-03	-5.00e-02	0.00	0.00e+00	0.9000	8.33e-15	85
0.150	-3.48e-03	0.0	-8.22e-03	-4.00e-02	0.00	0.00e+00	0.9000	8.33e-15	85
0.150	-3.48e-03	0.0	-8.22e-03	-3.00e-02	0.00	0.00e+00	0.9000	8.33e-15	85
0.150	-3.48e-03	0.0	-8.22e-03	-2.00e-02	0.00	0.00e+00	0.9000	8.33e-15	85
0.150	-3.48e-03	0.0	-8.22e-03	-1.00e-02	0.00	0.00e+00	0.9000	8.33e-15	85
0.150	-3.48e-03	0.0	-8.22e-03	3.47e-18	0.00	0.00e+00	0.9000	8.33e-15	85
0.150	-3.48e-03	0.0	-8.22e-03	1.00e-02	0.00	0.00e+00	0.9000	8.33e-15	85
0.150	-3.48e-03	0.0	-8.22e-03	2.00e-02	0.00	0.00e+00	0.9000	8.33e-15	85
0.150	-3.48e-03	0.0	-8.22e-03	3.00e-02	0.00	0.00e+00	0.9000	8.33e-15	85
0.150	-3.48e-03	0.0	-8.22e-03	4.00e-02	0.00	0.00e+00	0.9000	8.33e-15	85
0.140	-4.30e-03	0.0	-7.69e-03	-5.00e-02	0.00	0.00e+00	0.9000	8.33e-15	86
0.140	-4.30e-03	0.0	-7.69e-03	-4.00e-02	0.00	0.00e+00	0.9000	8.33e-15	86
0.140	-4.30e-03	0.0	-7.69e-03	-3.00e-02	0.00	0.00e+00	0.9000	8.33e-15	86
0.140	-4.30e-03	0.0	-7.69e-03	-2.00e-02	0.00	0.00e+00	0.9000	8.33e-15	86
0.140	-4.30e-03	0.0	-7.69e-03	-1.00e-02	0.00	0.00e+00	0.9000	8.33e-15	86
0.140	-4.30e-03	0.0	-7.69e-03	3.47e-18	0.00	0.00e+00	0.9000	8.33e-15	86
0.140	-4.30e-03	0.0	-7.69e-03	1.00e-02	0.00	0.00e+00	0.9000	8.33e-15	86
0.140	-4.30e-03	0.0	-7.69e-03	2.00e-02	0.00	0.00e+00	0.9000	8.33e-15	86
0.140	-4.30e-03	0.0	-7.69e-03	3.00e-02	0.00	0.00e+00	0.9000	8.33e-15	86
0.140	-4.30e-03	0.0	-7.69e-03	4.00e-02	0.00	0.00e+00	0.9000	8.33e-15	86
0.130	-5.07e-03	0.0	-6.87e-03	-5.00e-02	0.00	0.00e+00	0.9000	8.33e-15	87
0.130	-5.07e-03	0.0	-6.87e-03	-4.00e-02	0.00	0.00e+00	0.9000	8.33e-15	87
0.130	-5.07e-03	0.0	-6.87e-03	-3.00e-02	0.00	0.00e+00	0.9000	8.33e-15	87
0.130	-5.07e-03	0.0	-6.87e-03	-2.00e-02	0.00	0.00e+00	0.9000	8.33e-15	87
0.130	-5.07e-03	0.0	-6.87e-03	-1.00e-02	0.00	0.00e+00	0.9000	8.33e-15	87
0.130	-5.07e-03	0.0	-6.87e-03	3.47e-18	0.00	0.00e+00	0.9000	8.33e-15	87
0.130	-5.07e-03	0.0	-6.87e-03	1.00e-02	0.00	0.00e+00	0.9000	8.33e-15	87
0.130	-5.07e-03	0.0	-6.87e-03	2.00e-02	0.00	0.00e+00	0.9000	8.33e-15	87
0.130	-5.07e-03	0.0	-6.87e-03	3.00e-02	0.00	0.00e+00	0.9000	8.33e-15	87
0.130	-5.07e-03	0.0	-6.87e-03	4.00e-02	0.00	0.00e+00	0.9000	8.33e-15	87
0.120	-5.76e-03	0.0	-5.78e-03	-5.00e-02	0.00	0.00e+00	0.9000	8.33e-15	88
0.120	-5.76e-03	0.0	-5.78e-03	-4.00e-02	0.00	0.00e+00	0.9000	8.33e-15	88
0.120	-5.76e-03	0.0	-5.78e-03	-3.00e-02	0.00	0.00e+00	0.9000	8.33e-15	88
0.120	-5.76e-03	0.0	-5.78e-03	-2.00e-02	0.00	0.00e+00	0.9000	8.33e-15	88
0.120	-5.76e-03	0.0	-5.78e-03	-1.00e-02	0.00	0.00e+00	0.9000	8.33e-15	88
0.120	-5.76e-03	0.0	-5.78e-03	3.47e-18	0.00	0.00e+00	0.9000	8.33e-15	88
0.120	-5.76e-03	0.0	-5.78e-03	1.00e-02	0.00	0.00e+00	0.9000	8.33e-15	88
0.120	-5.76e-03	0.0	-5.78e-03	2.00e-02	0.00	0.00e+00	0.9000	8.33e-15	88
0.120	-5.76e-03	0.0	-5.78e-03	3.00e-02	0.00	0.00e+00	0.9000	8.33e-15	88
0.120	-5.76e-03	0.0	-5.78e-03	4.00e-02	0.00	0.00e+00	0.9000	8.33e-15	88
0.110	-6.34e-03	0.0	-4.43e-03	-5.00e-02	0.00	0.00e+00	0.9000	8.33e-15	89
0.110	-6.34e-03	0.0	-4.43e-03	-4.00e-02	0.00	0.00e+00	0.9000	8.33e-15	89
0.110	-6.34e-03	0.0	-4.43e-03	-3.00e-02	0.00	0.00e+00	0.9000	8.33e-15	89
0.110	-6.34e-03	0.0	-4.43e-03	-2.00e-02	0.00	0.00e+00	0.9000	8.33e-15	89
0.110	-6.34e-03	0.0	-4.43e-03	-1.00e-02	0.00	0.00e+00	0.9000	8.33e-15	89
0.110	-6.34e-03	0.0	-4.43e-03	3.47e-18	0.00	0.00e+00	0.9000	8.33e-15	89
0.110	-6.34e-03	0.0	-4.43e-03	1.00e-02	0.00	0.00e+00	0.9000	8.33e-15	89
0.110	-6.34e-03	0.0	-4.43e-03	2.00e-02	0.00	0.00e+00	0.9000	8.33e-15	89
0.110	-6.34e-03	0.0	-4.43e-03	3.00e-02	0.00	0.00e+00	0.9000	8.33e-15	89
0.110	-6.34e-03	0.0	-4.43e-03	4.00e-02	0.00	0.00e+00	0.9000	8.33e-15	89
0.100	-6.78e-03	0.0	-2.83e-03	-5.00e-02	0.00	0.00e+00	0.9000	8.33e-15	90
0.100	-6.78e-03	0.0	-2.83e-03	-4.00e-02	0.00	0.00e+00	0.9000	8.33e-15	90
0.100	-6.78e-03	0.0	-2.83e-03	-3.00e-02	0.00	0.00e+00	0.9000	8.33e-15	90
0.100	-6.78e-03	0.0	-2.83e-03	-2.00e-02	0.00	0.00e+00	0.9000	8.33e-15	90
0.100	-6.78e-03	0.0	-2.83e-03	-1.00e-02	0.00	0.00e+00	0.9000	8.33e-15	90
0.100	-6.78e-03	0.0	-2.83e-03	3.47e-18	0.00	0.00e+00	0.9000	8.33e-15	90
0.100	-6.78e-03	0.0	-2.83e-03	1.00e-02	0.00	0.00e+00	0.9000	8.33e-15	90
0.100	-6.78e-03	0.0	-2.83e-03	2.00e-02	0.00	0.00e+00	0.9000	8.33e-15	90
0.100	-6.78e-03	0.0	-2.83e-03	3.00e-02	0.00	0.00e+00	0.9000	8.33e-15	90
0.100	-6.78e-03	0.0	-2.83e-03	4.00e-02	0.00	0.00e+00	0.9000	8.33e-15	90
0.090	-7.06e-03	0.0	-1.02e-03	-5.00e-02	0.00	0.00e+00	0.9000	8.33e-15	91
0.090	-7.06e-03	0.0	-1.02e-03	-4.00e-02	0.00	0.00e+00	0.9000	8.33e-15	91
0.090	-7.06e-03	0.0	-1.02e-03	-3.00e-02	0.00	0.00e+00	0.9000	8.33e-15	91
0.090	-7.06e-03	0.0	-1.02e-03	-2.00e-02	0.00	0.00e+00	0.9000	8.33e-15	91
0.090	-7.06e-03	0.0	-1.02e-03	-1.00e-02	0.00	0.00e+00	0.9000	8.33e-15	91
0.090	-7.06e-03	0.0	-1.02e-03	3.47e-18	0.00	0.00e+00	0.9000	8.33e-15	91
0.090	-7.06e-03	0.0	-1.02e-03	1.00e-02	0.00	0.00e+00	0.9000	8.33e-15	91
0.090	-7.06e-03	0.0	-1.02e-03	2.00e-02	0.00	0.00e+00	0.9000	8.33e-15	91
0.090	-7.06e-03	0.0	-1.02e-03	3.00e-02	0.00	0.00e+00	0.9000	8.33e-15	91
0.090	-7.06e-03	0.0	-1.02e-03	4.00e-02	0.00	0.00e+00	0.9000	8.33e-15	91
0.080	-7.17e-03	0.0	9.62e-04	-5.00e-02	0.00	0.00e+00	0.9000	8.33e-15	92
0.080	-7.17e-03	0.0	9.62e-04	-4.00e-02	0.00	0.00e+00	0.9000	8.33e-15	92
0.080	-7.17e-03	0.0	9.62e-04	-3.00e-02	0.00	0.00e+00	0.9000	8.33e-15	92
0.080	-7.17e-03	0.0	9.62e-04	-2.00e-02	0.00	0.00e+00	0.9000	8.33e-15	92
0.080	-7.17e-03	0.0	9.62e-04	-1.00e-02	0.00	0.00e+00	0.9000	8.33e-15	92
0.080	-7.17e-03	0.0	9.62e-04	3.47e-18	0.00	0.00e+00	0.9000	8.33e-15	92
0.080	-7.17e-03	0.0	9.62e-04	1.00e-02	0.00	0.00e+00	0.9000	8.33e-15	92
0.080	-7.17e-03	0.0	9.62e-04	2.00e-02	0.00	0.00e+00	0.9000	8.33e-15	92
0.080	-7.17e-03	0.0	9.62e-04	3.00e-02	0.00	0.00e+00	0.9000	8.33e-15	92
0.080	-7.17e-03	0.0	9.62e-04	4.00e-02	0.00	0.00e+00	0.9000	8.33e-15	92
0.070	-7.07e-03	0.0	3.07e-03	-5.00e-02	0.00	0.00e+00	0.9000	8.33e-15	93
0.070	-7.07e-03	0.0	3.07e-03	-4.00e-02	0.00	0.00e+00	0.9000	8.33e-15	93
0.070	-7.07e-03	0.0	3.07e-03	-3.00e-02	0.00	0.00e+00	0.9000	8.33e-15	93
0.070	-7.07e-03	0.0	3.07e-03	-2.00e-02	0.00	0.00e+00	0.9000	8.33e-15	93
0.070	-7.07e-03	0.0	3.07e-03	-1.00e-02	0.00	0.00e+00	0.9000	8.33e-15	93
0.070	-7.07e-03	0.0	3.07e-03	3.47e-18	0.00	0.00e+00	0.9000	8.33e-15	93
0.070	-7.07e-03	0.0	3.07e-03	1.00e-02	0.00	0.00e+00	0.9000	8.33e-15	93
0.070	-7.07e-03	0.0	3.07e-03	2.00e-02	0.00	0.00e+00	0.9000	8.33e-15	93
0.070	-7.07e-03	0.0	3.07e-03	3.00e-02	0.00	0.00e+00	0.9000	8.33e-15	93
0.070	-7.07e-03	0.0	3.07e-03	4.00e-02	0.00	0.00e+00	0.9000	8.33e-15	93
0.060	-6.76e-03	0.0	5.25e-03	-5.00e-02	0.00	0.00e+00	0.9000	8.33e-15	94
0.060	-6.76e-03	0.0	5.25e-03	-4.00e-02	0.00	0.00e+00	0.9000	8.33e-15	94
0.060	-6.76e-03	0.0	5.25e-03	-3.00e-02	0.00	0.00e+00	0.9000	8.33e-15	94
0.060	-6.76e-03	0.0	5.25e-03	-2.00e-02	0.00	0.00e+00	0.9000	8.33e-15	94
0.060	-6.76e-03	0.0	5.25e-03	-1.00e-02	0.00	0.00e+00	0.9000	8.33e-15	94
0.060	-6.76e-03	0.0	5.25e-03	3.47e-18	0.00	0.00e+00	0.9000	8.33e-15	94
0.060	-6.76e-03	0.0	5.25e-03	1.00e-02	0.00	0.00e+00	0.9000	8.33e-15	94
0.060	-6.76e-03	0.0	5.25e-03	2.00e-02	0.00	0.00e+00	0.9000	8.33e-15	94
0.060	-6.76e-03	0.0	5.25e-03	3.00e-02	0.00	0.00e+00	0.9000	8.33e-15	94
0.060	-6.76e-03	0.0	5.25e-03	4.00e-02	0.00	0.00e+00	0.9000	8.33e-15	94
0.050	-6.24e-03	0.0	7.44e-03	-5.00e-02	0.00	0.00e+00	0.9000	8.33e-15	95
0.050	-6.24e-03	0.0	7.44e-03	-4.00e-02	0.00	0.00e+00	0.9000	8.33e-15	95
0.050	-6.24e-03	0.0	7.44e-03	-3.00e-02	0.00	0.00e+00	0.9000	8.33e-15	95
0.050	-6.24e-03	0.0	7.44e-03	-2.00e-02	0.00	0.00e+00	0.9000	8.33e-15	95
0.050	-6.24e-03	0.0	7.44e-03	-1.00e-02	0.00	0.00e+00	0.9000	8.33e-15	95
0.050	-6.24e-03	0.0	7.44e-03	3.47e-18	0.00	0.00e+00	0.9000	8.33e-15	95
0.050	-6.24e-03	0.0	7.44e-03	1.00e-02	0.00	0.00e+00	0.9000	8.33e-15	95
0.050	-6.24e-03	0.0	7.44e-03	2.00e-02	0.00	0.00e+00	0.9000	8.33e-15	95
0.050	-6.24e-03	0.0	7.44e-03	3.00e-02	0.00	0.00e+00	0.9000	8.33e-15	95
0.050	-6.24e-03	0.0	7.44e-03	4.00e-02	0.00	0.00e+00	0.9000	8.33e-15	95
0.040	-5.49e-03	0.0	9.57e-03	-5.00e-02	0.00	0.00e+00	0.9000	8.33e-15	96
0.040	-5.49e-03	0.0	9.57e-03	-4.00e-02	0.00	0.00e+00	0.9000	8.33e-15	96
0.040	-5.49e-03	0.0	9.57e-03	-3.00e-02	0.00	0.00e+00	0.9000	8.33e-15	96
0.040	-5.49e-03	0.0	9.57e-03	-2.00e-02	0.00	0.00e+00	0.9000	8.33e-15	96
0.040	-5.49e-03	0.0	9.57e-03	-1.00e-02	0.00	0.00e+00	0.9000	8.33e-15	96
0.040	-5.49e-03	0.0	9.57e-03	3.47e-18	0.00	0.00e+00	0.9000	8.33e-15	96
0.040	-5.49e-03	0.0	9.57e-03	1.00e-02	0.00	0.00e+00	0.9000	8.33e-15	96
0.040	-5.49e-03	0.0	9.57e-03	2.00e-02	0.00	0.00e+00	0.9000	8.33e-15	96
0.040	-5.49e-03	0.0	9.57e-03	3.00e-02	0.00	0.00e+00	0.9000	8.33e-15	96
0.040	-5.49e-03	0.0	9.57e-03	4.00e-02	0.00	0.00e+00	0.9000	8.33e-15	96
0.030	-4.54e-03	0.0	1.16e-02	-5.00e-02	0.00	0.00e+00	0.9000	8.33e-15	97
0.030	-4.54e-03	0.0	1.16e-02	-4.00e-02	0.00	0.00e+00	0.9000	8.33e-15	97
0.030	-4.54e-03	0.0	1.16e-02	-3.00e-02	0.00	0.00e+00	0.9000	8.33e-15	97
0.030	-4.54e-03	0.0	1.16e-02	-2.00e-02	0.00	0.00e+00	0.9000	8.33e-15	97
0.030	-4.54e-03	0.0	1.16e-02	-1.00e-02	0.00	0.00e+00	0.9000	8.33e-15	97
0.030	-4.54e-03	0.0	1.16e-02	3.47e-18	0.00	0.00e+00	0.9000	8.33e-15	97
0.030	-4.54e-03	0.0	1.16e-02	1.00e-02	0.00	0.00e+00	0.9000	8.33e-15	97
0.030	-4.54e-03	0.0	1.16e-02	2.00e-02	0.00	0.00e+00	0.9000	8.33e-15	97
0.030	-4.54e-03	0.0	1.16e-02	3.00e-02	0.00	0.00e+00	0.9000	8.33e-15	97
0.030	-4.54e-03	0.0	1.16e-02	4.00e-02	0.00	0.00e+00	0.9000	8.33e-15	97
0.020	-3.38e-03	0.0	1.34e-02	-5.00e-02	0.00	0.00e+00	0.9000	8.33e-15	98
0.020	-3.38e-03	0.0	1.34e-02	-4.00e-02	0.00	0.00e+00	0.9000	8.33e-15	98
0.020	-3.38e-03	0.0	1.34e-02	-3.00e-02	0.00	0.00e+00	0.9000	8.33e-15	98
0.020	-3.38e-03	0.0	1.34e-02	-2.00e-02	0.00	0.00e+00	0.9000	8.33e-15	98
0.020	-3.38e-03	0.0	1.34e-02	-1.00e-02	0.00	0.00e+00	0.9000	8.33e-15	98
0.020	-3.38e-03	0.0	1.34e-02	3.47e-18	0.00	0.00e+00	0.9000	8.33e-15	98
0.020	-3.38e-03	0.0	1.34e-02	1.00e-02	0.00	0.00e+00	0.9000	8.33e-15	98
0.020	-3.38e-03	0.0	1.34e-02	2.00e-02	0.00	0.00e+00	0.9000	8.33e-15	98
0.020	-3.38e-03	0.0	1.34e-02	3.00e-02	0.00	0.00e+00	0.9000	8.33e-15	98
0.020	-3.38e-03	0.0	1.34e-02	4.00e-02	0.00	0.00e+00	0.9000	8.33e-15	98
0.010	-2.04e-03	0.0	1.53e-02	-5.00e-02	0.00	0.00e+00	0.9000	8.33e-15	99
0.010	-2.04e-03	0.0	1.53e-02	-4.00e-02	0.00	0.00e+00	0.9000	8.33e-15	99
0.010	-2.04e-03	0.0	1.53e-02	-3.00e-02	0.00	0.00e+00	0.9000	8.33e-15	99
0.010	-2.04e-03	0.0	1.53e-02	-2.00e-02	0.00	0.00e+00	0.9000	8.33e-15	99
0.010	-2.04e-03	0.0	1.53e-02	-1.00e-02	0.00	0.00e+00	0.9000	8.33e-15	99
0.010	-2.04e-03	0.0	1.53e-02	3.47e-18	0.00	0.00e+00	0.9000	8.33e-15	99
0.010	-2.04e-03	0.0	1.53e-02	1.00e-02	0.00	0.00e+00	0.9000	8.33e-15	99
0.010	-2.04e-03	0.0	1.53e-02	2.00e-02	0.00	0.00e+00	0.9000	8.33e-15	99
0.010	-2.04e-03	0.0	1.53e-02	3.00e-02	0.00	0.00e+00	0.9000	8.33e-15	99
0.010	-2.04e-03	0.0	1.53e-02	4.00e-02	0.00	0.00e+00	0.9000	8.33e-15	99
