1.000	0.00e+00	0.0	0.00e+00	-5.00e-02	0.00	0.00e+00	0.4000	8.33e-15	0
1.000	0.00e+00	0.0	0.00e+00	-4.00e-02	0.00	0.00e+00	0.4000	8.33e-15	0
1.000	0.00e+00	0.0	0.00e+00	-3.00e-02	0.00	0.00e+00	0.4000	8.33e-15	0
1.000	0.00e+00	0.0	0.00e+00	-2.00e-02	0.00	0.00e+00	0.4000	8.33e-15	0
1.000	0.00e+00	0.0	0.00e+00	-1.00e-02	0.00	0.00e+00	0.4000	8.33e-15	0
1.000	0.00e+00	0.0	0.00e+00	3.47e-18	0.00	0.00e+00	0.4000	8.33e-15	0
1.000	0.00e+00	0.0	0.00e+00	1.00e-02	0.00	0.00e+00	0.4000	8.33e-15	0
1.000	0.00e+00	0.0	0.00e+00	2.00e-02	0.00	0.00e+00	0.4000	8.33e-15	0
1.000	0.00e+00	0.0	0.00e+00	3.00e-02	0.00	0.00e+00	0.4000	8.33e-15	0
1.000	0.00e+00	0.0	0.00e+00	4.00e-02	0.00	0.00e+00	0.4000	8.33e-15	0
0.990	0.00e+00	0.0	4.56e-07	-5.00e-02	0.00	0.00e+00	0.4000	8.33e-15	1
0.990	0.00e+00	0.0	4.56e-07	-4.00e-02	0.00	0.00e+00	0.4000	8.33e-15	1
0.990	0.00e+00	0.0	4.56e-07	-3.00e-02	0.00	0.00e+00	0.4000	8.33e-15	1
0.990	0.00e+00	0.0	4.56e-07	-2.00e-02	0.00	0.00e+00	0.4000	8.33e-15	1
0.990	0.00e+00	0.0	4.56e-07	-1.00e-02	0.00	0.00e+00	0.4000	8.33e-15	1
0.990	0.00e+00	0.0	4.56e-07	3.47e-18	0.00	0.00e+00	0.4000	8.33e-15	1
0.990	0.00e+00	0.0	4.56e-07	1.00e-02	0.00	0.00e+00	0.4000	8.33e-15	1
0.990	0.00e+00	0.0	4.56e-07	2.00e-02	0.00	0.00e+00	0.4000	8.33e-15	1
0.990	0.00e+00	0.0	4.56e-07	3.00e-02	0.00	0.00e+00	0.4000	8.33e-15	1
0.990	0.00e+00	0.0	4.56e-07	4.00e-02	0.00	0.00e+00	0.4000	8.33e-15	1
0.980	4.56e-08	0.0	9.21e-07	-5.00e-02	0.00	0.00e+00	0.4000	8.33e-15	2
0.980	4.56e-08	0.0	9.21e-07	-4.00e-02	0.00	0.00e+00	0.4000	8.33e-15	2
0.980	4.56e-08	0.0	9.21e-07	-3.00e-02	0.00	0.00e+00	0.4000	8.33e-15	2
0.980	4.56e-08	0.0	9.21e-07	-2.00e-02	0.00	0.00e+00	0.4000	8.33e-15	2
0.980	4.56e-08	0.0	9.21e-07	-1.00e-02	0.00	0.00e+00	0.4000	8.33e-15	2
0.980	4.56e-08	0.0	9.21e-07	3.47e-18	0.00	0.00e+00	0.4000	8.33e-15	2
0.980	4.56e-08	0.0	9.21e-07	1.00e-02	0.00	0.00e+00	0.4000	8.33e-15	2
0.980	4.56e-08	0.0	9.21e-07	2.00e-02	0.00	0.00e+00	0.4000	8.33e-15	2
0.980	4.56e-08	0.0	9.21e-07	3.00e-02	0.00	0.00e+00	0.4000	8.33e-15	2
0.980	4.56e-08	0.0	9.21e-07	4.00e-02	0.00	0.00e+00	0.4000	8.33e-15	2
0.970	1.38e-07	0.0	1.38e-06	-5.00e-02	0.00	0.00e+00	0.4000	8.33e-15	3
0.970	1.38e-07	0.0	1.38e-06	-4.00e-02	0.00	0.00e+00	0.4000	8.33e-15	3
0.970	1.38e-07	0.0	1.38e-06	-3.00e-02	0.00	0.00e+00	0.4000	8.33e-15	3
0.970	1.38e-07	0.0	1.38e-06	-2.00e-02	0.00	0.00e+00	0.4000	8.33e-15	3
0.970	1.38e-07	0.0	1.38e-06	-1.00e-02	0.00	0.00e+00	0.4000	8.33e-15	3
0.970	1.38e-07	0.0	1.38e-06	3.47e-18	0.00	0.00e+00	0.4000	8.33e-15	3
0.970	1.38e-07	0.0	1.38e-06	1.00e-02	0.00	0.00e+00	0.4000	8.33e-15	3
0.970	1.38e-07	0.0	1.38e-06	2.00e-02	0.00	0.00e+00	0.4000	8.33e-15	3
0.970	1.38e-07	0.0	1.38e-06	3.00e-02	0.00	0.00e+00	0.4000	8.33e-15	3
0.970	1.38e-07	0.0	1.38e-06	4.00e-02	0.00	0.00e+00	0.4000	8.33e-15	3
0.960	2.76e-07	0.0	1.84e-06	-5.00e-02	0.00	0.00e+00	0.4000	8.33e-15	4
0.960	2.76e-07	0.0	1.84e-06	-4.00e-02	0.00	0.00e+00	0.4000	8.33e-15	4
0.960	2.76e-07	0.0	1.84e-06	-3.00e-02	0.00	0.00e+00	0.4000	8.33e-15	4
0.960	2.76e-07	0.0	1.84e-06	-2.00e-02	0.00	0.00e+00	0.4000	8.33e-15	4
0.960	2.76e-07	0.0	1.84e-06	-1.00e-02	0.00	0.00e+00	0.4000	8.33e-15	4
0.960	2.76e-07	0.0	1.84e-06	3.47e-18	0.00	0.00e+00	0.4000	8.33e-15	4
0.960	2.76e-07	0.0	1.84e-06	1.00e-02	0.00	0.00e+00	0.4000	8.33e-15	4
0.960	2.76e-07	0.0	1.84e-06	2.00e-02	0.00	0.00e+00	0.4000	8.33e-15	4
0.960	2.76e-07	0.0	1.84e-06	3.00e-02	0.00	0.00e+00	0.4000	8.33e-15	4
0.960	2.76e-07	0.0	1.84e-06	4.00e-02	0.00	0.00e+00	0.4000	8.33e-15	4
0.950	4.60e-07	0.0	2.30e-06	-5.00e-02	0.00	0.00e+00	0.4000	8.33e-15	5
0.950	4.60e-07	0.0	2.30e-06	-4.00e-02	0.00	0.00e+00	0.4000	8.33e-15	5
0.950	4.60e-07	0.0	2.30e-06	-3.00e-02	0.00	0.00e+00	0.4000	8.33e-15	5
0.950	4.60e-07	0.0	2.30e-06	-2.00e-02	0.00	0.00e+00	0.4000	8.33e-15	5
0.950	4.60e-07	0.0	2.30e-06	-1.00e-02	0.00	0.00e+00	0.4000	8.33e-15	5
0.950	4.60e-07	0.0	2.30e-06	3.47e-18	0.00	0.00e+00	0.4000	8.33e-15	5
0.950	4.60e-07	0.0	2.30e-06	1.00e-02	0.00	0.00e+00	0.4000	8.33e-15	5
0.950	4.60e-07	0.0	2.30e-06	2.00e-02	0.00	0.00e+00	0.4000	8.33e-15	5
0.950	4.60e-07	0.0	2.30e-06	3.00e-02	0.00	0.00e+00	0.4000	8.33e-15	5
0.950	4.60e-07	0.0	2.30e-06	4.00e-02	0.00	0.00e+00	0.4000	8.33e-15	5
0.940	6.91e-07	0.0	2.76e-06	-5.00e-02	0.00	0.00e+00	0.4000	8.33e-15	6
0.940	6.91e-07	0.0	2.76e-06	-4.00e-02	0.00	0.00e+00	0.4000	8.33e-15	6
0.940	6.91e-07	0.0	2.76e-06	-3.00e-02	0.00	0.00e+00	0.4000	8.33e-15	6
0.940	6.91e-07	0.0	2.76e-06	-2.00e-02	0.00	0.00e+00	0.4000	8.33e-15	6
0.940	6.91e-07	0.0	2.76e-06	-1.00e-02	0.00	0.00e+00	0.4000	8.33e-15	6
0.940	6.91e-07	0.0	2.76e-06	3.47e-18	0.00	0.00e+00	0.4000	8.33e-15	6
0.940	6.91e-07	0.0	2.76e-06	1.00e-02	0.00	0.00e+00	0.4000	8.33e-15	6
0.940	6.91e-07	0.0	2.76e-06	2.00e-02	0.00	0.00e+00	0.4000	8.33e-15	6
0.940	6.91e-07	0.0	2.76e-06	3.00e-02	0.00	0.00e+00	0.4000	8.33e-15	6
0.940	6.91e-07	0.0	2.76e-06	4.00e-02	0.00	0.00e+00	0.4000	8.33e-15	6
0.930	9.67e-07	0.0	3.22e-06	-5.00e-02	0.00	0.00e+00	0.4000	8.33e-15	7
0.930	9.67e-07	0.0	3.22e-06	-4.00e-02	0.00	0.00e+00	0.4000	8.33e-15	7
0.930	9.67e-07	0.0	3.22e-06	-3.00e-02	0.00	0.00e+00	0.4000	8.33e-15	7
0.930	9.67e-07	0.0	3.22e-06	-2.00e-02	0.00	0.00e+00	0.4000	8.33e-15	7
0.930	9.67e-07	0.0	3.22e-06	-1.00e-02	0.00	0.00e+00	0.4000	8.33e-15	7
0.930	9.67e-07	0.0	3.22e-06	3.47e-18	0.00	0.00e+00	0.4000	8.33e-15	7
0.930	9.67e-07	0.0	3.22e-06	1.00e-02	0.00	0.00e+00	0.4000	8.33e-15	7
0.930	9.67e-07	0.0	3.22e-06	2.00e-02	0.00	0.00e+00	0.4000	8.33e-15	7
0.930	9.67e-07	0.0	3.22e-06	3.00e-02	0.00	0.00e+00	0.4000	8.33e-15	7
0.930	9.67e-07	0.0	3.22e-06	4.00e-02	0.00	0.00e+00	0.4000	8.33e-15	7
0.920	1.29e-06	0.0	3.69e-06	-5.00e-02	0.00	0.00e+00	0.4000	8.33e-15	8
0.920	1.29e-06	0.0	3.69e-06	-4.00e-02	0.00	0.00e+00	0.4000	8.33e-15	8
0.920	1.29e-06	0.0	3.69e-06	-3.00e-02	0.00	0.00e+00	0.4000	8.33e-15	8
0.920	1.29e-06	0.0	3.69e-06	-2.00e-02	0.00	0.00e+00	0.4000	8.33e-15	8
0.920	1.29e-06	0.0	3.69e-06	-1.00e-02	0.00	0.00e+00	0.4000	8.33e-15	8
0.920	1.29e-06	0.0	3.69e-06	3.47e-18	0.00	0.00e+00	0.4000	8.33e-15	8
0.920	1.29e-06	0.0	3.69e-06	1.00e-02	0.00	0.00e+00	0.4000	8.33e-15	8
0.920	1.29e-06	0.0	3.69e-06	2.00e-02	0.00	0.00e+00	0.4000	8.33e-15	8
0.920	1.29e-06	0.0	3.69e-06	3.00e-02	0.00	0.00e+00	0.4000	8.33e-15	8
0.920	1.29e-06	0.0	3.69e-06	4.00e-02	0.00	0.00e+00	0.4000	8.33e-15	8
0.910	1.66e-06	0.0	4.15e-06	-5.00e-02	0.00	0.00e+00	0.4000	8.33e-15	9
0.910	1.66e-06	0.0	4.15e-06	-4.00e-02	0.00	0.00e+00	0.4000	8.33e-15	9
0.910	1.66e-06	0.0	4.15e-06	-3.00e-02	0.00	0.00e+00	0.4000	8.33e-15	9
0.910	1.66e-06	0.0	4.15e-06	-2.00e-02	0.00	0.00e+00	0.4000	8.33e-15	9
0.910	1.66e-06	0.0	4.15e-06	-1.00e-02	0.00	0.00e+00	0.4000	8.33e-15	9
0.910	1.66e-06	0.0	4.15e-06	3.47e-18	0.00	0.00e+00	0.4000	8.33e-15	9
0.910	1.66e-06	0.0	4.15e-06	1.00e-02	0.00	0.00e+00	0.4000	8.33e-15	9
0.910	1.66e-06	0.0	4.15e-06	2.00e-02	0.00	0.00e+00	0.4000	8.33e-15	9
0.910	1.66e-06	0.0	4.15e-06	3.00e-02	0.00	0.00e+00	0.4000	8.33e-15	9
0.910	1.66e-06	0.0	4.15e-06	4.00e-02	0.00	0.00e+00	0.4000	8.33e-15	9
0.900	2.07e-06	0.0	4.61e-06	-5.00e-02	0.00	0.00e+00	0.4000	8.33e-15	10
0.900	2.07e-06	0.0	4.61e-06	-4.00e-02	0.00	0.00e+00	0.4000	8.33e-15	10
0.900	2.07e-06	0.0	4.61e-06	-3.00e-02	0.00	0.00e+00	0.4000	8.33e-15	10
0.900	2.07e-06	0.0	4.61e-06	-2.00e-02	0.00	0.00e+00	0.4000	8.33e-15	10
0.900	2.07e-06	0.0	4.61e-06	-1.00e-02	0.00	0.00e+00	0.4000	8.33e-15	10
0.900	2.07e-06	0.0	4.61e-06	3.47e-18	0.00	0.00e+00	0.4000	8.33e-15	10
0.900	2.07e-06	0.0	4.61e-06	1.00e-02	0.00	0.00e+00	0.4000	8.33e-15	10
0.900	2.07e-06	0.0	4.61e-06	2.00e-02	0.00	0.00e+00	0.4000	8.33e-15	10
0.900	2.07e-06	0.0	4.61e-06	3.00e-02	0.00	0.00e+00	0.4000	8.33e-15	10
0.900	2.07e-06	0.0	4.61e-06	4.00e-02	0.00	0.00e+00	0.4000	8.33e-15	10
0.890	2.53e-06	0.0	5.07e-06	-5.00e-02	0.00	0.00e+00	0.4000	8.33e-15	11
0.890	2.53e-06	0.0	5.07e-06	-4.00e-02	0.00	0.00e+00	0.4000	8.33e-15	11
0.890	2.53e-06	0.0	5.07e-06	-3.00e-02	0.00	0.00e+00	0.4000	8.33e-15	11
0.890	2.53e-06	0.0	5.07e-06	-2.00e-02	0.00	0.00e+00	0.4000	8.33e-15	11
0.890	2.53e-06	0.0	5.07e-06	-1.00e-02	0.00	0.00e+00	0.4000	8.33e-15	11
0.890	2.53e-06	0.0	5.07e-06	3.47e-18	0.00	0.00e+00	0.4000	8.33e-15	11
0.890	2.53e-06	0.0	5.07e-06	1.00e-02	0.00	0.00e+00	0.4000	8.33e-15	11
0.890	2.53e-06	0.0	5.07e-06	2.00e-02	0.00	0.00e+00	0.4000	8.33e-15	11
0.890	2.53e-06	0.0	5.07e-06	3.00e-02	0.00	0.00e+00	0.4000	8.33e-15	11
0.890	2.53e-06	0.0	5.07e-06	4.00e-02	0.00	0.00e+00	0.4000	8.33e-15	11
0.880	3.04e-06	0.0	5.53e-06	-5.00e-02	0.00	0.00e+00	0.4000	8.33e-15	12
0.880	3.04e-06	0.0	5.53e-06	-4.00e-02	0.00	0.00e+00	0.4000	8.33e-15	12
0.880	3.04e-06	0.0	5.53e-06	-3.00e-02	0.00	0.00e+00	0.4000	8.33e-15	12
0.880	3.04e-06	0.0	5.53e-06	-2.00e-02	0.00	0.00e+00	0.4000	8.33e-15	12
0.880	3.04e-06	0.0	5.53e-06	-1.00e-02	0.00	0.00e+00	0.4000	8.33e-15	12
0.880	3.04e-06	0.0	5.53e-06	3.47e-18	0.00	0.00e+00	0.4000	8.33e-15	12
0.880	3.04e-06	0.0	5.53e-06	1.00e-02	0.00	0.00e+00	0.4000	8.33e-15	12
0.880	3.04e-06	0.0	5.53e-06	2.00e-02	0.00	0.00e+00	0.4000	8.33e-15	12
0.880	3.04e-06	0.0	5.53e-06	3.00e-02	0.00	0.00e+00	0.4000	8.33e-15	12
0.880	3.04e-06	0.0	5.53e-06	4.00e-02	0.00	0.00e+00	0.4000	8.33e-15	12
0.870	3.59e-06	0.0	5.99e-06	-5.00e-02	0.00	0.00e+00	0.4000	8.33e-15	13
0.870	3.59e-06	0.0	5.99e-06	-4.00e-02	0.00	0.00e+00	0.4000	8.33e-15	13
0.870	3.59e-06	0.0	5.99e-06	-3.00e-02	0.00	0.00e+00	0.4000	8.33e-15	13
0.870	3.59e-06	0.0	5.99e-06	-2.00e-02	0.00	0.00e+00	0.4000	8.33e-15	13
0.870	3.59e-06	0.0	5.99e-06	-1.00e-02	0.00	0.00e+00	0.4000	8.33e-15	13
0.870	3.59e-06	0.0	5.99e-06	3.47e-18	0.00	0.00e+00	0.4000	8.33e-15	13
0.870	3.59e-06	0.0	5.99e-06	1.00e-02	0.00	0.00e+00	0.4000	8.33e-15	13
0.870	3.59e-06	0.0	5.99e-06	2.00e-02	0.00	0.00e+00	0.4000	8.33e-15	13
0.870	3.59e-06	0.0	5.99e-06	3.00e-02	0.00	0.00e+00	0.4000	8.33e-15	13
0.870	3.59e-06	0.0	5.99e-06	4.00e-02	0.00	0.00e+00	0.4000	8.33e-15	13
0.860	4.19e-06	0.0	6.45e-06	-5.00e-02	0.00	0.00e+00	0.4000	8.33e-15	14
0.860	4.19e-06	0.0	6.45e-06	-4.00e-02	0.00	0.00e+00	0.4000	8.33e-15	14
0.860	4.19e-06	0.0	6.45e-06	-3.00e-02	0.00	0.00e+00	0.4000	8.33e-15	14
0.860	4.19e-06	0.0	6.45e-06	-2.00e-02	0.00	0.00e+00	0.4000	8.33e-15	14
0.860	4.19e-06	0.0	6.45e-06	-1.00e-02	0.00	0.00e+00	0.4000	8.33e-15	14
0.860	4.19e-06	0.0	6.45e-06	3.47e-18	0.00	0.00e+00	0.4000	8.33e-15	14
0.860	4.19e-06	0.0	6.45e-06	1.00e-02	0.00	0.00e+00	0.4000	8.33e-15	14
0.860	4.19e-06	0.0	6.45e-06	2.00e-02	0.00	0.00e+00	0.4000	8.33e-15	14
0.860	4.19e-06	0.0	6.45e-06	3.00e-02	0.00	0.00e+00	0.4000	8.33e-15	14
0.860	4.19e-06	0.0	6.45e-06	4.00e-02	0.00	0.00e+00	0.4000	8.33e-15	14
0.850	4.84e-06	0.0	6.91e-06	-5.00e-02	0.00	0.00e+00	0.4000	8.33e-15	15
0.850	4.84e-06	0.0	6.91e-06	-4.00e-02	0.00	0.00e+00	0.4000	8.33e-15	15
0.850	4.84e-06	0.0	6.91e-06	-3.00e-02	0.00	0.00e+00	0.4000	8.33e-15	15
0.850	4.84e-06	0.0	6.91e-06	-2.00e-02	0.00	0.00e+00	0.4000	8.33e-15	15
0.850	4.84e-06	0.0	6.91e-06	-1.00e-02	0.00	0.00e+00	0.4000	8.33e-15	15
0.850	4.84e-06	0.0	6.91e-06	3.47e-18	0.00	0.00e+00	0.4000	8.33e-15	15
0.850	4.84e-06	0.0	6.91e-06	1.00e-02	0.00	0.00e+00	0.4000	8.33e-15	15
0.850	4.84e-06	0.0	6.91e-06	2.00e-02	0.00	0.00e+00	0.4000	8.33e-15	15
0.850	4.84e-06	0.0	6.91e-06	3.00e-02	0.00	0.00e+00	0.4000	8.33e-15	15
0.850	4.84e-06	0.0	6.91e-06	4.00e-02	0.00	0.00e+00	0.4000	8.33e-15	15
0.840	5.53e-06	0.0	7.37e-06	-5.00e-02	0.00	0.00e+00	0.4000	8.33e-15	16
0.840	5.53e-06	0.0	7.37e-06	-4.00e-02	0.00	0.00e+00	0.4000	8.33e-15	16
0.840	5.53e-06	0.0	7.37e-06	-3.00e-02	0.00	0.00e+00	0.4000	8.33e-15	16
0.840	5.53e-06	0.0	7.37e-06	-2.00e-02	0.00	0.00e+00	0.4000	8.33e-15	16
0.840	5.53e-06	0.0	7.37e-06	-1.00e-02	0.00	0.00e+00	0.4000	8.33e-15	16
0.840	5.53e-06	0.0	7.37e-06	3.47e-18	0.00	0.00e+00	0.4000	8.33e-15	16
0.840	5.53e-06	0.0	7.37e-06	1.00e-02	0.00	0.00e+00	0.4000	8.33e-15	16
0.840	5.53e-06	0.0	7.37e-06	2.00e-02	0.00	0.00e+00	0.4000	8.33e-15	16
0.840	5.53e-06	0.0	7.37e-06	3.00e-02	0.00	0.00e+00	0.4000	8.33e-15	16
0.840	5.53e-06	0.0	7.37e-06	4.00e-02	0.00	0.00e+00	0.4000	8.33e-15	16
0.830	6.26e-06	0.0	7.83e-06	-5.00e-02	0.00	0.00e+00	0.4000	8.33e-15	17
0.830	6.26e-06	0.0	7.83e-06	-4.00e-02	0.00	0.00e+00	0.4000	8.33e-15	17
0.830	6.26e-06	0.0	7.83e-06	-3.00e-02	0.00	0.00e+00	0.4000	8.33e-15	17
0.830	6.26e-06	0.0	7.83e-06	-2.00e-02	0.00	0.00e+00	0.4000	8.33e-15	17
0.830	6.26e-06	0.0	7.83e-06	-1.00e-02	0.00	0.00e+00	0.4000	8.33e-15	17
0.830	6.26e-06	0.0	7.83e-06	3.47e-18	0.00	0.00e+00	0.4000	8.33e-15	17
0.830	6.26e-06	0.0	7.83e-06	1.00e-02	0.00	0.00e+00	0.4000	8.33e-15	17
0.830	6.26e-06	0.0	7.83e-06	2.00e-02	0.00	0.00e+00	0.4000	8.33e-15	17
0.830	6.26e-06	0.0	7.83e-06	3.00e-02	0.00	0.00e+00	0.4000	8.33e-15	17
0.830	6.26e-06	0.0	7.83e-06	4.00e-02	0.00	0.00e+00	0.4000	8.33e-15	17
0.820	7.05e-06	0.0	8.29e-06	-5.00e-02	0.00	0.00e+00	0.4000	8.33e-15	18
0.820	7.05e-06	0.0	8.29e-06	-4.00e-02	0.00	0.00e+00	0.4000	8.33e-15	18
0.820	7.05e-06	0.0	8.29e-06	-3.00e-02	0.00	0.00e+00	0.4000	8.33e-15	18
0.820	7.05e-06	0.0	8.29e-06	-2.00e-02	0.00	0.00e+00	0.4000	8.33e-15	18
0.820	7.05e-06	0.0	8.29e-06	-1.00e-02	0.00	0.00e+00	0.4000	8.33e-15	18
0.820	7.05e-06	0.0	8.29e-06	3.47e-18	0.00	0.00e+00	0.4000	8.33e-15	18
0.820	7.05e-06	0.0	8.29e-06	1.00e-02	0.00	0.00e+00	0.4000	8.33e-15	18
0.820	7.05e-06	0.0	8.29e-06	2.00e-02	0.00	0.00e+00	0.4000	8.33e-15	18
0.820	7.05e-06	0.0	8.29e-06	3.00e-02	0.00	0.00e+00	0.4000	8.33e-15	18
0.820	7.05e-06	0.0	8.29e-06	4.00e-02	0.00	0.00e+00	0.4000	8.33e-15	18
0.810	7.88e-06	0.0	8.75e-06	-5.00e-02	0.00	0.00e+00	0.4000	8.33e-15	19
0.810	7.88e-06	0.0	8.75e-06	-4.00e-02	0.00	0.00e+00	0.4000	8.33e-15	19
0.810	7.88e-06	0.0	8.75e-06	-3.00e-02	0.00	0.00e+00	0.4000	8.33e-15	19
0.810	7.88e-06	0.0	8.75e-06	-2.00e-02	0.00	0.00e+00	0.4000	8.33e-15	19
0.810	7.88e-06	0.0	8.75e-06	-1.00e-02	0.00	0.00e+00	0.4000	8.33e-15	19
0.810	7.88e-06	0.0	8.75e-06	3.47e-18	0.00	0.00e+00	0.4000	8.33e-15	19
0.810	7.88e-06	0.0	8.75e-06	1.00e-02	0.00	0.00e+00	0.4000	8.33e-15	19
0.810	7.88e-06	0.0	8.75e-06	2.00e-02	0.00	0.00e+00	0.4000	8.33e-15	19
0.810	7.88e-06	0.0	8.75e-06	3.00e-02	0.00	0.00e+00	0.4000	8.33e-15	19
0.810	7.88e-06	0.0	8.75e-06	4.00e-02	0.00	0.00e+00	0.4000	8.33e-15	19
0.800	8.75e-06	0.0	9.20e-06	-5.00e-02	0.00	0.00e+00	0.4000	8.33e-15	20
0.800	8.75e-06	0.0	9.20e-06	-4.00e-02	0.00	0.00e+00	0.4000	8.33e-15	20
0.800	8.75e-06	0.0	9.20e-06	-3.00e-02	0.00	0.00e+00	0.4000	8.33e-15	20
0.800	8.75e-06	0.0	9.20e-06	-2.00e-02	0.00	0.00e+00	0.4000	8.33e-15	20
0.800	8.75e-06	0.0	9.20e-06	-1.00e-02	0.00	0.00e+00	0.4000	8.33e-15	20
0.800	8.75e-06	0.0	9.20e-06	3.47e-18	0.00	0.00e+00	0.4000	8.33e-15	20
0.800	8.75e-06	0.0	9.20e-06	1.00e-02	0.00	0.00e+00	0.4000	8.33e-15	20
0.800	8.75e-06	0.0	9.20e-06	2.00e-02	0.00	0.00e+00	0.4000	8.33e-15	20
0.800	8.75e-06	0.0	9.20e-06	3.00e-02	0.00	0.00e+00	0.4000	8.33e-15	20
0.800	8.75e-06	0.0	9.20e-06	4.00e-02	0.00	0.00e+00	0.4000	8.33e-15	20
0.790	9.67e-06	0.0	9.66e-06	-5.00e-02	0.00	0.00e+00	0.4000	8.33e-15	21
0.790	9.67e-06	0.0	9.66e-06	-4.00e-02	0.00	0.00e+00	0.4000	8.33e-15	21
0.790	9.67e-06	0.0	9.66e-06	-3.00e-02	0.00	0.00e+00	0.4000	8.33e-15	21
0.790	9.67e-06	0.0	9.66e-06	-2.00e-02	0.00	0.00e+00	0.4000	8.33e-15	21
0.790	9.67e-06	0.0	9.66e-06	-1.00e-02	0.00	0.00e+00	0.4000	8.33e-15	21
0.790	9.67e-06	0.0	9.66e-06	3.47e-18	0.00	0.00e+00	0.4000	8.33e-15	21
0.790	9.67e-06	0.0	9.66e-06	1.00e-02	0.00	0.00e+00	0.4000	8.33e-15	21
0.790	9.67e-06	0.0	9.66e-06	2.00e-02	0.00	0.00e+00	0.4000	8.33e-15	21
0.790	9.67e-06	0.0	9.66e-06	3.00e-02	0.00	0.00e+00	0.4000	8.33e-15	21
0.790	9.67e-06	0.0	9.66e-06	4.00e-02	0.00	0.00e+00	0.4000	8.33e-15	21
0.780	1.06e-05	0.0	1.01e-05	-5.00e-02	0.00	0.00e+00	0.4000	8.33e-15	22
0.780	1.06e-05	0.0	1.01e-05	-4.00e-02	0.00	0.00e+00	0.4000	8.33e-15	22
0.780	1.06e-05	0.0	1.01e-05	-3.00e-02	0.00	0.00e+00	0.4000	8.33e-15	22
0.780	1.06e-05	0.0	1.01e-05	-2.00e-02	0.00	0.00e+00	0.4000	8.33e-15	22
0.780	1.06e-05	0.0	1.01e-05	-1.00e-02	0.00	0.00e+00	0.4000	8.33e-15	22
0.780	1.06e-05	0.0	1.01e-05	3.47e-18	0.00	0.00e+00	0.4000	8.33e-15	22
0.780	1.06e-05	0.0	1.01e-05	1.00e-02	0.00	0.00e+00	0.4000	8.33e-15	22
0.780	1.06e-05	0.0	1.01e-05	2.00e-02	0.00	0.00e+00	0.4000	8.33e-15	22
0.780	1.06e-05	0.0	1.01e-05	3.00e-02	0.00	0.00e+00	0.4000	8.33e-15	22
0.780	1.06e-05	0.0	1.01e-05	4.00e-02	0.00	0.00e+00	0.4000	8.33e-15	22
0.770	1.16e-05	0.0	1.05e-05	-5.00e-02	0.00	0.00e+00	0.4000	8.33e-15	23
0.770	1.16e-05	0.0	1.05e-05	-4.00e-02	0.00	0.00e+00	0.4000	8.33e-15	23
0.770	1.16e-05	0.0	1.05e-05	-3.00e-02	0.00	0.00e+00	0.4000	8.33e-15	23
0.770	1.16e-05	0.0	1.05e-05	-2.00e-02	0.00	0.00e+00	0.4000	8.33e-15	23
0.770	1.16e-05	0.0	1.05e-05	-1.00e-02	0.00	0.00e+00	0.4000	8.33e-15	23
0.770	1.16e-05	0.0	1.05e-05	3.47e-18	0.00	0.00e+00	0.4000	8.33e-15	23
0.770	1.16e-05	0.0	1.05e-05	1.00e-02	0.00	0.00e+00	0.4000	8.33e-15	23
0.770	1.16e-05	0.0	1.05e-05	2.00e-02	0.00	0.00e+00	0.4000	8.33e-15	23
0.770	1.16e-05	0.0	1.05e-05	3.00e-02	0.00	0.00e+00	0.4000	8.33e-15	23
0.770	1.16e-05	0.0	1.05e-05	4.00e-02	0.00	0.00e+00	0.4000	8.33e-15	23
0.760	1.27e-05	0.0	1.10e-05	-5.00e-02	0.00	0.00e+00	0.4000	8.33e-15	24
0.760	1.27e-05	0.0	1.10e-05	-4.00e-02	0.00	0.00e+00	0.4000	8.33e-15	24
0.760	1.27e-05	0.0	1.10e-05	-3.00e-02	0.00	0.00e+00	0.4000	8.33e-15	24
0.760	1.27e-05	0.0	1.10e-05	-2.00e-02	0.00	0.00e+00	0.4000	8.33e-15	24
0.760	1.27e-05	0.0	1.10e-05	-1.00e-02	0.00	0.00e+00	0.4000	8.33e-15	24
0.760	1.27e-05	0.0	1.10e-05	3.47e-18	0.00	0.00e+00	0.4000	8.33e-15	24
0.760	1.27e-05	0.0	1.10e-05	1.00e-02	0.00	0.00e+00	0.4000	8.33e-15	24
0.760	1.27e-05	0.0	1.10e-05	2.00e-02	0.00	0.00e+00	0.4000	8.33e-15	24
0.760	1.27e-05	0.0	1.10e-05	3.00e-02	0.00	0.00e+00	0.4000	8.33e-15	24
0.760	1.27e-05	0.0	1.10e-05	4.00e-02	0.00	0.00e+00	0.4000	8.33e-15	24
0.750	1.38e-05	0.0	1.14e-05	-5.00e-02	0.00	0.00e+00	0.4000	8.33e-15	25
0.750	1.38e-05	0.0	1.14e-05	-4.00e-02	0.00	0.00e+00	0.4000	8.33e-15	25
0.750	1.38e-05	0.0	1.14e-05	-3.00e-02	0.00	0.00e+00	0.4000	8.33e-15	25
0.750	1.38e-05	0.0	1.14e-05	-2.00e-02	0.00	0.00e+00	0.4000	8.33e-15	25
0.750	1.38e-05	0.0	1.14e-05	-1.00e-02	0.00	0.00e+00	0.4000	8.33e-15	25
0.750	1.38e-05	0.0	1.14e-05	3.47e-18	0.00	0.00e+00	0.4000	8.33e-15	25
0.750	1.38e-05	0.0	1.14e-05	1.00e-02	0.00	0.00e+00	0.4000	8.33e-15	25
0.750	1.38e-05	0.0	1.14e-05	2.00e-02	0.00	0.00e+00	0.4000	8.33e-15	25
0.750	1.38e-05	0.0	1.14e-05	3.00e-02	0.00	0.00e+00	0.4000	8.33e-15	25
0.750	1.38e-05	0.0	1.14e-05	4.00e-02	0.00	0.00e+00	0.4000	8.33e-15	25
0.740	1.49e-05	0.0	1.17e-05	-5.00e-02	0.00	0.00e+00	0.4000	8.33e-15	26
0.740	1.49e-05	0.0	1.17e-05	-4.00e-02	0.00	0.00e+00	0.4000	8.33e-15	26
0.740	1.49e-05	0.0	1.17e-05	-3.00e-02	0.00	0.00e+00	0.4000	8.33e-15	26
0.740	1.49e-05	0.0	1.17e-05	-2.00e-02	0.00	0.00e+00	0.4000	8.33e-15	26
0.740	1.49e-05	0.0	1.17e-05	-1.00e-02	0.00	0.00e+00	0.4000	8.33e-15	26
0.740	1.49e-05	0.0	1.17e-05	3.47e-18	0.00	0.00e+00	0.4000	8.33e-15	26
0.740	1.49e-05	0.0	1.17e-05	1.00e-02	0.00	0.00e+00	0.4000	8.33e-15	26
0.740	1.49e-05	0.0	1.17e-05	2.00e-02	0.00	0.00e+00	0.4000	8.33e-15	26
0.740	1.49e-05	0.0	1.17e-05	3.00e-02	0.00	0.00e+00	0.4000	8.33e-15	26
0.740	1.49e-05	0.0	1.17e-05	4.00e-02	0.00	0.00e+00	0.4000	8.33e-15	26
0.730	1.61e-05	0.0	1.21e-05	-5.00e-02	0.00	0.00e+00	0.4000	8.33e-15	27
0.730	1.61e-05	0.0	1.21e-05	-4.00e-02	0.00	0.00e+00	0.4000	8.33e-15	27
0.730	1.61e-05	0.0	1.21e-05	-3.00e-02	0.00	0.00e+00	0.4000	8.33e-15	27
0.730	1.61e-05	0.0	1.21e-05	-2.00e-02	0.00	0.00e+00	0.4000	8.33e-15	27
0.730	1.61e-05	0.0	1.21e-05	-1.00e-02	0.00	0.00e+00	0.4000	8.33e-15	27
0.730	1.61e-05	0.0	1.21e-05	3.47e-18	0.00	0.00e+00	0.4000	8.33e-15	27
0.730	1.61e-05	0.0	1.21e-05	1.00e-02	0.00	0.00e+00	0.4000	8.33e-15	27
0.730	1.61e-05	0.0	1.21e-05	2.00e-02	0.00	0.00e+00	0.4000	8.33e-15	27
0.730	1.61e-05	0.0	1.21e-05	3.00e-02	0.00	0.00e+00	0.4000	8.33e-15	27
0.730	1.61e-05	0.0	1.21e-05	4.00e-02	0.00	0.00e+00	0.4000	8.33e-15	27
0.720	1.73e-05	0.0	1.24e-05	-5.00e-02	0.00	0.00e+00	0.4000	8.33e-15	28
0.720	1.73e-05	0.0	1.24e-05	-4.00e-02	0.00	0.00e+00	0.4000	8.33e-15	28
0.720	1.73e-05	0.0	1.24e-05	-3.00e-02	0.00	0.00e+00	0.4000	8.33e-15	28
0.720	1.73e-05	0.0	1.24e-05	-2.00e-02	0.00	0.00e+00	0.4000	8.33e-15	28
0.720	1.73e-05	0.0	1.24e-05	-1.00e-02	0.00	0.00e+00	0.4000	8.33e-15	28
0.720	1.73e-05	0.0	1.24e-05	3.47e-18	0.00	0.00e+00	0.4000	8.33e-15	28
0.720	1.73e-05	0.0	1.24e-05	1.00e-02	0.00	0.00e+00	0.4000	8.33e-15	28
0.720	1.73e-05	0.0	1.24e-05	2.00e-02	0.00	0.00e+00	0.4000	8.33e-15	28
0.720	1.73e-05	0.0	1.24e-05	3.00e-02	0.00	0.00e+00	0.4000	8.33e-15	28
0.720	1.73e-05	0.0	1.24e-05	4.00e-02	0.00	0.00e+00	0.4000	8.33e-15	28
0.710	1.86e-05	0.0	1.26e-05	-5.00e-02	0.00	0.00e+00	0.4000	8.33e-15	29
0.710	1.86e-05	0.0	1.26e-05	-4.00e-02	0.00	0.00e+00	0.4000	8.33e-15	29
0.710	1.86e-05	0.0	1.26e-05	-3.00e-02	0.00	0.00e+00	0.4000	8.33e-15	29
0.710	1.86e-05	0.0	1.26e-05	-2.00e-02	0.00	0.00e+00	0.4000	8.33e-15	29
0.710	1.86e-05	0.0	1.26e-05	-1.00e-02	0.00	0.00e+00	0.4000	8.33e-15	29
0.710	1.86e-05	0.0	1.26e-05	3.47e-18	0.00	0.00e+00	0.4000	8.33e-15	29
0.710	1.86e-05	0.0	1.26e-05	1.00e-02	0.00	0.00e+00	0.4000	8.33e-15	29
0.710	1.86e-05	0.0	1.26e-05	2.00e-02	0.00	0.00e+00	0.4000	8.33e-15	29
0.710	1.86e-05	0.0	1.26e-05	3.00e-02	0.00	0.00e+00	0.4000	8.33e-15	29
0.710	1.86e-05	0.0	1.26e-05	4.00e-02	0.00	0.00e+00	0.4000	8.33e-15	29
0.700	1.98e-05	0.0	1.27e-05	-5.00e-02	0.00	0.00e+00	0.4000	8.33e-15	30
0.700	1.98e-05	0.0	1.27e-05	-4.00e-02	0.00	0.00e+00	0.4000	8.33e-15	30
0.700	1.98e-05	0.0	1.27e-05	-3.00e-02	0.00	0.00e+00	0.4000	8.33e-15	30
0.700	1.98e-05	0.0	1.27e-05	-2.00e-02	0.00	0.00e+00	0.4000	8.33e-15	30
0.700	1.98e-05	0.0	1.27e-05	-1.00e-02	0.00	0.00e+00	0.4000	8.33e-15	30
0.700	1.98e-05	0.0	1.27e-05	3.47e-18	0.00	0.00e+00	0.4000	8.33e-15	30
0.700	1.98e-05	0.0	1.27e-05	1.00e-02	0.00	0.00e+00	0.4000	8.33e-15	30
0.700	1.98e-05	0.0	1.27e-05	2.00e-02	0.00	0.00e+00	0.4000	8.33e-15	30
0.700	1.98e-05	0.0	1.27e-05	3.00e-02	0.00	0.00e+00	0.4000	8.33e-15	30
0.700	1.98e-05	0.0	1.27e-05	4.00e-02	0.00	0.00e+00	0.4000	8.33e-15	30
0.690	2.11e-05	0.0	1.27e-05	-5.00e-02	0.00	0.00e+00	0.4000	8.33e-15	31
0.690	2.11e-05	0.0	1.27e-05	-4.00e-02	0.00	0.00e+00	0.4000	8.33e-15	31
0.690	2.11e-05	0.0	1.27e-05	-3.00e-02	0.00	0.00e+00	0.4000	8.33e-15	31
0.690	2.11e-05	0.0	1.27e-05	-2.00e-02	0.00	0.00e+00	0.4000	8.33e-15	31
0.690	2.11e-05	0.0	1.27e-05	-1.00e-02	0.00	0.00e+00	0.4000	8.33e-15	31
0.690	2.11e-05	0.0	1.27e-05	3.47e-18	0.00	0.00e+00	0.4000	8.33e-15	31
0.690	2.11e-05	0.0	1.27e-05	1.00e-02	0.00	0.00e+00	0.4000	8.33e-15	31
0.690	2.11e-05	0.0	1.27e-05	2.00e-02	0.00	0.00e+00	0.4000	8.33e-15	31
0.690	2.11e-05	0.0	1.27e-05	3.00e-02	0.00	0.00e+00	0.4000	8.33e-15	31
0.690	2.11e-05	0.0	1.27e-05	4.00e-02	0.00	0.00e+00	0.4000	8.33e-15	31
0.680	2.23e-05	0.0	1.25e-05	-5.00e-02	0.00	0.00e+00	0.4000	8.33e-15	32
0.680	2.23e-05	0.0	1.25e-05	-4.00e-02	0.00	0.00e+00	0.4000	8.33e-15	32
0.680	2.23e-05	0.0	1.25e-05	-3.00e-02	0.00	0.00e+00	0.4000	8.33e-15	32
0.680	2.23e-05	0.0	1.25e-05	-2.00e-02	0.00	0.00e+00	0.4000	8.33e-15	32
0.680	2.23e-05	0.0	1.25e-05	-1.00e-02	0.00	0.00e+00	0.4000	8.33e-15	32
0.680	2.23e-05	0.0	1.25e-05	3.47e-18	0.00	0.00e+00	0.4000	8.33e-15	32
0.680	2.23e-05	0.0	1.25e-05	1.00e-02	0.00	0.00e+00	0.4000	8.33e-15	32
0.680	2.23e-05	0.0	1.25e-05	2.00e-02	0.00	0.00e+00	0.4000	8.33e-15	32
0.680	2.23e-05	0.0	1.25e-05	3.00e-02	0.00	0.00e+00	0.4000	8.33e-15	32
0.680	2.23e-05	0.0	1.25e-05	4.00e-02	0.00	0.00e+00	0.4000	8.33e-15	32
0.670	2.36e-05	0.0	1.22e-05	-5.00e-02	0.00	0.00e+00	0.4000	8.33e-15	33
0.670	2.36e-05	0.0	1.22e-05	-4.00e-02	0.00	0.00e+00	0.4000	8.33e-15	33
0.670	2.36e-05	0.0	1.22e-05	-3.00e-02	0.00	0.00e+00	0.4000	8.33e-15	33
0.670	2.36e-05	0.0	1.22e-05	-2.00e-02	0.00	0.00e+00	0.4000	8.33e-15	33
0.670	2.36e-05	0.0	1.22e-05	-1.00e-02	0.00	0.00e+00	0.4000	8.33e-15	33
0.670	2.36e-05	0.0	1.22e-05	3.47e-18	0.00	0.00e+00	0.4000	8.33e-15	33
0.670	2.36e-05	0.0	1.22e-05	1.00e-02	0.00	0.00e+00	0.4000	8.33e-15	33
0.670	2.36e-05	0.0	1.22e-05	2.00e-02	0.00	0.00e+00	0.4000	8.33e-15	33
0.670	2.36e-05	0.0	1.22e-05	3.00e-02	0.00	0.00e+00	0.4000	8.33e-15	33
0.670	2.36e-05	0.0	1.22e-05	4.00e-02	0.00	0.00e+00	0.4000	8.33e-15	33
0.660	2.48e-05	0.0	1.16e-05	-5.00e-02	0.00	0.00e+00	0.4000	8.33e-15	34
0.660	2.48e-05	0.0	1.16e-05	-4.00e-02	0.00	0.00e+00	0.4000	8.33e-15	34
0.660	2.48e-05	0.0	1.16e-05	-3.00e-02	0.00	0.00e+00	0.4000	8.33e-15	34
0.660	2.48e-05	0.0	1.16e-05	-2.00e-02	0.00	0.00e+00	0.4000	8.33e-15	34
0.660	2.48e-05	0.0	1.16e-05	-1.00e-02	0.00	0.00e+00	0.4000	8.33e-15	34
0.660	2.48e-05	0.0	1.16e-05	3.47e-18	0.00	0.00e+00	0.4000	8.33e-15	34
0.660	2.48e-05	0.0	1.16e-05	1.00e-02	0.00	0.00e+00	0.4000	8.33e-15	34
0.660	2.48e-05	0.0	1.16e-05	2.00e-02	0.00	0.00e+00	0.4000	8.33e-15	34
0.660	2.48e-05	0.0	1.16e-05	3.00e-02	0.00	0.00e+00	0.4000	8.33e-15	34
0.660	2.48e-05	0.0	1.16e-05	4.00e-02	0.00	0.00e+00	0.4000	8.33e-15	34
0.650	2.60e-05	0.0	1.07e-05	-5.00e-02	0.00	0.00e+00	0.4000	8.33e-15	35
0.650	2.60e-05	0.0	1.07e-05	-4.00e-02	0.00	0.00e+00	0.4000	8.33e-15	35
0.650	2.60e-05	0.0	1.07e-05	-3.00e-02	0.00	0.00e+00	0.4000	8.33e-15	35
0.650	2.60e-05	0.0	1.07e-05	-2.00e-02	0.00	0.00e+00	0.4000	8.33e-15	35
0.650	2.60e-05	0.0	1.07e-05	-1.00e-02	0.00	0.00e+00	0.4000	8.33e-15	35
0.650	2.60e-05	0.0	1.07e-05	3.47e-18	0.00	0.00e+00	0.4000	8.33e-15	35
0.650	2.60e-05	0.0	1.07e-05	1.00e-02	0.00	0.00e+00	0.4000	8.33e-15	35
0.650	2.60e-05	0.0	1.07e-05	2.00e-02	0.00	0.00e+00	0.4000	8.33e-15	35
0.650	2.60e-05	0.0	1.07e-05	3.00e-02	0.00	0.00e+00	0.4000	8.33e-15	35
0.650	2.60e-05	0.0	1.07e-05	4.00e-02	0.00	0.00e+00	0.4000	8.33e-15	35
0.640	2.70e-05	0.0	9.54e-06	-5.00e-02	0.00	0.00e+00	0.4000	8.33e-15	36
0.640	2.70e-05	0.0	9.54e-06	-4.00e-02	0.00	0.00e+00	0.4000	8.33e-15	36
0.640	2.70e-05	0.0	9.54e-06	-3.00e-02	0.00	0.00e+00	0.4000	8.33e-15	36
0.640	2.70e-05	0.0	9.54e-06	-2.00e-02	0.00	0.00e+00	0.4000	8.33e-15	36
0.640	2.70e-05	0.0	9.54e-06	-1.00e-02	0.00	0.00e+00	0.4000	8.33e-15	36
0.640	2.70e-05	0.0	9.54e-06	3.47e-18	0.00	0.00e+00	0.4000	8.33e-15	36
0.640	2.70e-05	0.0	9.54e-06	1.00e-02	0.00	0.00e+00	0.4000	8.33e-15	36
0.640	2.70e-05	0.0	9.54e-06	2.00e-02	0.00	0.00e+00	0.4000	8.33e-15	36
0.640	2.70e-05	0.0	9.54e-06	3.00e-02	0.00	0.00e+00	0.4000	8.33e-15	36
0.640	2.70e-05	0.0	9.54e-06	4.00e-02	0.00	0.00e+00	0.4000	8.33e-15	36
0.630	2.80e-05	0.0	8.00e-06	-5.00e-02	0.00	0.00e+00	0.4000	8.33e-15	37
0.630	2.80e-05	0.0	8.00e-06	-4.00e-02	0.00	0.00e+00	0.4000	8.33e-15	37
0.630	2.80e-05	0.0	8.00e-06	-3.00e-02	0.00	0.00e+00	0.4000	8.33e-15	37
0.630	2.80e-05	0.0	8.00e-06	-2.00e-02	0.00	0.00e+00	0.4000	8.33e-15	37
0.630	2.80e-05	0.0	8.00e-06	-1.00e-02	0.00	0.00e+00	0.4000	8.33e-15	37
0.630	2.80e-05	0.0	8.00e-06	3.47e-18	0.00	0.00e+00	0.4000	8.33e-15	37
0.630	2.80e-05	0.0	8.00e-06	1.00e-02	0.00	0.00e+00	0.4000	8.33e-15	37
0.630	2.80e-05	0.0	8.00e-06	2.00e-02	0.00	0.00e+00	0.4000	8.33e-15	37
0.630	2.80e-05	0.0	8.00e-06	3.00e-02	0.00	0.00e+00	0.4000	8.33e-15	37
0.630	2.80e-05	0.0	8.00e-06	4.00e-02	0.00	0.00e+00	0.4000	8.33e-15	37
0.620	2.88e-05	0.0	6.02e-06	-5.00e-02	0.00	0.00e+00	0.4000	8.33e-15	38
0.620	2.88e-05	0.0	6.02e-06	-4.00e-02	0.00	0.00e+00	0.4000	8.33e-15	38
0.620	2.88e-05	0.0	6.02e-06	-3.00e-02	0.00	0.00e+00	0.4000	8.33e-15	38
0.620	2.88e-05	0.0	6.02e-06	-2.00e-02	0.00	0.00e+00	0.4000	8.33e-15	38
0.620	2.88e-05	0.0	6.02e-06	-1.00e-02	0.00	0.00e+00	0.4000	8.33e-15	38
0.620	2.88e-05	0.0	6.02e-06	3.47e-18	0.00	0.00e+00	0.4000	8.33e-15	38
0.620	2.88e-05	0.0	6.02e-06	1.00e-02	0.00	0.00e+00	0.4000	8.33e-15	38
0.620	2.88e-05	0.0	6.02e-06	2.00e-02	0.00	0.00e+00	0.4000	8.33e-15	38
0.620	2.88e-05	0.0	6.02e-06	3.00e-02	0.00	0.00e+00	0.4000	8.33e-15	38
0.620	2.88e-05	0.0	6.02e-06	4.00e-02	0.00	0.00e+00	0.4000	8.33e-15	38
0.610	2.94e-05	0.0	3.58e-06	-5.00e-02	0.00	0.00e+00	0.4000	8.33e-15	39
0.610	2.94e-05	0.0	3.58e-06	-4.00e-02	0.00	0.00e+00	0.4000	8.33e-15	39
0.610	2.94e-05	0.0	3.58e-06	-3.00e-02	0.00	0.00e+00	0.4000	8.33e-15	39
0.610	2.94e-05	0.0	3.58e-06	-2.00e-02	0.00	0.00e+00	0.4000	8.33e-15	39
0.610	2.94e-05	0.0	3.58e-06	-1.00e-02	0.00	0.00e+00	0.4000	8.33e-15	39
0.610	2.94e-05	0.0	3.58e-06	3.47e-18	0.00	0.00e+00	0.4000	8.33e-15	39
0.610	2.94e-05	0.0	3.58e-06	1.00e-02	0.00	0.00e+00	0.4000	8.33e-15	39
0.610	2.94e-05	0.0	3.58e-06	2.00e-02	0.00	0.00e+00	0.4000	8.33e-15	39
0.610	2.94e-05	0.0	3.58e-06	3.00e-02	0.00	0.00e+00	0.4000	8.33e-15	39
0.610	2.94e-05	0.0	3.58e-06	4.00e-02	0.00	0.00e+00	0.4000	8.33e-15	39
0.600	2.98e-05	0.0	6.08e-07	-5.00e-02	0.00	0.00e+00	0.4000	8.33e-15	40
0.600	2.98e-05	0.0	6.08e-07	-4.00e-02	0.00	0.00e+00	0.4000	8.33e-15	40
0.600	2.98e-05	0.0	6.08e-07	-3.00e-02	0.00	0.00e+00	0.4000	8.33e-15	40
0.600	2.98e-05	0.0	6.08e-07	-2.00e-02	0.00	0.00e+00	0.4000	8.33e-15	40
0.600	2.98e-05	0.0	6.08e-07	-1.00e-02	0.00	0.00e+00	0.4000	8.33e-15	40
0.600	2.98e-05	0.0	6.08e-07	3.47e-18	0.00	0.00e+00	0.4000	8.33e-15	40
0.600	2.98e-05	0.0	6.08e-07	1.00e-02	0.00	0.00e+00	0.4000	8.33e-15	40
0.600	2.98e-05	0.0	6.08e-07	2.00e-02	0.00	0.00e+00	0.4000	8.33e-15	40
0.600	2.98e-05	0.0	6.08e-07	3.00e-02	0.00	0.00e+00	0.4000	8.33e-15	40
0.600	2.98e-05	0.0	6.08e-07	4.00e-02	0.00	0.00e+00	0.4000	8.33e-15	40
0.590	2.98e-05	0.0	-2.92e-06	-5.00e-02	0.00	0.00e+00	0.4000	8.33e-15	41
0.590	2.98e-05	0.0	-2.92e-06	-4.00e-02	0.00	0.00e+00	0.4000	8.33e-15	41
0.590	2.98e-05	0.0	-2.92e-06	-3.00e-02	0.00	0.00e+00	0.4000	8.33e-15	41
0.590	2.98e-05	0.0	-2.92e-06	-2.00e-02	0.00	0.00e+00	0.4000	8.33e-15	41
0.590	2.98e-05	0.0	-2.92e-06	-1.00e-02	0.00	0.00e+00	0.4000	8.33e-15	41
0.590	2.98e-05	0.0	-2.92e-06	3.47e-18	0.00	0.00e+00	0.4000	8.33e-15	41
0.590	2.98e-05	0.0	-2.92e-06	1.00e-02	0.00	0.00e+00	0.4000	8.33e-15	41
0.590	2.98e-05	0.0	-2.92e-06	2.00e-02	0.00	0.00e+00	0.4000	8.33e-15	41
0.590	2.98e-05	0.0	-2.92e-06	3.00e-02	0.00	0.00e+00	0.4000	8.33e-15	41
0.590	2.98e-05	0.0	-2.92e-06	4.00e-02	0.00	0.00e+00	0.4000	8.33e-15	41
0.580	2.95e-05	0.0	-7.03e-06	-5.00e-02	0.00	0.00e+00	0.4000	8.33e-15	42
0.580	2.95e-05	0.0	-7.03e-06	-4.00e-02	0.00	0.00e+00	0.4000	8.33e-15	42
0.580	2.95e-05	0.0	-7.03e-06	-3.00e-02	0.00	0.00e+00	0.4000	8.33e-15	42
0.580	2.95e-05	0.0	-7.03e-06	-2.00e-02	0.00	0.00e+00	0.4000	8.33e-15	42
0.580	2.95e-05	0.0	-7.03e-06	-1.00e-02	0.00	0.00e+00	0.4000	8.33e-15	42
0.580	2.95e-05	0.0	-7.03e-06	3.47e-18	0.00	0.00e+00	0.4000	8.33e-15	42
0.580	2.95e-05	0.0	-7.03e-06	1.00e-02	0.00	0.00e+00	0.4000	8.33e-15	42
0.580	2.95e-05	0.0	-7.03e-06	2.00e-02	0.00	0.00e+00	0.4000	8.33e-15	42
0.580	2.95e-05	0.0	-7.03e-06	3.00e-02	0.00	0.00e+00	0.4000	8.33e-15	42
0.580	2.95e-05	0.0	-7.03e-06	4.00e-02	0.00	0.00e+00	0.4000	8.33e-15	42
0.570	2.88e-05	0.0	-1.17e-05	-5.00e-02	0.00	0.00e+00	0.4000	8.33e-15	43
0.570	2.88e-05	0.0	-1.17e-05	-4.00e-02	0.00	0.00e+00	0.4000	8.33e-15	43
0.570	2.88e-05	0.0	-1.17e-05	-3.00e-02	0.00	0.00e+00	0.4000	8.33e-15	43
0.570	2.88e-05	0.0	-1.17e-05	-2.00e-02	0.00	0.00e+00	0.4000	8.33e-15	43
0.570	2.88e-05	0.0	-1.17e-05	-1.00e-02	0.00	0.00e+00	0.4000	8.33e-15	43
0.570	2.88e-05	0.0	-1.17e-05	3.47e-18	0.00	0.00e+00	0.4000	8.33e-15	43
0.570	2.88e-05	0.0	-1.17e-05	1.00e-02	0.00	0.00e+00	0.4000	8.33e-15	43
0.570	2.88e-05	0.0	-1.17e-05	2.00e-02	0.00	0.00e+00	0.4000	8.33e-15	43
0.570	2.88e-05	0.0	-1.17e-05	3.00e-02	0.00	0.00e+00	0.4000	8.33e-15	43
0.570	2.88e-05	0.0	-1.17e-05	4.00e-02	0.00	0.00e+00	0.4000	8.33e-15	43
0.560	2.76e-05	0.0	-1.71e-05	-5.00e-02	0.00	0.00e+00	0.4000	8.33e-15	44
0.560	2.76e-05	0.0	-1.71e-05	-4.00e-02	0.00	0.00e+00	0.4000	8.33e-15	44
0.560	2.76e-05	0.0	-1.71e-05	-3.00e-02	0.00	0.00e+00	0.4000	8.33e-15	44
0.560	2.76e-05	0.0	-1.71e-05	-2.00e-02	0.00	0.00e+00	0.4000	8.33e-15	44
0.560	2.76e-05	0.0	-1.71e-05	-1.00e-02	0.00	0.00e+00	0.4000	8.33e-15	44
0.560	2.76e-05	0.0	-1.71e-05	3.47e-18	0.00	0.00e+00	0.4000	8.33e-15	44
0.560	2.76e-05	0.0	-1.71e-05	1.00e-02	0.00	0.00e+00	0.4000	8.33e-15	44
0.560	2.76e-05	0.0	-1.71e-05	2.00e-02	0.00	0.00e+00	0.4000	8.33e-15	44
0.560	2.76e-05	0.0	-1.71e-05	3.00e-02	0.00	0.00e+00	0.4000	8.33e-15	44
0.560	2.76e-05	0.0	-1.71e-05	4.00e-02	0.00	0.00e+00	0.4000	8.33e-15	44
0.550	2.59e-05	0.0	-2.29e-05	-5.00e-02	0.00	0.00e+00	0.4000	8.33e-15	45
0.550	2.59e-05	0.0	-2.29e-05	-4.00e-02	0.00	0.00e+00	0.4000	8.33e-15	45
0.550	2.59e-05	0.0	-2.29e-05	-3.00e-02	0.00	0.00e+00	0.4000	8.33e-15	45
0.550	2.59e-05	0.0	-2.29e-05	-2.00e-02	0.00	0.00e+00	0.4000	8.33e-15	45
0.550	2.59e-05	0.0	-2.29e-05	-1.00e-02	0.00	0.00e+00	0.4000	8.33e-15	45
0.550	2.59e-05	0.0	-2.29e-05	3.47e-18	0.00	0.00e+00	0.4000	8.33e-15	45
0.550	2.59e-05	0.0	-2.29e-05	1.00e-02	0.00	0.00e+00	0.4000	8.33e-15	45
0.550	2.59e-05	0.0	-2.29e-05	2.00e-02	0.00	0.00e+00	0.4000	8.33e-15	45
0.550	2.59e-05	0.0	-2.29e-05	3.00e-02	0.00	0.00e+00	0.4000	8.33e-15	45
0.550	2.59e-05	0.0	-2.29e-05	4.00e-02	0.00	0.00e+00	0.4000	8.33e-15	45
0.540	2.36e-05	0.0	-2.94e-05	-5.00e-02	0.00	0.00e+00	0.4000	8.33e-15	46
0.540	2.36e-05	0.0	-2.94e-05	-4.00e-02	0.00	0.00e+00	0.4000	8.33e-15	46
0.540	2.36e-05	0.0	-2.94e-05	-3.00e-02	0.00	0.00e+00	0.4000	8.33e-15	46
0.540	2.36e-05	0.0	-2.94e-05	-2.00e-02	0.00	0.00e+00	0.4000	8.33e-15	46
0.540	2.36e-05	0.0	-2.94e-05	-1.00e-02	0.00	0.00e+00	0.4000	8.33e-15	46
0.540	2.36e-05	0.0	-2.94e-05	3.47e-18	0.00	0.00e+00	0.4000	8.33e-15	46
0.540	2.36e-05	0.0	-2.94e-05	1.00e-02	0.00	0.00e+00	0.4000	8.33e-15	46
0.540	2.36e-05	0.0	-2.94e-05	2.00e-02	0.00	0.00e+00	0.4000	8.33e-15	46
0.540	2.36e-05	0.0	-2.94e-05	3.00e-02	0.00	0.00e+00	0.4000	8.33e-15	46
0.540	2.36e-05	0.0	-2.94e-05	4.00e-02	0.00	0.00e+00	0.4000	8.33e-15	46
0.530	2.07e-05	0.0	-3.62e-05	-5.00e-02	0.00	0.00e+00	0.4000	8.33e-15	47
0.530	2.07e-05	0.0	-3.62e-05	-4.00e-02	0.00	0.00e+00	0.4000	8.33e-15	47
0.530	2.07e-05	0.0	-3.62e-05	-3.00e-02	0.00	0.00e+00	0.4000	8.33e-15	47
0.530	2.07e-05	0.0	-3.62e-05	-2.00e-02	0.00	0.00e+00	0.4000	8.33e-15	47
0.530	2.07e-05	0.0	-3.62e-05	-1.00e-02	0.00	0.00e+00	0.4000	8.33e-15	47
0.530	2.07e-05	0.0	-3.62e-05	3.47e-18	0.00	0.00e+00	0.4000	8.33e-15	47
0.530	2.07e-05	0.0	-3.62e-05	1.00e-02	0.00	0.00e+00	0.4000	8.33e-15	47
0.530	2.07e-05	0.0	-3.62e-05	2.00e-02	0.00	0.00e+00	0.4000	8.33e-15	47
0.530	2.07e-05	0.0	-3.62e-05	3.00e-02	0.00	0.00e+00	0.4000	8.33e-15	47
0.530	2.07e-05	0.0	-3.62e-05	4.00e-02	0.00	0.00e+00	0.4000	8.33e-15	47
0.520	1.71e-05	0.0	-4.34e-05	-5.00e-02	0.00	0.00e+00	0.4000	8.33e-15	48
0.520	1.71e-05	0.0	-4.34e-05	-4.00e-02	0.00	0.00e+00	0.4000	8.33e-15	48
0.520	1.71e-05	0.0	-4.34e-05	-3.00e-02	0.00	0.00e+00	0.4000	8.33e-15	48
0.520	1.71e-05	0.0	-4.34e-05	-2.00e-02	0.00	0.00e+00	0.4000	8.33e-15	48
0.520	1.71e-05	0.0	-4.34e-05	-1.00e-02	0.00	0.00e+00	0.4000	8.33e-15	48
0.520	1.71e-05	0.0	-4.34e-05	3.47e-18	0.00	0.00e+00	0.4000	8.33e-15	48
0.520	1.71e-05	0.0	-4.34e-05	1.00e-02	0.00	0.00e+00	0.4000	8.33e-15	48
0.520	1.71e-05	0.0	-4.34e-05	2.00e-02	0.00	0.00e+00	0.4000	8.33e-15	48
0.520	1.71e-05	0.0	-4.34e-05	3.00e-02	0.00	0.00e+00	0.4000	8.33e-15	48
0.520	1.71e-05	0.0	-4.34e-05	4.00e-02	0.00	0.00e+00	0.4000	8.33e-15	48
0.510	1.27e-05	0.0	-5.08e-05	-5.00e-02	0.00	0.00e+00	0.4000	8.33e-15	49
0.510	1.27e-05	0.0	-5.08e-05	-4.00e-02	0.00	0.00e+00	0.4000	8.33e-15	49
0.510	1.27e-05	0.0	-5.08e-05	-3.00e-02	0.00	0.00e+00	0.4000	8.33e-15	49
0.510	1.27e-05	0.0	-5.08e-05	-2.00e-02	0.00	0.00e+00	0.4000	8.33e-15	49
0.510	1.27e-05	0.0	-5.08e-05	-1.00e-02	0.00	0.00e+00	0.4000	8.33e-15	49
0.510	1.27e-05	0.0	-5.08e-05	3.47e-18	0.00	0.00e+00	0.4000	8.33e-15	49
0.510	1.27e-05	0.0	-5.08e-05	1.00e-02	0.00	0.00e+00	0.4000	8.33e-15	49
0.510	1.27e-05	0.0	-5.08e-05	2.00e-02	0.00	0.00e+00	0.4000	8.33e-15	49
0.510	1.27e-05	0.0	-5.08e-05	3.00e-02	0.00	0.00e+00	0.4000	8.33e-15	49
0.510	1.27e-05	0.0	-5.08e-05	4.00e-02	0.00	0.00e+00	0.4000	8.33e-15	49
0.500	7.66e-06	0.0	-5.82e-05	-5.00e-02	0.00	0.00e+00	0.4000	8.33e-15	50
0.500	7.66e-06	0.0	-5.82e-05	-4.00e-02	0.00	0.00e+00	0.4000	8.33e-15	50
0.500	7.66e-06	0.0	-5.82e-05	-3.00e-02	0.00	0.00e+00	0.4000	8.33e-15	50
0.500	7.66e-06	0.0	-5.82e-05	-2.00e-02	0.00	0.00e+00	0.4000	8.33e-15	50
0.500	7.66e-06	0.0	-5.82e-05	-1.00e-02	0.00	0.00e+00	0.4000	8.33e-15	50
0.500	7.66e-06	0.0	-5.82e-05	3.47e-18	0.00	0.00e+00	0.4000	8.33e-15	50
0.500	7.66e-06	0.0	-5.82e-05	1.00e-02	0.00	0.00e+00	0.4000	8.33e-15	50
0.500	7.66e-06	0.0	-5.82e-05	2.00e-02	0.00	0.00e+00	0.4000	8.33e-15	50
0.500	7.66e-06	0.0	-5.82e-05	3.00e-02	0.00	0.00e+00	0.4000	8.33e-15	50
0.500	7.66e-06	0.0	-5.82e-05	4.00e-02	0.00	0.00e+00	0.4000	8.33e-15	50
0.490	1.85e-06	0.0	-6.53e-05	-5.00e-02	0.00	0.00e+00	0.4000	8.33e-15	51
0.490	1.85e-06	0.0	-6.53e-05	-4.00e-02	0.00	0.00e+00	0.4000	8.33e-15	51
0.490	1.85e-06	0.0	-6.53e-05	-3.00e-02	0.00	0.00e+00	0.4000	8.33e-15	51
0.490	1.85e-06	0.0	-6.53e-05	-2.00e-02	0.00	0.00e+00	0.4000	8.33e-15	51
0.490	1.85e-06	0.0	-6.53e-05	-1.00e-02	0.00	0.00e+00	0.4000	8.33e-15	51
0.490	1.85e-06	0.0	-6.53e-05	3.47e-18	0.00	0.00e+00	0.4000	8.33e-15	51
0.490	1.85e-06	0.0	-6.53e-05	1.00e-02	0.00	0.00e+00	0.4000	8.33e-15	51
0.490	1.85e-06	0.0	-6.53e-05	2.00e-02	0.00	0.00e+00	0.4000	8.33e-15	51
0.490	1.85e-06	0.0	-6.53e-05	3.00e-02	0.00	0.00e+00	0.4000	8.33e-15	51
0.490	1.85e-06	0.0	-6.53e-05	4.00e-02	0.00	0.00e+00	0.4000	8.33e-15	51
0.480	-4.69e-06	0.0	-7.20e-05	-5.00e-02	0.00	0.00e+00	0.4000	8.33e-15	52
0.480	-4.69e-06	0.0	-7.20e-05	-4.00e-02	0.00	0.00e+00	0.4000	8.33e-15	52
0.480	-4.69e-06	0.0	-7.20e-05	-3.00e-02	0.00	0.00e+00	0.4000	8.33e-15	52
0.480	-4.69e-06	0.0	-7.20e-05	-2.00e-02	0.00	0.00e+00	0.4000	8.33e-15	52
0.480	-4.69e-06	0.0	-7.20e-05	-1.00e-02	0.00	0.00e+00	0.4000	8.33e-15	52
0.480	-4.69e-06	0.0	-7.20e-05	3.47e-18	0.00	0.00e+00	0.4000	8.33e-15	52
0.480	-4.69e-06	0.0	-7.20e-05	1.00e-02	0.00	0.00e+00	0.4000	8.33e-15	52
0.480	-4.69e-06	0.0	-7.20e-05	2.00e-02	0.00	0.00e+00	0.4000	8.33e-15	52
0.480	-4.69e-06	0.0	-7.20e-05	3.00e-02	0.00	0.00e+00	0.4000	8.33e-15	52
0.480	-4.69e-06	0.0	-7.20e-05	4.00e-02	0.00	0.00e+00	0.4000	8.33e-15	52
0.470	-1.19e-05	0.0	-7.80e-05	-5.00e-02	0.00	0.00e+00	0.4000	8.33e-15	53
0.470	-1.19e-05	0.0	-7.80e-05	-4.00e-02	0.00	0.00e+00	0.4000	8.33e-15	53
0.470	-1.19e-05	0.0	-7.80e-05	-3.00e-02	0.00	0.00e+00	0.4000	8.33e-15	53
0.470	-1.19e-05	0.0	-7.80e-05	-2.00e-02	0.00	0.00e+00	0.4000	8.33e-15	53
0.470	-1.19e-05	0.0	-7.80e-05	-1.00e-02	0.00	0.00e+00	0.4000	8.33e-15	53
0.470	-1.19e-05	0.0	-7.80e-05	3.47e-18	0.00	0.00e+00	0.4000	8.33e-15	53
0.470	-1.19e-05	0.0	-7.80e-05	1.00e-02	0.00	0.00e+00	0.4000	8.33e-15	53
0.470	-1.19e-05	0.0	-7.80e-05	2.00e-02	0.00	0.00e+00	0.4000	8.33e-15	53
0.470	-1.19e-05	0.0	-7.80e-05	3.00e-02	0.00	0.00e+00	0.4000	8.33e-15	53
0.470	-1.19e-05	0.0	-7.80e-05	4.00e-02	0.00	0.00e+00	0.4000	8.33e-15	53
0.460	-1.97e-05	0.0	-8.29e-05	-5.00e-02	0.00	0.00e+00	0.4000	8.33e-15	54
0.460	-1.97e-05	0.0	-8.29e-05	-4.00e-02	0.00	0.00e+00	0.4000	8.33e-15	54
0.460	-1.97e-05	0.0	-8.29e-05	-3.00e-02	0.00	0.00e+00	0.4000	8.33e-15	54
0.460	-1.97e-05	0.0	-8.29e-05	-2.00e-02	0.00	0.00e+00	0.4000	8.33e-15	54
0.460	-1.97e-05	0.0	-8.29e-05	-1.00e-02	0.00	0.00e+00	0.4000	8.33e-15	54
0.460	-1.97e-05	0.0	-8.29e-05	3.47e-18	0.00	0.00e+00	0.4000	8.33e-15	54
0.460	-1.97e-05	0.0	-8.29e-05	1.00e-02	0.00	0.00e+00	0.4000	8.33e-15	54
0.460	-1.97e-05	0.0	-8.29e-05	2.00e-02	0.00	0.00e+00	0.4000	8.33e-15	54
0.460	-1.97e-05	0.0	-8.29e-05	3.00e-02	0.00	0.00e+00	0.4000	8.33e-15	54
0.460	-1.97e-05	0.0	-8.29e-05	4.00e-02	0.00	0.00e+00	0.4000	8.33e-15	54
0.450	-2.80e-05	0.0	-8.64e-05	-5.00e-02	0.00	0.00e+00	0.4000	8.33e-15	55
0.450	-2.80e-05	0.0	-8.64e-05	-4.00e-02	0.00	0.00e+00	0.4000	8.33e-15	55
0.450	-2.80e-05	0.0	-8.64e-05	-3.00e-02	0.00	0.00e+00	0.4000	8.33e-15	55
0.450	-2.80e-05	0.0	-8.64e-05	-2.00e-02	0.00	0.00e+00	0.4000	8.33e-15	55
0.450	-2.80e-05	0.0	-8.64e-05	-1.00e-02	0.00	0.00e+00	0.4000	8.33e-15	55
0.450	-2.80e-05	0.0	-8.64e-05	3.47e-18	0.00	0.00e+00	0.4000	8.33e-15	55
0.450	-2.80e-05	0.0	-8.64e-05	1.00e-02	0.00	0.00e+00	0.4000	8.33e-15	55
0.450	-2.80e-05	0.0	-8.64e-05	2.00e-02	0.00	0.00e+00	0.4000	8.33e-15	55
0.450	-2.80e-05	0.0	-8.64e-05	3.00e-02	0.00	0.00e+00	0.4000	8.33e-15	55
0.450	-2.80e-05	0.0	-8.64e-05	4.00e-02	0.00	0.00e+00	0.4000	8.33e-15	55
0.440	-3.66e-05	0.0	-8.81e-05	-5.00e-02	0.00	0.00e+00	0.4000	8.33e-15	56
0.440	-3.66e-05	0.0	-8.81e-05	-4.00e-02	0.00	0.00e+00	0.4000	8.33e-15	56
0.440	-3.66e-05	0.0	-8.81e-05	-3.00e-02	0.00	0.00e+00	0.4000	8.33e-15	56
0.440	-3.66e-05	0.0	-8.81e-05	-2.00e-02	0.00	0.00e+00	0.4000	8.33e-15	56
0.440	-3.66e-05	0.0	-8.81e-05	-1.00e-02	0.00	0.00e+00	0.4000	8.33e-15	56
0.440	-3.66e-05	0.0	-8.81e-05	3.47e-18	0.00	0.00e+00	0.4000	8.33e-15	56
0.440	-3.66e-05	0.0	-8.81e-05	1.00e-02	0.00	0.00e+00	0.4000	8.33e-15	56
0.440	-3.66e-05	0.0	-8.81e-05	2.00e-02	0.00	0.00e+00	0.4000	8.33e-15	56
0.440	-3.66e-05	0.0	-8.81e-05	3.00e-02	0.00	0.00e+00	0.4000	8.33e-15	56
0.440	-3.66e-05	0.0	-8.81e-05	4.00e-02	0.00	0.00e+00	0.4000	8.33e-15	56
0.430	-4.54e-05	0.0	-8.77e-05	-5.00e-02	0.00	0.00e+00	0.4000	8.33e-15	57
0.430	-4.54e-05	0.0	-8.77e-05	-4.00e-02	0.00	0.00e+00	0.4000	8.33e-15	57
0.430	-4.54e-05	0.0	-8.77e-05	-3.00e-02	0.00	0.00e+00	0.4000	8.33e-15	57
0.430	-4.54e-05	0.0	-8.77e-05	-2.00e-02	0.00	0.00e+00	0.4000	8.33e-15	57
0.430	-4.54e-05	0.0	-8.77e-05	-1.00e-02	0.00	0.00e+00	0.4000	8.33e-15	57
0.430	-4.54e-05	0.0	-8.77e-05	3.47e-18	0.00	0.00e+00	0.4000	8.33e-15	57
0.430	-4.54e-05	0.0	-8.77e-05	1.00e-02	0.00	0.00e+00	0.4000	8.33e-15	57
0.430	-4.54e-05	0.0	-8.77e-05	2.00e-02	0.00	0.00e+00	0.4000	8.33e-15	57
0.430	-4.54e-05	0.0	-8.77e-05	3.00e-02	0.00	0.00e+00	0.4000	8.33e-15	57
0.430	-4.54e-05	0.0	-8.77e-05	4.00e-02	0.00	0.00e+00	0.4000	8.33e-15	57
0.420	-5.42e-05	0.0	-8.49e-05	-5.00e-02	0.00	0.00e+00	0.4000	8.33e-15	58
0.420	-5.42e-05	0.0	-8.49e-05	-4.00e-02	0.00	0.00e+00	0.4000	8.33e-15	58
0.420	-5.42e-05	0.0	-8.49e-05	-3.00e-02	0.00	0.00e+00	0.4000	8.33e-15	58
0.420	-5.42e-05	0.0	-8.49e-05	-2.00e-02	0.00	0.00e+00	0.4000	8.33e-15	58
0.420	-5.42e-05	0.0	-8.49e-05	-1.00e-02	0.00	0.00e+00	0.4000	8.33e-15	58
0.420	-5.42e-05	0.0	-8.49e-05	3.47e-18	0.00	0.00e+00	0.4000	8.33e-15	58
0.420	-5.42e-05	0.0	-8.49e-05	1.00e-02	0.00	0.00e+00	0.4000	8.33e-15	58
0.420	-5.42e-05	0.0	-8.49e-05	2.00e-02	0.00	0.00e+00	0.4000	8.33e-15	58
0.420	-5.42e-05	0.0	-8.49e-05	3.00e-02	0.00	0.00e+00	0.4000	8.33e-15	58
0.420	-5.42e-05	0.0	-8.49e-05	4.00e-02	0.00	0.00e+00	0.4000	8.33e-15	58
0.410	-6.27e-05	0.0	-7.94e-05	-5.00e-02	0.00	0.00e+00	0.4000	8.33e-15	59
0.410	-6.27e-05	0.0	-7.94e-05	-4.00e-02	0.00	0.00e+00	0.4000	8.33e-15	59
0.410	-6.27e-05	0.0	-7.94e-05	-3.00e-02	0.00	0.00e+00	0.4000	8.33e-15	59
0.410	-6.27e-05	0.0	-7.94e-05	-2.00e-02	0.00	0.00e+00	0.4000	8.33e-15	59
0.410	-6.27e-05	0.0	-7.94e-05	-1.00e-02	0.00	0.00e+00	0.4000	8.33e-15	59
0.410	-6.27e-05	0.0	-7.94e-05	3.47e-18	0.00	0.00e+00	0.4000	8.33e-15	59
0.410	-6.27e-05	0.0	-7.94e-05	1.00e-02	0.00	0.00e+00	0.4000	8.33e-15	59
0.410	-6.27e-05	0.0	-7.94e-05	2.00e-02	0.00	0.00e+00	0.4000	8.33e-15	59
0.410	-6.27e-05	0.0	-7.94e-05	3.00e-02	0.00	0.00e+00	0.4000	8.33e-15	59
0.410	-6.27e-05	0.0	-7.94e-05	4.00e-02	0.00	0.00e+00	0.4000	8.33e-15	59
0.400	-7.06e-05	0.0	-7.09e-05	-5.00e-02	0.00	0.00e+00	0.4000	8.33e-15	60
0.400	-7.06e-05	0.0	-7.09e-05	-4.00e-02	0.00	0.00e+00	0.4000	8.33e-15	60
0.400	-7.06e-05	0.0	-7.09e-05	-3.00e-02	0.00	0.00e+00	0.4000	8.33e-15	60
0.400	-7.06e-05	0.0	-7.09e-05	-2.00e-02	0.00	0.00e+00	0.4000	8.33e-15	60
0.400	-7.06e-05	0.0	-7.09e-05	-1.00e-02	0.00	0.00e+00	0.4000	8.33e-15	60
0.400	-7.06e-05	0.0	-7.09e-05	3.47e-18	0.00	0.00e+00	0.4000	8.33e-15	60
0.400	-7.06e-05	0.0	-7.09e-05	1.00e-02	0.00	0.00e+00	0.4000	8.33e-15	60
0.400	-7.06e-05	0.0	-7.09e-05	2.00e-02	0.00	0.00e+00	0.4000	8.33e-15	60
0.400	-7.06e-05	0.0	-7.09e-05	3.00e-02	0.00	0.00e+00	0.4000	8.33e-15	60
0.400	-7.06e-05	0.0	-7.09e-05	4.00e-02	0.00	0.00e+00	0.4000	8.33e-15	60
0.390	-7.77e-05	0.0	-5.91e-05	-5.00e-02	0.00	0.00e+00	0.4000	8.33e-15	61
0.390	-7.77e-05	0.0	-5.91e-05	-4.00e-02	0.00	0.00e+00	0.4000	8.33e-15	61
0.390	-7.77e-05	0.0	-5.91e-05	-3.00e-02	0.00	0.00e+00	0.4000	8.33e-15	61
0.390	-7.77e-05	0.0	-5.91e-05	-2.00e-02	0.00	0.00e+00	0.4000	8.33e-15	61
0.390	-7.77e-05	0.0	-5.91e-05	-1.00e-02	0.00	0.00e+00	0.4000	8.33e-15	61
0.390	-7.77e-05	0.0	-5.91e-05	3.47e-18	0.00	0.00e+00	0.4000	8.33e-15	61
0.390	-7.77e-05	0.0	-5.91e-05	1.00e-02	0.00	0.00e+00	0.4000	8.33e-15	61
0.390	-7.77e-05	0.0	-5.91e-05	2.00e-02	0.00	0.00e+00	0.4000	8.33e-15	61
0.390	-7.77e-05	0.0	-5.91e-05	3.00e-02	0.00	0.00e+00	0.4000	8.33e-15	61
0.390	-7.77e-05	0.0	-5.91e-05	4.00e-02	0.00	0.00e+00	0.4000	8.33e-15	61
0.380	-8.36e-05	0.0	-4.40e-05	-5.00e-02	0.00	0.00e+00	0.4000	8.33e-15	62
0.380	-8.36e-05	0.0	-4.40e-05	-4.00e-02	0.00	0.00e+00	0.4000	8.33e-15	62
0.380	-8.36e-05	0.0	-4.40e-05	-3.00e-02	0.00	0.00e+00	0.4000	8.33e-15	62
0.380	-8.36e-05	0.0	-4.40e-05	-2.00e-02	0.00	0.00e+00	0.4000	8.33e-15	62
0.380	-8.36e-05	0.0	-4.40e-05	-1.00e-02	0.00	0.00e+00	0.4000	8.33e-15	62
0.380	-8.36e-05	0.0	-4.40e-05	3.47e-18	0.00	0.00e+00	0.4000	8.33e-15	62
0.380	-8.36e-05	0.0	-4.40e-05	1.00e-02	0.00	0.00e+00	0.4000	8.33e-15	62
0.380	-8.36e-05	0.0	-4.40e-05	2.00e-02	0.00	0.00e+00	0.4000	8.33e-15	62
0.380	-8.36e-05	0.0	-4.40e-05	3.00e-02	0.00	0.00e+00	0.4000	8.33e-15	62
0.380	-8.36e-05	0.0	-4.40e-05	4.00e-02	0.00	0.00e+00	0.4000	8.33e-15	62
0.370	-8.80e-05	0.0	-2.54e-05	-5.00e-02	0.00	0.00e+00	0.4000	8.33e-15	63
0.370	-8.80e-05	0.0	-2.54e-05	-4.00e-02	0.00	0.00e+00	0.4000	8.33e-15	63
0.370	-8.80e-05	0.0	-2.54e-05	-3.00e-02	0.00	0.00e+00	0.4000	8.33e-15	63
0.370	-8.80e-05	0.0	-2.54e-05	-2.00e-02	0.00	0.00e+00	0.4000	8.33e-15	63
0.370	-8.80e-05	0.0	-2.54e-05	-1.00e-02	0.00	0.00e+00	0.4000	8.33e-15	63
0.370	-8.80e-05	0.0	-2.54e-05	3.47e-18	0.00	0.00e+00	0.4000	8.33e-15	63
0.370	-8.80e-05	0.0	-2.54e-05	1.00e-02	0.00	0.00e+00	0.4000	8.33e-15	63
0.370	-8.80e-05	0.0	-2.54e-05	2.00e-02	0.00	0.00e+00	0.4000	8.33e-15	63
0.370	-8.80e-05	0.0	-2.54e-05	3.00e-02	0.00	0.00e+00	0.4000	8.33e-15	63
0.370	-8.80e-05	0.0	-2.54e-05	4.00e-02	0.00	0.00e+00	0.4000	8.33e-15	63
0.360	-9.06e-05	0.0	-3.54e-06	-5.00e-02	0.00	0.00e+00	0.4000	8.33e-15	64
0.360	-9.06e-05	0.0	-3.54e-06	-4.00e-02	0.00	0.00e+00	0.4000	8.33e-15	64
0.360	-9.06e-05	0.0	-3.54e-06	-3.00e-02	0.00	0.00e+00	0.4000	8.33e-15	64
0.360	-9.06e-05	0.0	-3.54e-06	-2.00e-02	0.00	0.00e+00	0.4000	8.33e-15	64
0.360	-9.06e-05	0.0	-3.54e-06	-1.00e-02	0.00	0.00e+00	0.4000	8.33e-15	64
0.360	-9.06e-05	0.0	-3.54e-06	3.47e-18	0.00	0.00e+00	0.4000	8.33e-15	64
0.360	-9.06e-05	0.0	-3.54e-06	1.00e-02	0.00	0.00e+00	0.4000	8.33e-15	64
0.360	-9.06e-05	0.0	-3.54e-06	2.00e-02	0.00	0.00e+00	0.4000	8.33e-15	64
0.360	-9.06e-05	0.0	-3.54e-06	3.00e-02	0.00	0.00e+00	0.4000	8.33e-15	64
0.360	-9.06e-05	0.0	-3.54e-06	4.00e-02	0.00	0.00e+00	0.4000	8.33e-15	64
0.350	-9.09e-05	0.0	2.15e-05	-5.00e-02	0.00	0.00e+00	0.4000	8.33e-15	65
0.350	-9.09e-05	0.0	2.15e-05	-4.00e-02	0.00	0.00e+00	0.4000	8.33e-15	65
0.350	-9.09e-05	0.0	2.15e-05	-3.00e-02	0.00	0.00e+00	0.4000	8.33e-15	65
0.350	-9.09e-05	0.0	2.15e-05	-2.00e-02	0.00	0.00e+00	0.4000	8.33e-15	65
0.350	-9.09e-05	0.0	2.15e-05	-1.00e-02	0.00	0.00e+00	0.4000	8.33e-15	65
0.350	-9.09e-05	0.0	2.15e-05	3.47e-18	0.00	0.00e+00	0.4000	8.33e-15	65
0.350	-9.09e-05	0.0	2.15e-05	1.00e-02	0.00	0.00e+00	0.4000	8.33e-15	65
0.350	-9.09e-05	0.0	2.15e-05	2.00e-02	0.00	0.00e+00	0.4000	8.33e-15	65
0.350	-9.09e-05	0.0	2.15e-05	3.00e-02	0.00	0.00e+00	0.4000	8.33e-15	65
0.350	-9.09e-05	0.0	2.15e-05	4.00e-02	0.00	0.00e+00	0.4000	8.33e-15	65
0.340	-8.88e-05	0.0	4.95e-05	-5.00e-02	0.00	0.00e+00	0.4000	8.33e-15	66
0.340	-8.88e-05	0.0	4.95e-05	-4.00e-02	0.00	0.00e+00	0.4000	8.33e-15	66
0.340	-8.88e-05	0.0	4.95e-05	-3.00e-02	0.00	0.00e+00	0.4000	8.33e-15	66
0.340	-8.88e-05	0.0	4.95e-05	-2.00e-02	0.00	0.00e+00	0.4000	8.33e-15	66
0.340	-8.88e-05	0.0	4.95e-05	-1.00e-02	0.00	0.00e+00	0.4000	8.33e-15	66
0.340	-8.88e-05	0.0	4.95e-05	3.47e-18	0.00	0.00e+00	0.4000	8.33e-15	66
0.340	-8.88e-05	0.0	4.95e-05	1.00e-02	0.00	0.00e+00	0.4000	8.33e-15	66
0.340	-8.88e-05	0.0	4.95e-05	2.00e-02	0.00	0.00e+00	0.4000	8.33e-15	66
0.340	-8.88e-05	0.0	4.95e-05	3.00e-02	0.00	0.00e+00	0.4000	8.33e-15	66
0.340	-8.88e-05	0.0	4.95e-05	4.00e-02	0.00	0.00e+00	0.4000	8.33e-15	66
0.330	-8.38e-05	0.0	7.98e-05	-5.00e-02	0.00	0.00e+00	0.4000	8.33e-15	67
0.330	-8.38e-05	0.0	7.98e-05	-4.00e-02	0.00	0.00e+00	0.4000	8.33e-15	67
0.330	-8.38e-05	0.0	7.98e-05	-3.00e-02	0.00	0.00e+00	0.4000	8.33e-15	67
0.330	-8.38e-05	0.0	7.98e-05	-2.00e-02	0.00	0.00e+00	0.4000	8.33e-15	67
0.330	-8.38e-05	0.0	7.98e-05	-1.00e-02	0.00	0.00e+00	0.4000	8.33e-15	67
0.330	-8.38e-05	0.0	7.98e-05	3.47e-18	0.00	0.00e+00	0.4000	8.33e-15	67
0.330	-8.38e-05	0.0	7.98e-05	1.00e-02	0.00	0.00e+00	0.4000	8.33e-15	67
0.330	-8.38e-05	0.0	7.98e-05	2.00e-02	0.00	0.00e+00	0.4000	8.33e-15	67
0.330	-8.38e-05	0.0	7.98e-05	3.00e-02	0.00	0.00e+00	0.4000	8.33e-15	67
0.330	-8.38e-05	0.0	7.98e-05	4.00e-02	0.00	0.00e+00	0.4000	8.33e-15	67
0.320	-7.58e-05	0.0	1.12e-04	-5.00e-02	0.00	0.00e+00	0.4000	8.33e-15	68
0.320	-7.58e-05	0.0	1.12e-04	-4.00e-02	0.00	0.00e+00	0.4000	8.33e-15	68
0.320	-7.58e-05	0.0	1.12e-04	-3.00e-02	0.00	0.00e+00	0.4000	8.33e-15	68
0.320	-7.58e-05	0.0	1.12e-04	-2.00e-02	0.00	0.00e+00	0.4000	8.33e-15	68
0.320	-7.58e-05	0.0	1.12e-04	-1.00e-02	0.00	0.00e+00	0.4000	8.33e-15	68
0.320	-7.58e-05	0.0	1.12e-04	3.47e-18	0.00	0.00e+00	0.4000	8.33e-15	68
0.320	-7.58e-05	0.0	1.12e-04	1.00e-02	0.00	0.00e+00	0.4000	8.33e-15	68
0.320	-7.58e-05	0.0	1.12e-04	2.00e-02	0.00	0.00e+00	0.4000	8.33e-15	68
0.320	-7.58e-05	0.0	1.12e-04	3.00e-02	0.00	0.00e+00	0.4000	8.33e-15	68
0.320	-7.58e-05	0.0	1.12e-04	4.00e-02	0.00	0.00e+00	0.4000	8.33e-15	68
0.310	-6.46e-05	0.0	1.45e-04	-5.00e-02	0.00	0.00e+00	0.4000	8.33e-15	69
0.310	-6.46e-05	0.0	1.45e-04	-4.00e-02	0.00	0.00e+00	0.4000	8.33e-15	69
0.310	-6.46e-05	0.0	1.45e-04	-3.00e-02	0.00	0.00e+00	0.4000	8.33e-15	69
0.310	-6.46e-05	0.0	1.45e-04	-2.00e-02	0.00	0.00e+00	0.4000	8.33e-15	69
0.310	-6.46e-05	0.0	1.45e-04	-1.00e-02	0.00	0.00e+00	0.4000	8.33e-15	69
0.310	-6.46e-05	0.0	1.45e-04	3.47e-18	0.00	0.00e+00	0.4000	8.33e-15	69
0.310	-6.46e-05	0.0	1.45e-04	1.00e-02	0.00	0.00e+00	0.4000	8.33e-15	69
0.310	-6.46e-05	0.0	1.45e-04	2.00e-02	0.00	0.00e+00	0.4000	8.33e-15	69
0.310	-6.46e-05	0.0	1.45e-04	3.00e-02	0.00	0.00e+00	0.4000	8.33e-15	69
0.310	-6.46e-05	0.0	1.45e-04	4.00e-02	0.00	0.00e+00	0.4000	8.33e-15	69
0.300	-5.01e-05	0.0	1.79e-04	-5.00e-02	0.00	0.00e+00	0.4000	8.33e-15	70
0.300	-5.01e-05	0.0	1.79e-04	-4.00e-02	0.00	0.00e+00	0.4000	8.33e-15	70
0.300	-5.01e-05	0.0	1.79e-04	-3.00e-02	0.00	0.00e+00	0.4000	8.33e-15	70
0.300	-5.01e-05	0.0	1.79e-04	-2.00e-02	0.00	0.00e+00	0.4000	8.33e-15	70
0.300	-5.01e-05	0.0	1.79e-04	-1.00e-02	0.00	0.00e+00	0.4000	8.33e-15	70
0.300	-5.01e-05	0.0	1.79e-04	3.47e-18	0.00	0.00e+00	0.4000	8.33e-15	70
0.300	-5.01e-05	0.0	1.79e-04	1.00e-02	0.00	0.00e+00	0.4000	8.33e-15	70
0.300	-5.01e-05	0.0	1.79e-04	2.00e-02	0.00	0.00e+00	0.4000	8.33e-15	70
0.300	-5.01e-05	0.0	1.79e-04	3.00e-02	0.00	0.00e+00	0.4000	8.33e-15	70
0.300	-5.01e-05	0.0	1.79e-04	4.00e-02	0.00	0.00e+00	0.4000	8.33e-15	70
0.290	-3.23e-05	0.0	2.11e-04	-5.00e-02	0.00	0.00e+00	0.4000	8.33e-15	71
0.290	-3.23e-05	0.0	2.11e-04	-4.00e-02	0.00	0.00e+00	0.4000	8.33e-15	71
0.290	-3.23e-05	0.0	2.11e-04	-3.00e-02	0.00	0.00e+00	0.4000	8.33e-15	71
0.290	-3.23e-05	0.0	2.11e-04	-2.00e-02	0.00	0.00e+00	0.4000	8.33e-15	71
0.290	-3.23e-05	0.0	2.11e-04	-1.00e-02	0.00	0.00e+00	0.4000	8.33e-15	71
0.290	-3.23e-05	0.0	2.11e-04	3.47e-18	0.00	0.00e+00	0.4000	8.33e-15	71
0.290	-3.23e-05	0.0	2.11e-04	1.00e-02	0.00	0.00e+00	0.4000	8.33e-15	71
0.290	-3.23e-05	0.0	2.11e-04	2.00e-02	0.00	0.00e+00	0.4000	8.33e-15	71
0.290	-3.23e-05	0.0	2.11e-04	3.00e-02	0.00	0.00e+00	0.4000	8.33e-15	71
0.290	-3.23e-05	0.0	2.11e-04	4.00e-02	0.00	0.00e+00	0.4000	8.33e-15	71
0.280	-1.11e-05	0.0	2.42e-04	-5.00e-02	0.00	0.00e+00	0.4000	8.33e-15	72
0.280	-1.11e-05	0.0	2.42e-04	-4.00e-02	0.00	0.00e+00	0.4000	8.33e-15	72
0.280	-1.11e-05	0.0	2.42e-04	-3.00e-02	0.00	0.00e+00	0.4000	8.33e-15	72
0.280	-1.11e-05	0.0	2.42e-04	-2.00e-02	0.00	0.00e+00	0.4000	8.33e-15	72
0.280	-1.11e-05	0.0	2.42e-04	-1.00e-02	0.00	0.00e+00	0.4000	8.33e-15	72
0.280	-1.11e-05	0.0	2.42e-04	3.47e-18	0.00	0.00e+00	0.4000	8.33e-15	72
0.280	-1.11e-05	0.0	2.42e-04	1.00e-02	0.00	0.00e+00	0.4000	8.33e-15	72
0.280	-1.11e-05	0.0	2.42e-04	2.00e-02	0.00	0.00e+00	0.4000	8.33e-15	72
0.280	-1.11e-05	0.0	2.42e-04	3.00e-02	0.00	0.00e+00	0.4000	8.33e-15	72
0.280	-1.11e-05	0.0	2.42e-04	4.00e-02	0.00	0.00e+00	0.4000	8.33e-15	72
0.270	1.31e-05	0.0	2.69e-04	-5.00e-02	0.00	0.00e+00	0.4000	8.33e-15	73
0.270	1.31e-05	0.0	2.69e-04	-4.00e-02	0.00	0.00e+00	0.4000	8.33e-15	73
0.270	1.31e-05	0.0	2.69e-04	-3.00e-02	0.00	0.00e+00	0.4000	8.33e-15	73
0.270	1.31e-05	0.0	2.69e-04	-2.00e-02	0.00	0.00e+00	0.4000	8.33e-15	73
0.270	1.31e-05	0.0	2.69e-04	-1.00e-02	0.00	0.00e+00	0.4000	8.33e-15	73
0.270	1.31e-05	0.0	2.69e-04	3.47e-18	0.00	0.00e+00	0.4000	8.33e-15	73
0.270	1.31e-05	0.0	2.69e-04	1.00e-02	0.00	0.00e+00	0.4000	8.33e-15	73
0.270	1.31e-05	0.0	2.69e-04	2.00e-02	0.00	0.00e+00	0.4000	8.33e-15	73
0.270	1.31e-05	0.0	2.69e-04	3.00e-02	0.00	0.00e+00	0.4000	8.33e-15	73
0.270	1.31e-05	0.0	2.69e-04	4.00e-02	0.00	0.00e+00	0.4000	8.33e-15	73
0.260	4.00e-05	0.0	2.93e-04	-5.00e-02	0.00	0.00e+00	0.4000	8.33e-15	74
0.260	4.00e-05	0.0	2.93e-04	-4.00e-02	0.00	0.00e+00	0.4000	8.33e-15	74
0.260	4.00e-05	0.0	2.93e-04	-3.00e-02	0.00	0.00e+00	0.4000	8.33e-15	74
0.260	4.00e-05	0.0	2.93e-04	-2.00e-02	0.00	0.00e+00	0.4000	8.33e-15	74
0.260	4.00e-05	0.0	2.93e-04	-1.00e-02	0.00	0.00e+00	0.4000	8.33e-15	74
0.260	4.00e-05	0.0	2.93e-04	3.47e-18	0.00	0.00e+00	0.4000	8.33e-15	74
0.260	4.00e-05	0.0	2.93e-04	1.00e-02	0.00	0.00e+00	0.4000	8.33e-15	74
0.260	4.00e-05	0.0	2.93e-04	2.00e-02	0.00	0.00e+00	0.4000	8.33e-15	74
0.260	4.00e-05	0.0	2.93e-04	3.00e-02	0.00	0.00e+00	0.4000	8.33e-15	74
0.260	4.00e-05	0.0	2.93e-04	4.00e-02	0.00	0.00e+00	0.4000	8.33e-15	74
0.250	6.93e-05	0.0	3.10e-04	-5.00e-02	0.00	0.00e+00	0.4000	8.33e-15	75
0.250	6.93e-05	0.0	3.10e-04	-4.00e-02	0.00	0.00e+00	0.4000	8.33e-15	75
0.250	6.93e-05	0.0	3.10e-04	-3.00e-02	0.00	0.00e+00	0.4000	8.33e-15	75
0.250	6.93e-05	0.0	3.10e-04	-2.00e-02	0.00	0.00e+00	0.4000	8.33e-15	75
0.250	6.93e-05	0.0	3.10e-04	-1.00e-02	0.00	0.00e+00	0.4000	8.33e-15	75
0.250	6.93e-05	0.0	3.10e-04	3.47e-18	0.00	0.00e+00	0.4000	8.33e-15	75
0.250	6.93e-05	0.0	3.10e-04	1.00e-02	0.00	0.00e+00	0.4000	8.33e-15	75
0.250	6.93e-05	0.0	3.10e-04	2.00e-02	0.00	0.00e+00	0.4000	8.33e-15	75
0.250	6.93e-05	0.0	3.10e-04	3.00e-02	0.00	0.00e+00	0.4000	8.33e-15	75
0.250	6.93e-05	0.0	3.10e-04	4.00e-02	0.00	0.00e+00	0.4000	8.33e-15	75
0.240	1.00e-04	0.0	3.20e-04	-5.00e-02	0.00	0.00e+00	0.4000	8.33e-15	76
0.240	1.00e-04	0.0	3.20e-04	-4.00e-02	0.00	0.00e+00	0.4000	8.33e-15	76
0.240	1.00e-04	0.0	3.20e-04	-3.00e-02	0.00	0.00e+00	0.4000	8.33e-15	76
0.240	1.00e-04	0.0	3.20e-04	-2.00e-02	0.00	0.00e+00	0.4000	8.33e-15	76
0.240	1.00e-04	0.0	3.20e-04	-1.00e-02	0.00	0.00e+00	0.4000	8.33e-15	76
0.240	1.00e-04	0.0	3.20e-04	3.47e-18	0.00	0.00e+00	0.4000	8.33e-15	76
0.240	1.00e-04	0.0	3.20e-04	1.00e-02	0.00	0.00e+00	0.4000	8.33e-15	76
0.240	1.00e-04	0.0	3.20e-04	2.00e-02	0.00	0.00e+00	0.4000	8.33e-15	76
0.240	1.00e-04	0.0	3.20e-04	3.00e-02	0.00	0.00e+00	0.4000	8.33e-15	76
0.240	1.00e-04	0.0	3.20e-04	4.00e-02	0.00	0.00e+00	0.4000	8.33e-15	76
0.230	1.32e-04	0.0	3.23e-04	-5.00e-02	0.00	0.00e+00	0.4000	8.33e-15	77
0.230	1.32e-04	0.0	3.23e-04	-4.00e-02	0.00	0.00e+00	0.4000	8.33e-15	77
0.230	1.32e-04	0.0	3.23e-04	-3.00e-02	0.00	0.00e+00	0.4000	8.33e-15	77
0.230	1.32e-04	0.0	3.23e-04	-2.00e-02	0.00	0.00e+00	0.4000	8.33e-15	77
0.230	1.32e-04	0.0	3.23e-04	-1.00e-02	0.00	0.00e+00	0.4000	8.33e-15	77
0.230	1.32e-04	0.0	3.23e-04	3.47e-18	0.00	0.00e+00	0.4000	8.33e-15	77
0.230	1.32e-04	0.0	3.23e-04	1.00e-02	0.00	0.00e+00	0.4000	8.33e-15	77
0.230	1.32e-04	0.0	3.23e-04	2.00e-02	0.00	0.00e+00	0.4000	8.33e-15	77
0.230	1.32e-04	0.0	3.23e-04	3.00e-02	0.00	0.00e+00	0.4000	8.33e-15	77
0.230	1.32e-04	0.0	3.23e-04	4.00e-02	0.00	0.00e+00	0.4000	8.33e-15	77
0.220	1.65e-04	0.0	3.16e-04	-5.00e-02	0.00	0.00e+00	0.4000	8.33e-15	78
0.220	1.65e-04	0.0	3.16e-04	-4.00e-02	0.00	0.00e+00	0.4000	8.33e-15	78
0.220	1.65e-04	0.0	3.16e-04	-3.00e-02	0.00	0.00e+00	0.4000	8.33e-15	78
0.220	1.65e-04	0.0	3.16e-04	-2.00e-02	0.00	0.00e+00	0.4000	8.33e-15	78
0.220	1.65e-04	0.0	3.16e-04	-1.00e-02	0.00	0.00e+00	0.4000	8.33e-15	78
0.220	1.65e-04	0.0	3.16e-04	3.47e-18	0.00	0.00e+00	0.4000	8.33e-15	78
0.220	1.65e-04	0.0	3.16e-04	1.00e-02	0.00	0.00e+00	0.4000	8.33e-15	78
0.220	1.65e-04	0.0	3.16e-04	2.00e-02	0.00	0.00e+00	0.4000	8.33e-15	78
0.220	1.65e-04	0.0	3.16e-04	3.00e-02	0.00	0.00e+00	0.4000	8.33e-15	78
0.220	1.65e-04	0.0	3.16e-04	4.00e-02	0.00	0.00e+00	0.4000	8.33e-15	78
0.210	1.96e-04	0.0	2.99e-04	-5.00e-02	0.00	0.00e+00	0.4000	8.33e-15	79
0.210	1.96e-04	0.0	2.99e-04	-4.00e-02	0.00	0.00e+00	0.4000	8.33e-15	79
0.210	1.96e-04	0.0	2.99e-04	-3.00e-02	0.00	0.00e+00	0.4000	8.33e-15	79
0.210	1.96e-04	0.0	2.99e-04	-2.00e-02	0.00	0.00e+00	0.4000	8.33e-15	79
0.210	1.96e-04	0.0	2.99e-04	-1.00e-02	0.00	0.00e+00	0.4000	8.33e-15	79
0.210	1.96e-04	0.0	2.99e-04	3.47e-18	0.00	0.00e+00	0.4000	8.33e-15	79
0.210	1.96e-04	0.0	2.99e-04	1.00e-02	0.00	0.00e+00	0.4000	8.33e-15	79
0.210	1.96e-04	0.0	2.99e-04	2.00e-02	0.00	0.00e+00	0.4000	8.33e-15	79
0.210	1.96e-04	0.0	2.99e-04	3.00e-02	0.00	0.00e+00	0.4000	8.33e-15	79
0.210	1.96e-04	0.0	2.99e-04	4.00e-02	0.00	0.00e+00	0.4000	8.33e-15	79
0.200	2.26e-04	0.0	2.71e-04	-5.00e-02	0.00	0.00e+00	0.4000	8.33e-15	80
0.200	2.26e-04	0.0	2.71e-04	-4.00e-02	0.00	0.00e+00	0.4000	8.33e-15	80
0.200	2.26e-04	0.0	2.71e-04	-3.00e-02	0.00	0.00e+00	0.4000	8.33e-15	80
0.200	2.26e-04	0.0	2.71e-04	-2.00e-02	0.00	0.00e+00	0.4000	8.33e-15	80
0.200	2.26e-04	0.0	2.71e-04	-1.00e-02	0.00	0.00e+00	0.4000	8.33e-15	80
0.200	2.26e-04	0.0	2.71e-04	3.47e-18	0.00	0.00e+00	0.4000	8.33e-15	80
0.200	2.26e-04	0.0	2.71e-04	1.00e-02	0.00	0.00e+00	0.4000	8.33e-15	80
0.200	2.26e-04	0.0	2.71e-04	2.00e-02	0.00	0.00e+00	0.4000	8.33e-15	80
0.200	2.26e-04	0.0	2.71e-04	3.00e-02	0.00	0.00e+00	0.4000	8.33e-15	80
0.200	2.26e-04	0.0	2.71e-04	4.00e-02	0.00	0.00e+00	0.4000	8.33e-15	80
0.190	2.53e-04	0.0	2.32e-04	-5.00e-02	0.00	0.00e+00	0.4000	8.33e-15	81
0.190	2.53e-04	0.0	2.32e-04	-4.00e-02	0.00	0.00e+00	0.4000	8.33e-15	81
0.190	2.53e-04	0.0	2.32e-04	-3.00e-02	0.00	0.00e+00	0.4000	8.33e-15	81
0.190	2.53e-04	0.0	2.32e-04	-2.00e-02	0.00	0.00e+00	0.4000	8.33e-15	81
0.190	2.53e-04	0.0	2.32e-04	-1.00e-02	0.00	0.00e+00	0.4000	8.33e-15	81
0.190	2.53e-04	0.0	2.32e-04	3.47e-18	0.00	0.00e+00	0.4000	8.33e-15	81
0.190	2.53e-04	0.0	2.32e-04	1.00e-02	0.00	0.00e+00	0.4000	8.33e-15	81
0.190	2.53e-04	0.0	2.32e-04	2.00e-02	0.00	0.00e+00	0.4000	8.33e-15	81
0.190	2.53e-04	0.0	2.32e-04	3.00e-02	0.00	0.00e+00	0.4000	8.33e-15	81
0.190	2.53e-04	0.0	2.32e-04	4.00e-02	0.00	0.00e+00	0.4000	8.33e-15	81
0.180	2.76e-04	0.0	1.82e-04	-5.00e-02	0.00	0.00e+00	0.4000	8.33e-15	82
0.180	2.76e-04	0.0	1.82e-04	-4.00e-02	0.00	0.00e+00	0.4000	8.33e-15	82
0.180	2.76e-04	0.0	1.82e-04	-3.00e-02	0.00	0.00e+00	0.4000	8.33e-15	82
0.180	2.76e-04	0.0	1.82e-04	-2.00e-02	0.00	0.00e+00	0.4000	8.33e-15	82
0.180	2.76e-04	0.0	1.82e-04	-1.00e-02	0.00	0.00e+00	0.4000	8.33e-15	82
0.180	2.76e-04	0.0	1.82e-04	3.47e-18	0.00	0.00e+00	0.4000	8.33e-15	82
0.180	2.76e-04	0.0	1.82e-04	1.00e-02	0.00	0.00e+00	0.4000	8.33e-15	82
0.180	2.76e-04	0.0	1.82e-04	2.00e-02	0.00	0.00e+00	0.4000	8.33e-15	82
0.180	2.76e-04	0.0	1.82e-04	3.00e-02	0.00	0.00e+00	0.4000	8.33e-15	82
0.180	2.76e-04	0.0	1.82e-04	4.00e-02	0.00	0.00e+00	0.4000	8.33e-15	82
0.170	2.95e-04	0.0	1.20e-04	-5.00e-02	0.00	0.00e+00	0.4000	8.33e-15	83
0.170	2.95e-04	0.0	1.20e-04	-4.00e-02	0.00	0.00e+00	0.4000	8.33e-15	83
0.170	2.95e-04	0.0	1.20e-04	-3.00e-02	0.00	0.00e+00	0.4000	8.33e-15	83
0.170	2.95e-04	0.0	1.20e-04	-2.00e-02	0.00	0.00e+00	0.4000	8.33e-15	83
0.170	2.95e-04	0.0	1.20e-04	-1.00e-02	0.00	0.00e+00	0.4000	8.33e-15	83
0.170	2.95e-04	0.0	1.20e-04	3.47e-18	0.00	0.00e+00	0.4000	8.33e-15	83
0.170	2.95e-04	0.0	1.20e-04	1.00e-02	0.00	0.00e+00	0.4000	8.33e-15	83
0.170	2.95e-04	0.0	1.20e-04	2.00e-02	0.00	0.00e+00	0.4000	8.33e-15	83
0.170	2.95e-04	0.0	1.20e-04	3.00e-02	0.00	0.00e+00	0.4000	8.33e-15	83
0.170	2.95e-04	0.0	1.20e-04	4.00e-02	0.00	0.00e+00	0.4000	8.33e-15	83
0.160	3.07e-04	0.0	4.82e-05	-5.00e-02	0.00	0.00e+00	0.4000	8.33e-15	84
0.160	3.07e-04	0.0	4.82e-05	-4.00e-02	0.00	0.00e+00	0.4000	8.33e-15	84
0.160	3.07e-04	0.0	4.82e-05	-3.00e-02	0.00	0.00e+00	0.4000	8.33e-15	84
0.160	3.07e-04	0.0	4.82e-05	-2.00e-02	0.00	0.00e+00	0.4000	8.33e-15	84
0.160	3.07e-04	0.0	4.82e-05	-1.00e-02	0.00	0.00e+00	0.4000	8.33e-15	84
0.160	3.07e-04	0.0	4.82e-05	3.47e-18	0.00	0.00e+00	0.4000	8.33e-15	84
0.160	3.07e-04	0.0	4.82e-05	1.00e-02	0.00	0.00e+00	0.4000	8.33e-15	84
0.160	3.07e-04	0.0	4.82e-05	2.00e-02	0.00	0.00e+00	0.4000	8.33e-15	84
0.160	3.07e-04	0.0	4.82e-05	3.00e-02	0.00	0.00e+00	0.4000	8.33e-15	84
0.160	3.07e-04	0.0	4.82e-05	4.00e-02	0.00	0.00e+00	0.4000	8.33e-15	84
0.150	3.11e-04	0.0	-3.31e-05	-5.00e-02	0.00	0.00e+00	0.4000	8.33e-15	85
0.150	3.11e-04	0.0	-3.31e-05	-4.00e-02	0.00	0.00e+00	0.4000	8.33e-15	85
0.150	3.11e-04	0.0	-3.31e-05	-3.00e-02	0.00	0.00e+00	0.4000	8.33e-15	85
0.150	3.11e-04	0.0	-3.31e-05	-2.00e-02	0.00	0.00e+00	0.4000	8.33e-15	85
0.150	3.11e-04	0.0	-3.31e-05	-1.00e-02	0.00	0.00e+00	0.4000	8.33e-15	85
0.150	3.11e-04	0.0	-3.31e-05	3.47e-18	0.00	0.00e+00	0.4000	8.33e-15	85
0.150	3.11e-04	0.0	-3.31e-05	1.00e-02	0.00	0.00e+00	0.4000	8.33e-15	85
0.150	3.11e-04	0.0	-3.31e-05	2.00e-02	0.00	0.00e+00	0.4000	8.33e-15	85
0.150	3.11e-04	0.0	-3.31e-05	3.00e-02	0.00	0.00e+00	0.4000	8.33e-15	85
0.150	3.11e-04	0.0	-3.31e-05	4.00e-02	0.00	0.00e+00	0.4000	8.33e-15	85
0.140	3.08e-04	0.0	-1.22e-04	-5.00e-02	0.00	0.00e+00	0.4000	8.33e-15	86
0.140	3.08e-04	0.0	-1.22e-04	-4.00e-02	0.00	0.00e+00	0.4000	8.33e-15	86
0.140	3.08e-04	0.0	-1.22e-04	-3.00e-02	0.00	0.00e+00	0.4000	8.33e-15	86
0.140	3.08e-04	0.0	-1.22e-04	-2.00e-02	0.00	0.00e+00	0.4000	8.33e-15	86
0.140	3.08e-04	0.0	-1.22e-04	-1.00e-02	0.00	0.00e+00	0.4000	8.33e-15	86
0.140	3.08e-04	0.0	-1.22e-04	3.47e-18	0.00	0.00e+00	0.4000	8.33e-15	86
0.140	3.08e-04	0.0	-1.22e-04	1.00e-02	0.00	0.00e+00	0.4000	8.33e-15	86
0.140	3.08e-04	0.0	-1.22e-04	2.00e-02	0.00	0.00e+00	0.4000	8.33e-15	86
0.140	3.08e-04	0.0	-1.22e-04	3.00e-02	0.00	0.00e+00	0.4000	8.33e-15	86
0.140	3.08e-04	0.0	-1.22e-04	4.00e-02	0.00	0.00e+00	0.4000	8.33e-15	86
0.130	2.96e-04	0.0	-2.18e-04	-5.00e-02	0.00	0.00e+00	0.4000	8.33e-15	87
0.130	2.96e-04	0.0	-2.18e-04	-4.00e-02	0.00	0.00e+00	0.4000	8.33e-15	87
0.130	2.96e-04	0.0	-2.18e-04	-3.00e-02	0.00	0.00e+00	0.4000	8.33e-15	87
0.130	2.96e-04	0.0	-2.18e-04	-2.00e-02	0.00	0.00e+00	0.4000	8.33e-15	87
0.130	2.96e-04	0.0	-2.18e-04	-1.00e-02	0.00	0.00e+00	0.4000	8.33e-15	87
0.130	2.96e-04	0.0	-2.18e-04	3.47e-18	0.00	0.00e+00	0.4000	8.33e-15	87
0.130	2.96e-04	0.0	-2.18e-04	1.00e-02	0.00	0.00e+00	0.4000	8.33e-15	87
0.130	2.96e-04	0.0	-2.18e-04	2.00e-02	0.00	0.00e+00	0.4000	8.33e-15	87
0.130	2.96e-04	0.0	-2.18e-04	3.00e-02	0.00	0.00e+00	0.4000	8.33e-15	87
0.130	2.96e-04	0.0	-2.18e-04	4.00e-02	0.00	0.00e+00	0.4000	8.33e-15	87
0.120	2.74e-04	0.0	-3.16e-04	-5.00e-02	0.00	0.00e+00	0.4000	8.33e-15	88
0.120	2.74e-04	0.0	-3.16e-04	-4.00e-02	0.00	0.00e+00	0.4000	8.33e-15	88
0.120	2.74e-04	0.0	-3.16e-04	-3.00e-02	0.00	0.00e+00	0.4000	8.33e-15	88
0.120	2.74e-04	0.0	-3.16e-04	-2.00e-02	0.00	0.00e+00	0.4000	8.33e-15	88
0.120	2.74e-04	0.0	-3.16e-04	-1.00e-02	0.00	0.00e+00	0.4000	8.33e-15	88
0.120	2.74e-04	0.0	-3.16e-04	3.47e-18	0.00	0.00e+00	0.4000	8.33e-15	88
0.120	2.74e-04	0.0	-3.16e-04	1.00e-02	0.00	0.00e+00	0.4000	8.33e-15	88
0.120	2.74e-04	0.0	-3.16e-04	2.00e-02	0.00	0.00e+00	0.4000	8.33e-15	88
0.120	2.74e-04	0.0	-3.16e-04	3.00e-02	0.00	0.00e+00	0.4000	8.33e-15	88
0.120	2.74e-04	0.0	-3.16e-04	4.00e-02	0.00	0.00e+00	0.4000	8.33e-15	88
0.110	2.42e-04	0.0	-4.16e-04	-5.00e-02	0.00	0.00e+00	0.4000	8.33e-15	89
0.110	2.42e-04	0.0	-4.16e-04	-4.00e-02	0.00	0.00e+00	0.4000	8.33e-15	89
0.110	2.42e-04	0.0	-4.16e-04	-3.00e-02	0.00	0.00e+00	0.4000	8.33e-15	89
0.110	2.42e-04	0.0	-4.16e-04	-2.00e-02	0.00	0.00e+00	0.4000	8.33e-15	89
0.110	2.42e-04	0.0	-4.16e-04	-1.00e-02	0.00	0.00e+00	0.4000	8.33e-15	89
0.110	2.42e-04	0.0	-4.16e-04	3.47e-18	0.00	0.00e+00	0.4000	8.33e-15	89
0.110	2.42e-04	0.0	-4.16e-04	1.00e-02	0.00	0.00e+00	0.4000	8.33e-15	89
0.110	2.42e-04	0.0	-4.16e-04	2.00e-02	0.00	0.00e+00	0.4000	8.33e-15	89
0.110	2.42e-04	0.0	-4.16e-04	3.00e-02	0.00	0.00e+00	0.4000	8.33e-15	89
0.110	2.42e-04	0.0	-4.16e-04	4.00e-02	0.00	0.00e+00	0.4000	8.33e-15	89
0.100	2.01e-04	0.0	-5.14e-04	-5.00e-02	0.00	0.00e+00	0.4000	8.33e-15	90
0.100	2.01e-04	0.0	-5.14e-04	-4.00e-02	0.00	0.00e+00	0.4000	8.33e-15	90
0.100	2.01e-04	0.0	-5.14e-04	-3.00e-02	0.00	0.00e+00	0.4000	8.33e-15	90
0.100	2.01e-04	0.0	-5.14e-04	-2.00e-02	0.00	0.00e+00	0.4000	8.33e-15	90
0.100	2.01e-04	0.0	-5.14e-04	-1.00e-02	0.00	0.00e+00	0.4000	8.33e-15	90
0.100	2.01e-04	0.0	-5.14e-04	3.47e-18	0.00	0.00e+00	0.4000	8.33e-15	90
0.100	2.01e-04	0.0	-5.14e-04	1.00e-02	0.00	0.00e+00	0.4000	8.33e-15	90
0.100	2.01e-04	0.0	-5.14e-04	2.00e-02	0.00	0.00e+00	0.4000	8.33e-15	90
0.100	2.01e-04	0.0	-5.14e-04	3.00e-02	0.00	0.00e+00	0.4000	8.33e-15	90
0.100	2.01e-04	0.0	-5.14e-04	4.00e-02	0.00	0.00e+00	0.4000	8.33e-15	90
0.090	1.49e-04	0.0	-6.07e-04	-5.00e-02	0.00	0.00e+00	0.4000	8.33e-15	91
0.090	1.49e-04	0.0	-6.07e-04	-4.00e-02	0.00	0.00e+00	0.4000	8.33e-15	91
0.090	1.49e-04	0.0	-6.07e-04	-3.00e-02	0.00	0.00e+00	0.4000	8.33e-15	91
0.090	1.49e-04	0.0	-6.07e-04	-2.00e-02	0.00	0.00e+00	0.4000	8.33e-15	91
0.090	1.49e-04	0.0	-6.07e-04	-1.00e-02	0.00	0.00e+00	0.4000	8.33e-15	91
0.090	1.49e-04	0.0	-6.07e-04	3.47e-18	0.00	0.00e+00	0.4000	8.33e-15	91
0.090	1.49e-04	0.0	-6.07e-04	1.00e-02	0.00	0.00e+00	0.4000	8.33e-15	91
0.090	1.49e-04	0.0	-6.07e-04	2.00e-02	0.00	0.00e+00	0.4000	8.33e-15	91
0.090	1.49e-04	0.0	-6.07e-04	3.00e-02	0.00	0.00e+00	0.4000	8.33e-15	91
0.090	1.49e-04	0.0	-6.07e-04	4.00e-02	0.00	0.00e+00	0.4000	8.33e-15	91
0.080	8.87e-05	0.0	-6.91e-04	-5.00e-02	0.00	0.00e+00	0.4000	8.33e-15	92
0.080	8.87e-05	0.0	-6.91e-04	-4.00e-02	0.00	0.00e+00	0.4000	8.33e-15	92
0.080	8.87e-05	0.0	-6.91e-04	-3.00e-02	0.00	0.00e+00	0.4000	8.33e-15	92
0.080	8.87e-05	0.0	-6.91e-04	-2.00e-02	0.00	0.00e+00	0.4000	8.33e-15	92
0.080	8.87e-05	0.0	-6.91e-04	-1.00e-02	0.00	0.00e+00	0.4000	8.33e-15	92
0.080	8.87e-05	0.0	-6.91e-04	3.47e-18	0.00	0.00e+00	0.4000	8.33e-15	92
0.080	8.87e-05	0.0	-6.91e-04	1.00e-02	0.00	0.00e+00	0.4000	8.33e-15	92
0.080	8.87e-05	0.0	-6.91e-04	2.00e-02	0.00	0.00e+00	0.4000	8.33e-15	92
0.080	8.87e-05	0.0	-6.91e-04	3.00e-02	0.00	0.00e+00	0.4000	8.33e-15	92
0.080	8.87e-05	0.0	-6.91e-04	4.00e-02	0.00	0.00e+00	0.4000	8.33e-15	92
0.070	1.97e-05	0.0	-7.62e-04	-5.00e-02	0.00	0.00e+00	0.4000	8.33e-15	93
0.070	1.97e-05	0.0	-7.62e-04	-4.00e-02	0.00	0.00e+00	0.4000	8.33e-15	93
0.070	1.97e-05	0.0	-7.62e-04	-3.00e-02	0.00	0.00e+00	0.4000	8.33e-15	93
0.070	1.97e-05	0.0	-7.62e-04	-2.00e-02	0.00	0.00e+00	0.4000	8.33e-15	93
0.070	1.97e-05	0.0	-7.62e-04	-1.00e-02	0.00	0.00e+00	0.4000	8.33e-15	93
0.070	1.97e-05	0.0	-7.62e-04	3.47e-18	0.00	0.00e+00	0.4000	8.33e-15	93
0.070	1.97e-05	0.0	-7.62e-04	1.00e-02	0.00	0.00e+00	0.4000	8.33e-15	93
0.070	1.97e-05	0.0	-7.62e-04	2.00e-02	0.00	0.00e+00	0.4000	8.33e-15	93
0.070	1.97e-05	0.0	-7.62e-04	3.00e-02	0.00	0.00e+00	0.4000	8.33e-15	93
0.070	1.97e-05	0.0	-7.62e-04	4.00e-02	0.00	0.00e+00	0.4000	8.33e-15	93
0.060	-5.65e-05	0.0	-8.18e-04	-5.00e-02	0.00	0.00e+00	0.4000	8.33e-15	94
0.060	-5.65e-05	0.0	-8.18e-04	-4.00e-02	0.00	0.00e+00	0.4000	8.33e-15	94
0.060	-5.65e-05	0.0	-8.18e-04	-3.00e-02	0.00	0.00e+00	0.4000	8.33e-15	94
0.060	-5.65e-05	0.0	-8.18e-04	-2.00e-02	0.00	0.00e+00	0.4000	8.33e-15	94
0.060	-5.65e-05	0.0	-8.18e-04	-1.00e-02	0.00	0.00e+00	0.4000	8.33e-15	94
0.060	-5.65e-05	0.0	-8.18e-04	3.47e-18	0.00	0.00e+00	0.4000	8.33e-15	94
0.060	-5.65e-05	0.0	-8.18e-04	1.00e-02	0.00	0.00e+00	0.4000	8.33e-15	94
0.060	-5.65e-05	0.0	-8.18e-04	2.00e-02	0.00	0.00e+00	0.4000	8.33e-15	94
0.060	-5.65e-05	0.0	-8.18e-04	3.00e-02	0.00	0.00e+00	0.4000	8.33e-15	94
0.060	-5.65e-05	0.0	-8.18e-04	4.00e-02	0.00	0.00e+00	0.4000	8.33e-15	94
0.050	-1.38e-04	0.0	-8.55e-04	-5.00e-02	0.00	0.00e+00	0.4000	8.33e-15	95
0.050	-1.38e-04	0.0	-8.55e-04	-4.00e-02	0.00	0.00e+00	0.4000	8.33e-15	95
0.050	-1.38e-04	0.0	-8.55e-04	-3.00e-02	0.00	0.00e+00	0.4000	8.33e-15	95
0.050	-1.38e-04	0.0	-8.55e-04	-2.00e-02	0.00	0.00e+00	0.4000	8.33e-15	95
0.050	-1.38e-04	0.0	-8.55e-04	-1.00e-02	0.00	0.00e+00	0.4000	8.33e-15	95
0.050	-1.38e-04	0.0	-8.55e-04	3.47e-18	0.00	0.00e+00	0.4000	8.33e-15	95
0.050	-1.38e-04	0.0	-8.55e-04	1.00e-02	0.00	0.00e+00	0.4000	8.33e-15	95
0.050	-1.38e-04	0.0	-8.55e-04	2.00e-02	0.00	0.00e+00	0.4000	8.33e-15	95
0.050	-1.38e-04	0.0	-8.55e-04	3.00e-02	0.00	0.00e+00	0.4000	8.33e-15	95
0.050	-1.38e-04	0.0	-8.55e-04	4.00e-02	0.00	0.00e+00	0.4000	8.33e-15	95
0.040	-2.24e-04	0.0	-8.70e-04	-5.00e-02	0.00	0.00e+00	0.4000	8.33e-15	96
0.040	-2.24e-04	0.0	-8.70e-04	-4.00e-02	0.00	0.00e+00	0.4000	8.33e-15	96
0.040	-2.24e-04	0.0	-8.70e-04	-3.00e-02	0.00	0.00e+00	0.4000	8.33e-15	96
0.040	-2.24e-04	0.0	-8.70e-04	-2.00e-02	0.00	0.00e+00	0.4000	8.33e-15	96
0.040	-2.24e-04	0.0	-8.70e-04	-1.00e-02	0.00	0.00e+00	0.4000	8.33e-15	96
0.040	-2.24e-04	0.0	-8.70e-04	3.47e-18	0.00	0.00e+00	0.4000	8.33e-15	96
0.040	-2.24e-04	0.0	-8.70e-04	1.00e-02	0.00	0.00e+00	0.4000	8.33e-15	96
0.040	-2.24e-04	0.0	-8.70e-04	2.00e-02	0.00	0.00e+00	0.4000	8.33e-15	96
0.040	-2.24e-04	0.0	-8.70e-04	3.00e-02	0.00	0.00e+00	0.4000	8.33e-15	96
0.040	-2.24e-04	0.0	-8.70e-04	4.00e-02	0.00	0.00e+00	0.4000	8.33e-15	96
0.030	-3.11e-04	0.0	-8.59e-04	-5.00e-02	0.00	0.00e+00	0.4000	8.33e-15	97
0.030	-3.11e-04	0.0	-8.59e-04	-4.00e-02	0.00	0.00e+00	0.4000	8.33e-15	97
0.030	-3.11e-04	0.0	-8.59e-04	-3.00e-02	0.00	0.00e+00	0.4000	8.33e-15	97
0.030	-3.11e-04	0.0	-8.59e-04	-2.00e-02	0.00	0.00e+00	0.4000	8.33e-15	97
0.030	-3.11e-04	0.0	-8.59e-04	-1.00e-02	0.00	0.00e+00	0.4000	8.33e-15	97
0.030	-3.11e-04	0.0	-8.59e-04	3.47e-18	0.00	0.00e+00	0.4000	8.33e-15	97
0.030	-3.11e-04	0.0	-8.59e-04	1.00e-02	0.00	0.00e+00	0.4000	8.33e-15	97
0.030	-3.11e-04	0.0	-8.59e-04	2.00e-02	0.00	0.00e+00	0.4000	8.33e-15	97
0.030	-3.11e-04	0.0	-8.59e-04	3.00e-02	0.00	0.00e+00	0.4000	8.33e-15	97
0.030	-3.11e-04	0.0	-8.59e-04	4.00e-02	0.00	0.00e+00	0.4000	8.33e-15	97
0.020	-3.97e-04	0.0	-8.22e-04	-5.00e-02	0.00	0.00e+00	0.4000	8.33e-15	98
0.020	-3.97e-04	0.0	-8.22e-04	-4.00e-02	0.00	0.00e+00	0.4000	8.33e-15	98
0.020	-3.97e-04	0.0	-8.22e-04	-3.00e-02	0.00	0.00e+00	0.4000	8.33e-15	98
0.020	-3.97e-04	0.0	-8.22e-04	-2.00e-02	0.00	0.00e+00	0.4000	8.33e-15	98
0.020	-3.97e-04	0.0	-8.22e-04	-1.00e-02	0.00	0.00e+00	0.4000	8.33e-15	98
0.020	-3.97e-04	0.0	-8.22e-04	3.47e-18	0.00	0.00e+00	0.4000	8.33e-15	98
0.020	-3.97e-04	0.0	-8.22e-04	1.00e-02	0.00	0.00e+00	0.4000	8.33e-15	98
0.020	-3.97e-04	0.0	-8.22e-04	2.00e-02	0.00	0.00e+00	0.4000	8.33e-15	98
0.020	-3.97e-04	0.0	-8.22e-04	3.00e-02	0.00	0.00e+00	0.4000	8.33e-15	98
0.020	-3.97e-04	0.0	-8.22e-04	4.00e-02	0.00	0.00e+00	0.4000	8.33e-15	98
0.010	-4.79e-04	0.0	-7.78e-04	-5.00e-02	0.00	0.00e+00	0.4000	8.33e-15	99
0.010	-4.79e-04	0.0	-7.78e-04	-4.00e-02	0.00	0.00e+00	0.4000	8.33e-15	99
0.010	-4.79e-04	0.0	-7.78e-04	-3.00e-02	0.00	0.00e+00	0.4000	8.33e-15	99
0.010	-4.79e-04	0.0	-7.78e-04	-2.00e-02	0.00	0.00e+00	0.4000	8.33e-15	99
0.010	-4.79e-04	0.0	-7.78e-04	-1.00e-02	0.00	0.00e+00	0.4000	8.33e-15	99
0.010	-4.79e-04	0.0	-7.78e-04	3.47e-18	0.00	0.00e+00	0.4000	8.33e-15	99
0.010	-4.79e-04	0.0	-7.78e-04	1.00e-02	0.00	0.00e+00	0.4000	8.33e-15	99
0.010	-4.79e-04	0.0	-7.78e-04	2.00e-02	0.00	0.00e+00	0.4000	8.33e-15	99
0.010	-4.79e-04	0.0	-7.78e-04	3.00e-02	0.00	0.00e+00	0.4000	8.33e-15	99
0.010	-4.79e-04	0.0	-7.78e-04	4.00e-02	0.00	0.00e+00	0.4000	8.33e-15	99
