1.000	0.00e+00	0.0	0.00e+00	-5.00e-04	0.00	-8.79e+00	1.1454	8.33e-17	0
0.981	-2.35e-02	0.0	-3.07e-10	-5.00e-04	0.00	-0.00e+00	1.1454	8.33e-17	19
0.962	-4.85e-02	0.0	-3.09e-10	-5.00e-04	0.00	-0.00e+00	1.1454	8.33e-17	38
0.943	-7.35e-02	0.0	-3.11e-10	-5.00e-04	0.00	-0.00e+00	1.1454	8.33e-17	57
0.924	-9.88e-02	0.0	-3.13e-10	-5.00e-04	0.00	-0.00e+00	1.1454	8.33e-17	76
0.905	-1.24e-01	0.0	-3.14e-10	-5.00e-04	0.00	-0.00e+00	1.1454	8.33e-17	95
0.886	-1.50e-01	0.0	-3.16e-10	-5.00e-04	0.00	-0.00e+00	1.1454	8.33e-17	114
0.867	-1.75e-01	0.0	-3.18e-10	-5.00e-04	0.00	-0.00e+00	1.1454	8.33e-17	133
0.848	-2.01e-01	0.0	-3.20e-10	-5.00e-04	0.00	-0.00e+00	1.1454	8.33e-17	152
0.829	-2.27e-01	0.0	-3.22e-10	-5.00e-04	0.00	-0.00e+00	1.1454	8.33e-17	171
0.810	-2.53e-01	0.0	-3.23e-10	-5.00e-04	0.00	-0.00e+00	1.1454	8.33e-17	190
0.791	-2.79e-01	0.0	-3.25e-10	-5.00e-04	0.00	-0.00e+00	1.1454	8.33e-17	209
0.772	-3.06e-01	0.0	-3.27e-10	-5.00e-04	0.00	-0.00e+00	1.1454	8.33e-17	228
0.753	-3.32e-01	0.0	-3.29e-10	-5.00e-04	0.00	-0.00e+00	1.1454	8.33e-17	247
0.734	-3.59e-01	0.0	-3.30e-10	-5.00e-04	0.00	-0.00e+00	1.1454	8.33e-17	266
0.715	-3.86e-01	0.0	-3.32e-10	-5.00e-04	0.00	-0.00e+00	1.1454	8.33e-17	285
0.696	-4.13e-01	0.0	-3.34e-10	-5.00e-04	0.00	-0.00e+00	1.1454	8.33e-17	304
0.677	-4.40e-01	0.0	-3.36e-10	-5.00e-04	0.00	-0.00e+00	1.1454	8.33e-17	323
0.658	-4.67e-01	0.0	-3.37e-10	-5.00e-04	0.00	-0.00e+00	1.1454	8.33e-17	342
0.639	-4.94e-01	0.0	-3.39e-10	-5.00e-04	0.00	-0.00e+00	1.1454	8.33e-17	361
0.620	-5.22e-01	0.0	-3.41e-10	-5.00e-04	0.00	-0.00e+00	1.1454	8.33e-17	380
0.601	-5.50e-01	0.0	-3.43e-10	-5.00e-04	0.00	-0.00e+00	1.1454	8.33e-17	399
0.582	-5.77e-01	0.0	-3.45e-10	-5.00e-04	0.00	-0.00e+00	1.1454	8.33e-17	418
0.563	-6.05e-01	0.0	-3.46e-10	-5.00e-04	0.00	-0.00e+00	1.1454	8.33e-17	437
0.544	-6.33e-01	0.0	-3.48e-10	-5.00e-04	0.00	-0.00e+00	1.1454	8.33e-17	456
0.525	-6.62e-01	0.0	-3.50e-10	-5.00e-04	0.00	-0.00e+00	1.1454	8.33e-17	475
0.506	-6.90e-01	0.0	-3.52e-10	-5.00e-04	0.00	-0.00e+00	1.1454	8.33e-17	494
0.487	-7.19e-01	0.0	-3.53e-10	-5.00e-04	0.00	-0.00e+00	1.1454	8.33e-17	513
0.468	-7.47e-01	0.0	-3.55e-10	-5.00e-04	0.00	-0.00e+00	1.1454	8.33e-17	532
0.449	-7.76e-01	0.0	-3.57e-10	-5.00e-04	0.00	-0.00e+00	1.1454	8.33e-17	551
0.430	-8.05e-01	0.0	-3.59e-10	-5.00e-04	0.00	-0.00e+00	1.1454	8.33e-17	570
0.411	-8.34e-01	0.0	-3.61e-10	-5.00e-04	0.00	-0.00e+00	1.1454	8.33e-17	589
0.392	-8.63e-01	0.0	-3.62e-10	-5.00e-04	0.00	-0.00e+00	1.1454	8.33e-17	608
0.373	-8.93e-01	0.0	-3.64e-10	-5.00e-04	0.00	-0.00e+00	1.1454	8.33e-17	627
0.354	-9.22e-01	0.0	-3.66e-10	-5.00e-04	0.00	-0.00e+00	1.1454	8.33e-17	646
0.335	-9.52e-01	0.0	-3.68e-10	-5.00e-04	0.00	-0.00e+00	1.1454	8.33e-17	665
0.316	-9.82e-01	0.0	-3.70e-10	-5.00e-04	0.00	-0.00e+00	1.1454	8.33e-17	684
0.297	-1.01e+00	0.0	-3.71e-10	-5.00e-04	0.00	-0.00e+00	1.1454	8.33e-17	703
0.278	-1.04e+00	0.0	-3.73e-10	-5.00e-04	0.00	-0.00e+00	1.1454	8.33e-17	722
0.259	-1.07e+00	0.0	-3.75e-10	-5.00e-04	0.00	-0.00e+00	1.1454	8.33e-17	741
0.240	-1.10e+00	0.0	-3.77e-10	-5.00e-04	0.00	-0.00e+00	1.1454	8.33e-17	760
0.221	-1.13e+00	0.0	-3.79e-10	-5.00e-04	0.00	-0.00e+00	1.1454	8.33e-17	779
0.202	-1.16e+00	0.0	-3.80e-10	-5.00e-04	0.00	-0.00e+00	1.1454	8.33e-17	798
0.183	-1.19e+00	0.0	-3.82e-10	-5.00e-04	0.00	-0.00e+00	1.1454	8.33e-17	817
0.164	-1.23e+00	0.0	-3.84e-10	-5.00e-04	0.00	-0.00e+00	1.1454	8.33e-17	836
0.145	-1.26e+00	0.0	-3.86e-10	-5.00e-04	0.00	-0.00e+00	1.1454	8.33e-17	855
0.126	-1.29e+00	0.0	-3.88e-10	-5.00e-04	0.00	-0.00e+00	1.1454	8.33e-17	874
0.107	-1.32e+00	0.0	-3.89e-10	-5.00e-04	0.00	-0.00e+00	1.1454	8.33e-17	893
0.088	-1.35e+00	0.0	-3.91e-10	-5.00e-04	0.00	-0.00e+00	1.1454	8.33e-17	912
0.069	-1.38e+00	0.0	-3.93e-10	-5.00e-04	0.00	-0.00e+00	1.1454	8.33e-17	931
0.050	-1.41e+00	0.0	-3.95e-10	-5.00e-04	0.00	-0.00e+00	1.1454	8.33e-17	950
0.031	-1.45e+00	0.0	-3.97e-10	-5.00e-04	0.00	-0.00e+00	1.1454	8.33e-17	969
0.012	-1.48e+00	0.0	-3.98e-10	-5.00e-04	0.00	-0.00e+00	1.1454	8.33e-17	988
