0.00e+00	0.00e+00	0.00e+00	0.00e+00	-5.00e-04	0.00e+00	7.91e-02	0.9200	8.33e-17	0
2.00e-02	7.57e-08	0.00e+00	2.44e-04	-5.00e-04	0.00e+00	0.00e+00	0.9200	8.33e-17	20
4.00e-02	4.70e-09	0.00e+00	-1.51e-01	-5.00e-04	0.00e+00	0.00e+00	0.9200	8.33e-17	40
6.00e-02	-2.50e-06	0.00e+00	-4.57e-01	-5.00e-04	0.00e+00	0.00e+00	0.9200	8.33e-17	60
8.00e-02	-1.22e-05	0.00e+00	-9.18e-01	-5.00e-04	0.00e+00	0.00e+00	0.9200	8.33e-17	80
1.00e-01	-3.64e-05	0.00e+00	-1.53e+00	-5.00e-04	0.00e+00	0.00e+00	0.9200	8.33e-17	100
1.20e-01	-8.48e-05	0.00e+00	-2.31e+00	-5.00e-04	0.00e+00	0.00e+00	0.9200	8.33e-17	120
1.40e-01	-1.70e-04	0.00e+00	-3.23e+00	-5.00e-04	0.00e+00	0.00e+00	0.9200	8.33e-17	140
1.60e-01	-3.06e-04	0.00e+00	-4.31e+00	-5.00e-04	0.00e+00	0.00e+00	0.9200	8.33e-17	160
1.80e-01	-5.10e-04	0.00e+00	-5.55e+00	-5.00e-04	0.00e+00	0.00e+00	0.9200	8.33e-17	180
2.00e-01	-8.02e-04	0.00e+00	-6.94e+00	-5.00e-04	0.00e+00	0.00e+00	0.9200	8.33e-17	200
2.20e-01	-1.20e-03	0.00e+00	-8.49e+00	-5.00e-04	0.00e+00	0.00e+00	0.9200	8.33e-17	220
2.40e-01	-1.74e-03	0.00e+00	-1.02e+01	-5.00e-04	0.00e+00	0.00e+00	0.9200	8.33e-17	240
2.60e-01	-2.44e-03	0.00e+00	-1.20e+01	-5.00e-04	0.00e+00	0.00e+00	0.9200	8.33e-17	260
2.80e-01	-3.33e-03	0.00e+00	-1.40e+01	-5.00e-04	0.00e+00	0.00e+00	0.9200	8.33e-17	280
3.00e-01	-4.44e-03	0.00e+00	-1.62e+01	-5.00e-04	0.00e+00	0.00e+00	0.9200	8.33e-17	300
3.20e-01	-5.81e-03	0.00e+00	-1.85e+01	-5.00e-04	0.00e+00	0.00e+00	0.9200	8.33e-17	320
3.40e-01	-7.48e-03	0.00e+00	-2.10e+01	-5.00e-04	0.00e+00	0.00e+00	0.9200	8.33e-17	340
3.60e-01	-9.48e-03	0.00e+00	-2.36e+01	-5.00e-04	0.00e+00	0.00e+00	0.9200	8.33e-17	360
3.80e-01	-1.19e-02	0.00e+00	-2.64e+01	-5.00e-04	0.00e+00	0.00e+00	0.9200	8.33e-17	380
4.00e-01	-1.46e-02	0.00e+00	-2.93e+01	-5.00e-04	0.00e+00	0.00e+00	0.9200	8.33e-17	400
4.20e-01	-1.79e-02	0.00e+00	-3.24e+01	-5.00e-04	0.00e+00	0.00e+00	0.9200	8.33e-17	420
4.40e-01	-2.17e-02	0.00e+00	-3.56e+01	-5.00e-04	0.00e+00	0.00e+00	0.9200	8.33e-17	440
4.60e-01	-2.60e-02	0.00e+00	-3.89e+01	-5.00e-04	0.00e+00	0.00e+00	0.9200	8.33e-17	460
4.80e-01	-3.10e-02	0.00e+00	-4.25e+01	-5.00e-04	0.00e+00	0.00e+00	0.9200	8.33e-17	480
5.00e-01	-3.66e-02	0.00e+00	-4.61e+01	-5.00e-04	0.00e+00	0.00e+00	0.9200	8.33e-17	500
5.20e-01	-4.30e-02	0.00e+00	-4.99e+01	-5.00e-04	0.00e+00	0.00e+00	0.9200	8.33e-17	520
5.40e-01	-5.02e-02	0.00e+00	-5.39e+01	-5.00e-04	0.00e+00	0.00e+00	0.9200	8.33e-17	540
5.60e-01	-5.82e-02	0.00e+00	-5.80e+01	-5.00e-04	0.00e+00	0.00e+00	0.9200	8.33e-17	560
5.80e-01	-6.72e-02	0.00e+00	-6.22e+01	-5.00e-04	0.00e+00	0.00e+00	0.9200	8.33e-17	580
6.00e-01	-7.71e-02	0.00e+00	-6.66e+01	-5.00e-04	0.00e+00	0.00e+00	0.9200	8.33e-17	600
6.20e-01	-8.81e-02	0.00e+00	-7.11e+01	-5.00e-04	0.00e+00	0.00e+00	0.9200	8.33e-17	620
6.40e-01	-1.00e-01	0.00e+00	-7.57e+01	-5.00e-04	0.00e+00	0.00e+00	0.9200	8.33e-17	640
6.60e-01	-1.14e-01	0.00e+00	-8.05e+01	-5.00e-04	0.00e+00	0.00e+00	0.9200	8.33e-17	660
6.80e-01	-1.28e-01	0.00e+00	-8.54e+01	-5.00e-04	0.00e+00	0.00e+00	0.9200	8.33e-17	680
7.00e-01	-1.44e-01	0.00e+00	-9.05e+01	-5.00e-04	0.00e+00	0.00e+00	0.9200	8.33e-17	700
7.20e-01	-1.62e-01	0.00e+00	-9.57e+01	-5.00e-04	0.00e+00	0.00e+00	0.9200	8.33e-17	720
7.40e-01	-1.81e-01	0.00e+00	-1.01e+02	-5.00e-04	0.00e+00	0.00e+00	0.9200	8.33e-17	740
7.60e-01	-2.01e-01	0.00e+00	-1.06e+02	-5.00e-04	0.00e+00	0.00e+00	0.9200	8.33e-17	760
7.80e-01	-2.24e-01	0.00e+00	-1.12e+02	-5.00e-04	0.00e+00	0.00e+00	0.9200	8.33e-17	780
8.00e-01	-2.48e-01	0.00e+00	-1.18e+02	-5.00e-04	0.00e+00	0.00e+00	0.9200	8.33e-17	800
8.20e-01	-2.74e-01	0.00e+00	-1.23e+02	-5.00e-04	0.00e+00	0.00e+00	0.9200	8.33e-17	820
8.40e-01	-3.01e-01	0.00e+00	-1.29e+02	-5.00e-04	0.00e+00	0.00e+00	0.9200	8.33e-17	840
8.60e-01	-3.31e-01	0.00e+00	-1.36e+02	-5.00e-04	0.00e+00	0.00e+00	0.9200	8.33e-17	860
8.80e-01	-3.64e-01	0.00e+00	-1.42e+02	-5.00e-04	0.00e+00	0.00e+00	0.9200	8.33e-17	880
9.00e-01	-3.98e-01	0.00e+00	-1.48e+02	-5.00e-04	0.00e+00	0.00e+00	0.9200	8.33e-17	900
9.20e-01	-4.35e-01	0.00e+00	-1.54e+02	-5.00e-04	0.00e+00	0.00e+00	0.9200	8.33e-17	920
9.40e-01	-4.74e-01	0.00e+00	-1.61e+02	-5.00e-04	0.00e+00	0.00e+00	0.9200	8.33e-17	940
9.60e-01	-5.16e-01	0.00e+00	-1.68e+02	-5.00e-04	0.00e+00	0.00e+00	0.9200	8.33e-17	960
9.80e-01	-5.60e-01	0.00e+00	-1.75e+02	-5.00e-04	0.00e+00	0.00e+00	0.9200	8.33e-17	980
9.99e-01	-6.05e-01	0.00e+00	-1.81e+02	-5.00e-04	0.00e+00	0.00e+00	0.9200	8.33e-17	999
