1.000	0.00e+00	0.0	0.00e+00	-5.00e-02	0.00	0.00e+00	1.3000	8.33e-15	0
1.000	0.00e+00	0.0	0.00e+00	-4.00e-02	0.00	0.00e+00	1.3000	8.33e-15	0
1.000	0.00e+00	0.0	0.00e+00	-3.00e-02	0.00	0.00e+00	1.3000	8.33e-15	0
1.000	0.00e+00	0.0	0.00e+00	-2.00e-02	0.00	0.00e+00	1.3000	8.33e-15	0
1.000	0.00e+00	0.0	0.00e+00	-1.00e-02	0.00	0.00e+00	1.3000	8.33e-15	0
1.000	0.00e+00	0.0	0.00e+00	3.47e-18	0.00	0.00e+00	1.3000	8.33e-15	0
1.000	0.00e+00	0.0	0.00e+00	1.00e-02	0.00	0.00e+00	1.3000	8.33e-15	0
1.000	0.00e+00	0.0	0.00e+00	2.00e-02	0.00	0.00e+00	1.3000	8.33e-15	0
1.000	0.00e+00	0.0	0.00e+00	3.00e-02	0.00	0.00e+00	1.3000	8.33e-15	0
1.000	0.00e+00	0.0	0.00e+00	4.00e-02	0.00	0.00e+00	1.3000	8.33e-15	0
0.990	0.00e+00	0.0	4.56e-07	-5.00e-02	0.00	0.00e+00	1.3000	8.33e-15	1
0.990	0.00e+00	0.0	4.56e-07	-4.00e-02	0.00	0.00e+00	1.3000	8.33e-15	1
0.990	0.00e+00	0.0	4.56e-07	-3.00e-02	0.00	0.00e+00	1.3000	8.33e-15	1
0.990	0.00e+00	0.0	4.56e-07	-2.00e-02	0.00	0.00e+00	1.3000	8.33e-15	1
0.990	0.00e+00	0.0	4.56e-07	-1.00e-02	0.00	0.00e+00	1.3000	8.33e-15	1
0.990	0.00e+00	0.0	4.56e-07	3.47e-18	0.00	0.00e+00	1.3000	8.33e-15	1
0.990	0.00e+00	0.0	4.56e-07	1.00e-02	0.00	0.00e+00	1.3000	8.33e-15	1
0.990	0.00e+00	0.0	4.56e-07	2.00e-02	0.00	0.00e+00	1.3000	8.33e-15	1
0.990	0.00e+00	0.0	4.56e-07	3.00e-02	0.00	0.00e+00	1.3000	8.33e-15	1
0.990	0.00e+00	0.0	4.56e-07	4.00e-02	0.00	0.00e+00	1.3000	8.33e-15	1
0.980	4.56e-08	0.0	9.21e-07	-5.00e-02	0.00	0.00e+00	1.3000	8.33e-15	2
0.980	4.56e-08	0.0	9.21e-07	-4.00e-02	0.00	0.00e+00	1.3000	8.33e-15	2
0.980	4.56e-08	0.0	9.21e-07	-3.00e-02	0.00	0.00e+00	1.3000	8.33e-15	2
0.980	4.56e-08	0.0	9.21e-07	-2.00e-02	0.00	0.00e+00	1.3000	8.33e-15	2
0.980	4.56e-08	0.0	9.21e-07	-1.00e-02	0.00	0.00e+00	1.3000	8.33e-15	2
0.980	4.56e-08	0.0	9.21e-07	3.47e-18	0.00	0.00e+00	1.3000	8.33e-15	2
0.980	4.56e-08	0.0	9.21e-07	1.00e-02	0.00	0.00e+00	1.3000	8.33e-15	2
0.980	4.56e-08	0.0	9.21e-07	2.00e-02	0.00	0.00e+00	1.3000	8.33e-15	2
0.980	4.56e-08	0.0	9.21e-07	3.00e-02	0.00	0.00e+00	1.3000	8.33e-15	2
0.980	4.56e-08	0.0	9.21e-07	4.00e-02	0.00	0.00e+00	1.3000	8.33e-15	2
0.970	1.38e-07	0.0	1.38e-06	-5.00e-02	0.00	0.00e+00	1.3000	8.33e-15	3
0.970	1.38e-07	0.0	1.38e-06	-4.00e-02	0.00	0.00e+00	1.3000	8.33e-15	3
0.970	1.38e-07	0.0	1.38e-06	-3.00e-02	0.00	0.00e+00	1.3000	8.33e-15	3
0.970	1.38e-07	0.0	1.38e-06	-2.00e-02	0.00	0.00e+00	1.3000	8.33e-15	3
0.970	1.38e-07	0.0	1.38e-06	-1.00e-02	0.00	0.00e+00	1.3000	8.33e-15	3
0.970	1.38e-07	0.0	1.38e-06	3.47e-18	0.00	0.00e+00	1.3000	8.33e-15	3
0.970	1.38e-07	0.0	1.38e-06	1.00e-02	0.00	0.00e+00	1.3000	8.33e-15	3
0.970	1.38e-07	0.0	1.38e-06	2.00e-02	0.00	0.00e+00	1.3000	8.33e-15	3
0.970	1.38e-07	0.0	1.38e-06	3.00e-02	0.00	0.00e+00	1.3000	8.33e-15	3
0.970	1.38e-07	0.0	1.38e-06	4.00e-02	0.00	0.00e+00	1.3000	8.33e-15	3
0.960	2.76e-07	0.0	1.84e-06	-5.00e-02	0.00	0.00e+00	1.3000	8.33e-15	4
0.960	2.76e-07	0.0	1.84e-06	-4.00e-02	0.00	0.00e+00	1.3000	8.33e-15	4
0.960	2.76e-07	0.0	1.84e-06	-3.00e-02	0.00	0.00e+00	1.3000	8.33e-15	4
0.960	2.76e-07	0.0	1.84e-06	-2.00e-02	0.00	0.00e+00	1.3000	8.33e-15	4
0.960	2.76e-07	0.0	1.84e-06	-1.00e-02	0.00	0.00e+00	1.3000	8.33e-15	4
0.960	2.76e-07	0.0	1.84e-06	3.47e-18	0.00	0.00e+00	1.3000	8.33e-15	4
0.960	2.76e-07	0.0	1.84e-06	1.00e-02	0.00	0.00e+00	1.3000	8.33e-15	4
0.960	2.76e-07	0.0	1.84e-06	2.00e-02	0.00	0.00e+00	1.3000	8.33e-15	4
0.960	2.76e-07	0.0	1.84e-06	3.00e-02	0.00	0.00e+00	1.3000	8.33e-15	4
0.960	2.76e-07	0.0	1.84e-06	4.00e-02	0.00	0.00e+00	1.3000	8.33e-15	4
0.950	4.60e-07	0.0	2.30e-06	-5.00e-02	0.00	0.00e+00	1.3000	8.33e-15	5
0.950	4.60e-07	0.0	2.30e-06	-4.00e-02	0.00	0.00e+00	1.3000	8.33e-15	5
0.950	4.60e-07	0.0	2.30e-06	-3.00e-02	0.00	0.00e+00	1.3000	8.33e-15	5
0.950	4.60e-07	0.0	2.30e-06	-2.00e-02	0.00	0.00e+00	1.3000	8.33e-15	5
0.950	4.60e-07	0.0	2.30e-06	-1.00e-02	0.00	0.00e+00	1.3000	8.33e-15	5
0.950	4.60e-07	0.0	2.30e-06	3.47e-18	0.00	0.00e+00	1.3000	8.33e-15	5
0.950	4.60e-07	0.0	2.30e-06	1.00e-02	0.00	0.00e+00	1.3000	8.33e-15	5
0.950	4.60e-07	0.0	2.30e-06	2.00e-02	0.00	0.00e+00	1.3000	8.33e-15	5
0.950	4.60e-07	0.0	2.30e-06	3.00e-02	0.00	0.00e+00	1.3000	8.33e-15	5
0.950	4.60e-07	0.0	2.30e-06	4.00e-02	0.00	0.00e+00	1.3000	8.33e-15	5
0.940	6.91e-07	0.0	2.76e-06	-5.00e-02	0.00	0.00e+00	1.3000	8.33e-15	6
0.940	6.91e-07	0.0	2.76e-06	-4.00e-02	0.00	0.00e+00	1.3000	8.33e-15	6
0.940	6.91e-07	0.0	2.76e-06	-3.00e-02	0.00	0.00e+00	1.3000	8.33e-15	6
0.940	6.91e-07	0.0	2.76e-06	-2.00e-02	0.00	0.00e+00	1.3000	8.33e-15	6
0.940	6.91e-07	0.0	2.76e-06	-1.00e-02	0.00	0.00e+00	1.3000	8.33e-15	6
0.940	6.91e-07	0.0	2.76e-06	3.47e-18	0.00	0.00e+00	1.3000	8.33e-15	6
0.940	6.91e-07	0.0	2.76e-06	1.00e-02	0.00	0.00e+00	1.3000	8.33e-15	6
0.940	6.91e-07	0.0	2.76e-06	2.00e-02	0.00	0.00e+00	1.3000	8.33e-15	6
0.940	6.91e-07	0.0	2.76e-06	3.00e-02	0.00	0.00e+00	1.3000	8.33e-15	6
0.940	6.91e-07	0.0	2.76e-06	4.00e-02	0.00	0.00e+00	1.3000	8.33e-15	6
0.930	9.67e-07	0.0	3.22e-06	-5.00e-02	0.00	0.00e+00	1.3000	8.33e-15	7
0.930	9.67e-07	0.0	3.22e-06	-4.00e-02	0.00	0.00e+00	1.3000	8.33e-15	7
0.930	9.67e-07	0.0	3.22e-06	-3.00e-02	0.00	0.00e+00	1.3000	8.33e-15	7
0.930	9.67e-07	0.0	3.22e-06	-2.00e-02	0.00	0.00e+00	1.3000	8.33e-15	7
0.930	9.67e-07	0.0	3.22e-06	-1.00e-02	0.00	0.00e+00	1.3000	8.33e-15	7
0.930	9.67e-07	0.0	3.22e-06	3.47e-18	0.00	0.00e+00	1.3000	8.33e-15	7
0.930	9.67e-07	0.0	3.22e-06	1.00e-02	0.00	0.00e+00	1.3000	8.33e-15	7
0.930	9.67e-07	0.0	3.22e-06	2.00e-02	0.00	0.00e+00	1.3000	8.33e-15	7
0.930	9.67e-07	0.0	3.22e-06	3.00e-02	0.00	0.00e+00	1.3000	8.33e-15	7
0.930	9.67e-07	0.0	3.22e-06	4.00e-02	0.00	0.00e+00	1.3000	8.33e-15	7
0.920	1.29e-06	0.0	3.69e-06	-5.00e-02	0.00	0.00e+00	1.3000	8.33e-15	8
0.920	1.29e-06	0.0	3.69e-06	-4.00e-02	0.00	0.00e+00	1.3000	8.33e-15	8
0.920	1.29e-06	0.0	3.69e-06	-3.00e-02	0.00	0.00e+00	1.3000	8.33e-15	8
0.920	1.29e-06	0.0	3.69e-06	-2.00e-02	0.00	0.00e+00	1.3000	8.33e-15	8
0.920	1.29e-06	0.0	3.69e-06	-1.00e-02	0.00	0.00e+00	1.3000	8.33e-15	8
0.920	1.29e-06	0.0	3.69e-06	3.47e-18	0.00	0.00e+00	1.3000	8.33e-15	8
0.920	1.29e-06	0.0	3.69e-06	1.00e-02	0.00	0.00e+00	1.3000	8.33e-15	8
0.920	1.29e-06	0.0	3.69e-06	2.00e-02	0.00	0.00e+00	1.3000	8.33e-15	8
0.920	1.29e-06	0.0	3.69e-06	3.00e-02	0.00	0.00e+00	1.3000	8.33e-15	8
0.920	1.29e-06	0.0	3.69e-06	4.00e-02	0.00	0.00e+00	1.3000	8.33e-15	8
0.910	1.66e-06	0.0	4.15e-06	-5.00e-02	0.00	0.00e+00	1.3000	8.33e-15	9
0.910	1.66e-06	0.0	4.15e-06	-4.00e-02	0.00	0.00e+00	1.3000	8.33e-15	9
0.910	1.66e-06	0.0	4.15e-06	-3.00e-02	0.00	0.00e+00	1.3000	8.33e-15	9
0.910	1.66e-06	0.0	4.15e-06	-2.00e-02	0.00	0.00e+00	1.3000	8.33e-15	9
0.910	1.66e-06	0.0	4.15e-06	-1.00e-02	0.00	0.00e+00	1.3000	8.33e-15	9
0.910	1.66e-06	0.0	4.15e-06	3.47e-18	0.00	0.00e+00	1.3000	8.33e-15	9
0.910	1.66e-06	0.0	4.15e-06	1.00e-02	0.00	0.00e+00	1.3000	8.33e-15	9
0.910	1.66e-06	0.0	4.15e-06	2.00e-02	0.00	0.00e+00	1.3000	8.33e-15	9
0.910	1.66e-06	0.0	4.15e-06	3.00e-02	0.00	0.00e+00	1.3000	8.33e-15	9
0.910	1.66e-06	0.0	4.15e-06	4.00e-02	0.00	0.00e+00	1.3000	8.33e-15	9
0.900	2.07e-06	0.0	4.61e-06	-5.00e-02	0.00	0.00e+00	1.3000	8.33e-15	10
0.900	2.07e-06	0.0	4.61e-06	-4.00e-02	0.00	0.00e+00	1.3000	8.33e-15	10
0.900	2.07e-06	0.0	4.61e-06	-3.00e-02	0.00	0.00e+00	1.3000	8.33e-15	10
0.900	2.07e-06	0.0	4.61e-06	-2.00e-02	0.00	0.00e+00	1.3000	8.33e-15	10
0.900	2.07e-06	0.0	4.61e-06	-1.00e-02	0.00	0.00e+00	1.3000	8.33e-15	10
0.900	2.07e-06	0.0	4.61e-06	3.47e-18	0.00	0.00e+00	1.3000	8.33e-15	10
0.900	2.07e-06	0.0	4.61e-06	1.00e-02	0.00	0.00e+00	1.3000	8.33e-15	10
0.900	2.07e-06	0.0	4.61e-06	2.00e-02	0.00	0.00e+00	1.3000	8.33e-15	10
0.900	2.07e-06	0.0	4.61e-06	3.00e-02	0.00	0.00e+00	1.3000	8.33e-15	10
0.900	2.07e-06	0.0	4.61e-06	4.00e-02	0.00	0.00e+00	1.3000	8.33e-15	10
0.890	2.53e-06	0.0	5.07e-06	-5.00e-02	0.00	0.00e+00	1.3000	8.33e-15	11
0.890	2.53e-06	0.0	5.07e-06	-4.00e-02	0.00	0.00e+00	1.3000	8.33e-15	11
0.890	2.53e-06	0.0	5.07e-06	-3.00e-02	0.00	0.00e+00	1.3000	8.33e-15	11
0.890	2.53e-06	0.0	5.07e-06	-2.00e-02	0.00	0.00e+00	1.3000	8.33e-15	11
0.890	2.53e-06	0.0	5.07e-06	-1.00e-02	0.00	0.00e+00	1.3000	8.33e-15	11
0.890	2.53e-06	0.0	5.07e-06	3.47e-18	0.00	0.00e+00	1.3000	8.33e-15	11
0.890	2.53e-06	0.0	5.07e-06	1.00e-02	0.00	0.00e+00	1.3000	8.33e-15	11
0.890	2.53e-06	0.0	5.07e-06	2.00e-02	0.00	0.00e+00	1.3000	8.33e-15	11
0.890	2.53e-06	0.0	5.07e-06	3.00e-02	0.00	0.00e+00	1.3000	8.33e-15	11
0.890	2.53e-06	0.0	5.07e-06	4.00e-02	0.00	0.00e+00	1.3000	8.33e-15	11
0.880	3.04e-06	0.0	5.53e-06	-5.00e-02	0.00	0.00e+00	1.3000	8.33e-15	12
0.880	3.04e-06	0.0	5.53e-06	-4.00e-02	0.00	0.00e+00	1.3000	8.33e-15	12
0.880	3.04e-06	0.0	5.53e-06	-3.00e-02	0.00	0.00e+00	1.3000	8.33e-15	12
0.880	3.04e-06	0.0	5.53e-06	-2.00e-02	0.00	0.00e+00	1.3000	8.33e-15	12
0.880	3.04e-06	0.0	5.53e-06	-1.00e-02	0.00	0.00e+00	1.3000	8.33e-15	12
0.880	3.04e-06	0.0	5.53e-06	3.47e-18	0.00	0.00e+00	1.3000	8.33e-15	12
0.880	3.04e-06	0.0	5.53e-06	1.00e-02	0.00	0.00e+00	1.3000	8.33e-15	12
0.880	3.04e-06	0.0	5.53e-06	2.00e-02	0.00	0.00e+00	1.3000	8.33e-15	12
0.880	3.04e-06	0.0	5.53e-06	3.00e-02	0.00	0.00e+00	1.3000	8.33e-15	12
0.880	3.04e-06	0.0	5.53e-06	4.00e-02	0.00	0.00e+00	1.3000	8.33e-15	12
0.870	3.59e-06	0.0	5.99e-06	-5.00e-02	0.00	0.00e+00	1.3000	8.33e-15	13
0.870	3.59e-06	0.0	5.99e-06	-4.00e-02	0.00	0.00e+00	1.3000	8.33e-15	13
0.870	3.59e-06	0.0	5.99e-06	-3.00e-02	0.00	0.00e+00	1.3000	8.33e-15	13
0.870	3.59e-06	0.0	5.99e-06	-2.00e-02	0.00	0.00e+00	1.3000	8.33e-15	13
0.870	3.59e-06	0.0	5.99e-06	-1.00e-02	0.00	0.00e+00	1.3000	8.33e-15	13
0.870	3.59e-06	0.0	5.99e-06	3.47e-18	0.00	0.00e+00	1.3000	8.33e-15	13
0.870	3.59e-06	0.0	5.99e-06	1.00e-02	0.00	0.00e+00	1.3000	8.33e-15	13
0.870	3.59e-06	0.0	5.99e-06	2.00e-02	0.00	0.00e+00	1.3000	8.33e-15	13
0.870	3.59e-06	0.0	5.99e-06	3.00e-02	0.00	0.00e+00	1.3000	8.33e-15	13
0.870	3.59e-06	0.0	5.99e-06	4.00e-02	0.00	0.00e+00	1.3000	8.33e-15	13
0.860	4.19e-06	0.0	6.45e-06	-5.00e-02	0.00	0.00e+00	1.3000	8.33e-15	14
0.860	4.19e-06	0.0	6.45e-06	-4.00e-02	0.00	0.00e+00	1.3000	8.33e-15	14
0.860	4.19e-06	0.0	6.45e-06	-3.00e-02	0.00	0.00e+00	1.3000	8.33e-15	14
0.860	4.19e-06	0.0	6.45e-06	-2.00e-02	0.00	0.00e+00	1.3000	8.33e-15	14
0.860	4.19e-06	0.0	6.45e-06	-1.00e-02	0.00	0.00e+00	1.3000	8.33e-15	14
0.860	4.19e-06	0.0	6.45e-06	3.47e-18	0.00	0.00e+00	1.3000	8.33e-15	14
0.860	4.19e-06	0.0	6.45e-06	1.00e-02	0.00	0.00e+00	1.3000	8.33e-15	14
0.860	4.19e-06	0.0	6.45e-06	2.00e-02	0.00	0.00e+00	1.3000	8.33e-15	14
0.860	4.19e-06	0.0	6.45e-06	3.00e-02	0.00	0.00e+00	1.3000	8.33e-15	14
0.860	4.19e-06	0.0	6.45e-06	4.00e-02	0.00	0.00e+00	1.3000	8.33e-15	14
0.850	4.84e-06	0.0	6.91e-06	-5.00e-02	0.00	0.00e+00	1.3000	8.33e-15	15
0.850	4.84e-06	0.0	6.91e-06	-4.00e-02	0.00	0.00e+00	1.3000	8.33e-15	15
0.850	4.84e-06	0.0	6.91e-06	-3.00e-02	0.00	0.00e+00	1.3000	8.33e-15	15
0.850	4.84e-06	0.0	6.91e-06	-2.00e-02	0.00	0.00e+00	1.3000	8.33e-15	15
0.850	4.84e-06	0.0	6.91e-06	-1.00e-02	0.00	0.00e+00	1.3000	8.33e-15	15
0.850	4.84e-06	0.0	6.91e-06	3.47e-18	0.00	0.00e+00	1.3000	8.33e-15	15
0.850	4.84e-06	0.0	6.91e-06	1.00e-02	0.00	0.00e+00	1.3000	8.33e-15	15
0.850	4.84e-06	0.0	6.91e-06	2.00e-02	0.00	0.00e+00	1.3000	8.33e-15	15
0.850	4.84e-06	0.0	6.91e-06	3.00e-02	0.00	0.00e+00	1.3000	8.33e-15	15
0.850	4.84e-06	0.0	6.91e-06	4.00e-02	0.00	0.00e+00	1.3000	8.33e-15	15
0.840	5.53e-06	0.0	7.37e-06	-5.00e-02	0.00	0.00e+00	1.3000	8.33e-15	16
0.840	5.53e-06	0.0	7.37e-06	-4.00e-02	0.00	0.00e+00	1.3000	8.33e-15	16
0.840	5.53e-06	0.0	7.37e-06	-3.00e-02	0.00	0.00e+00	1.3000	8.33e-15	16
0.840	5.53e-06	0.0	7.37e-06	-2.00e-02	0.00	0.00e+00	1.3000	8.33e-15	16
0.840	5.53e-06	0.0	7.37e-06	-1.00e-02	0.00	0.00e+00	1.3000	8.33e-15	16
0.840	5.53e-06	0.0	7.37e-06	3.47e-18	0.00	0.00e+00	1.3000	8.33e-15	16
0.840	5.53e-06	0.0	7.37e-06	1.00e-02	0.00	0.00e+00	1.3000	8.33e-15	16
0.840	5.53e-06	0.0	7.37e-06	2.00e-02	0.00	0.00e+00	1.3000	8.33e-15	16
0.840	5.53e-06	0.0	7.37e-06	3.00e-02	0.00	0.00e+00	1.3000	8.33e-15	16
0.840	5.53e-06	0.0	7.37e-06	4.00e-02	0.00	0.00e+00	1.3000	8.33e-15	16
0.830	6.26e-06	0.0	7.83e-06	-5.00e-02	0.00	0.00e+00	1.3000	8.33e-15	17
0.830	6.26e-06	0.0	7.83e-06	-4.00e-02	0.00	0.00e+00	1.3000	8.33e-15	17
0.830	6.26e-06	0.0	7.83e-06	-3.00e-02	0.00	0.00e+00	1.3000	8.33e-15	17
0.830	6.26e-06	0.0	7.83e-06	-2.00e-02	0.00	0.00e+00	1.3000	8.33e-15	17
0.830	6.26e-06	0.0	7.83e-06	-1.00e-02	0.00	0.00e+00	1.3000	8.33e-15	17
0.830	6.26e-06	0.0	7.83e-06	3.47e-18	0.00	0.00e+00	1.3000	8.33e-15	17
0.830	6.26e-06	0.0	7.83e-06	1.00e-02	0.00	0.00e+00	1.3000	8.33e-15	17
0.830	6.26e-06	0.0	7.83e-06	2.00e-02	0.00	0.00e+00	1.3000	8.33e-15	17
0.830	6.26e-06	0.0	7.83e-06	3.00e-02	0.00	0.00e+00	1.3000	8.33e-15	17
0.830	6.26e-06	0.0	7.83e-06	4.00e-02	0.00	0.00e+00	1.3000	8.33e-15	17
0.820	7.05e-06	0.0	8.29e-06	-5.00e-02	0.00	0.00e+00	1.3000	8.33e-15	18
0.820	7.05e-06	0.0	8.29e-06	-4.00e-02	0.00	0.00e+00	1.3000	8.33e-15	18
0.820	7.05e-06	0.0	8.29e-06	-3.00e-02	0.00	0.00e+00	1.3000	8.33e-15	18
0.820	7.05e-06	0.0	8.29e-06	-2.00e-02	0.00	0.00e+00	1.3000	8.33e-15	18
0.820	7.05e-06	0.0	8.29e-06	-1.00e-02	0.00	0.00e+00	1.3000	8.33e-15	18
0.820	7.05e-06	0.0	8.29e-06	3.47e-18	0.00	0.00e+00	1.3000	8.33e-15	18
0.820	7.05e-06	0.0	8.29e-06	1.00e-02	0.00	0.00e+00	1.3000	8.33e-15	18
0.820	7.05e-06	0.0	8.29e-06	2.00e-02	0.00	0.00e+00	1.3000	8.33e-15	18
0.820	7.05e-06	0.0	8.29e-06	3.00e-02	0.00	0.00e+00	1.3000	8.33e-15	18
0.820	7.05e-06	0.0	8.29e-06	4.00e-02	0.00	0.00e+00	1.3000	8.33e-15	18
0.810	7.88e-06	0.0	8.75e-06	-5.00e-02	0.00	0.00e+00	1.3000	8.33e-15	19
0.810	7.88e-06	0.0	8.75e-06	-4.00e-02	0.00	0.00e+00	1.3000	8.33e-15	19
0.810	7.88e-06	0.0	8.75e-06	-3.00e-02	0.00	0.00e+00	1.3000	8.33e-15	19
0.810	7.88e-06	0.0	8.75e-06	-2.00e-02	0.00	0.00e+00	1.3000	8.33e-15	19
0.810	7.88e-06	0.0	8.75e-06	-1.00e-02	0.00	0.00e+00	1.3000	8.33e-15	19
0.810	7.88e-06	0.0	8.75e-06	3.47e-18	0.00	0.00e+00	1.3000	8.33e-15	19
0.810	7.88e-06	0.0	8.75e-06	1.00e-02	0.00	0.00e+00	1.3000	8.33e-15	19
0.810	7.88e-06	0.0	8.75e-06	2.00e-02	0.00	0.00e+00	1.3000	8.33e-15	19
0.810	7.88e-06	0.0	8.75e-06	3.00e-02	0.00	0.00e+00	1.3000	8.33e-15	19
0.810	7.88e-06	0.0	8.75e-06	4.00e-02	0.00	0.00e+00	1.3000	8.33e-15	19
0.800	8.75e-06	0.0	9.21e-06	-5.00e-02	0.00	0.00e+00	1.3000	8.33e-15	20
0.800	8.75e-06	0.0	9.21e-06	-4.00e-02	0.00	0.00e+00	1.3000	8.33e-15	20
0.800	8.75e-06	0.0	9.21e-06	-3.00e-02	0.00	0.00e+00	1.3000	8.33e-15	20
0.800	8.75e-06	0.0	9.21e-06	-2.00e-02	0.00	0.00e+00	1.3000	8.33e-15	20
0.800	8.75e-06	0.0	9.21e-06	-1.00e-02	0.00	0.00e+00	1.3000	8.33e-15	20
0.800	8.75e-06	0.0	9.21e-06	3.47e-18	0.00	0.00e+00	1.3000	8.33e-15	20
0.800	8.75e-06	0.0	9.21e-06	1.00e-02	0.00	0.00e+00	1.3000	8.33e-15	20
0.800	8.75e-06	0.0	9.21e-06	2.00e-02	0.00	0.00e+00	1.3000	8.33e-15	20
0.800	8.75e-06	0.0	9.21e-06	3.00e-02	0.00	0.00e+00	1.3000	8.33e-15	20
0.800	8.75e-06	0.0	9.21e-06	4.00e-02	0.00	0.00e+00	1.3000	8.33e-15	20
0.790	9.67e-06	0.0	9.67e-06	-5.00e-02	0.00	0.00e+00	1.3000	8.33e-15	21
0.790	9.67e-06	0.0	9.67e-06	-4.00e-02	0.00	0.00e+00	1.3000	8.33e-15	21
0.790	9.67e-06	0.0	9.67e-06	-3.00e-02	0.00	0.00e+00	1.3000	8.33e-15	21
0.790	9.67e-06	0.0	9.67e-06	-2.00e-02	0.00	0.00e+00	1.3000	8.33e-15	21
0.790	9.67e-06	0.0	9.67e-06	-1.00e-02	0.00	0.00e+00	1.3000	8.33e-15	21
0.790	9.67e-06	0.0	9.67e-06	3.47e-18	0.00	0.00e+00	1.3000	8.33e-15	21
0.790	9.67e-06	0.0	9.67e-06	1.00e-02	0.00	0.00e+00	1.3000	8.33e-15	21
0.790	9.67e-06	0.0	9.67e-06	2.00e-02	0.00	0.00e+00	1.3000	8.33e-15	21
0.790	9.67e-06	0.0	9.67e-06	3.00e-02	0.00	0.00e+00	1.3000	8.33e-15	21
0.790	9.67e-06	0.0	9.67e-06	4.00e-02	0.00	0.00e+00	1.3000	8.33e-15	21
0.780	1.06e-05	0.0	1.01e-05	-5.00e-02	0.00	0.00e+00	1.3000	8.33e-15	22
0.780	1.06e-05	0.0	1.01e-05	-4.00e-02	0.00	0.00e+00	1.3000	8.33e-15	22
0.780	1.06e-05	0.0	1.01e-05	-3.00e-02	0.00	0.00e+00	1.3000	8.33e-15	22
0.780	1.06e-05	0.0	1.01e-05	-2.00e-02	0.00	0.00e+00	1.3000	8.33e-15	22
0.780	1.06e-05	0.0	1.01e-05	-1.00e-02	0.00	0.00e+00	1.3000	8.33e-15	22
0.780	1.06e-05	0.0	1.01e-05	3.47e-18	0.00	0.00e+00	1.3000	8.33e-15	22
0.780	1.06e-05	0.0	1.01e-05	1.00e-02	0.00	0.00e+00	1.3000	8.33e-15	22
0.780	1.06e-05	0.0	1.01e-05	2.00e-02	0.00	0.00e+00	1.3000	8.33e-15	22
0.780	1.06e-05	0.0	1.01e-05	3.00e-02	0.00	0.00e+00	1.3000	8.33e-15	22
0.780	1.06e-05	0.0	1.01e-05	4.00e-02	0.00	0.00e+00	1.3000	8.33e-15	22
0.770	1.17e-05	0.0	1.06e-05	-5.00e-02	0.00	0.00e+00	1.3000	8.33e-15	23
0.770	1.17e-05	0.0	1.06e-05	-4.00e-02	0.00	0.00e+00	1.3000	8.33e-15	23
0.770	1.17e-05	0.0	1.06e-05	-3.00e-02	0.00	0.00e+00	1.3000	8.33e-15	23
0.770	1.17e-05	0.0	1.06e-05	-2.00e-02	0.00	0.00e+00	1.3000	8.33e-15	23
0.770	1.17e-05	0.0	1.06e-05	-1.00e-02	0.00	0.00e+00	1.3000	8.33e-15	23
0.770	1.17e-05	0.0	1.06e-05	3.47e-18	0.00	0.00e+00	1.3000	8.33e-15	23
0.770	1.17e-05	0.0	1.06e-05	1.00e-02	0.00	0.00e+00	1.3000	8.33e-15	23
0.770	1.17e-05	0.0	1.06e-05	2.00e-02	0.00	0.00e+00	1.3000	8.33e-15	23
0.770	1.17e-05	0.0	1.06e-05	3.00e-02	0.00	0.00e+00	1.3000	8.33e-15	23
0.770	1.17e-05	0.0	1.06e-05	4.00e-02	0.00	0.00e+00	1.3000	8.33e-15	23
0.760	1.27e-05	0.0	1.11e-05	-5.00e-02	0.00	0.00e+00	1.3000	8.33e-15	24
0.760	1.27e-05	0.0	1.11e-05	-4.00e-02	0.00	0.00e+00	1.3000	8.33e-15	24
0.760	1.27e-05	0.0	1.11e-05	-3.00e-02	0.00	0.00e+00	1.3000	8.33e-15	24
0.760	1.27e-05	0.0	1.11e-05	-2.00e-02	0.00	0.00e+00	1.3000	8.33e-15	24
0.760	1.27e-05	0.0	1.11e-05	-1.00e-02	0.00	0.00e+00	1.3000	8.33e-15	24
0.760	1.27e-05	0.0	1.11e-05	3.47e-18	0.00	0.00e+00	1.3000	8.33e-15	24
0.760	1.27e-05	0.0	1.11e-05	1.00e-02	0.00	0.00e+00	1.3000	8.33e-15	24
0.760	1.27e-05	0.0	1.11e-05	2.00e-02	0.00	0.00e+00	1.3000	8.33e-15	24
0.760	1.27e-05	0.0	1.11e-05	3.00e-02	0.00	0.00e+00	1.3000	8.33e-15	24
0.760	1.27e-05	0.0	1.11e-05	4.00e-02	0.00	0.00e+00	1.3000	8.33e-15	24
0.750	1.38e-05	0.0	1.16e-05	-5.00e-02	0.00	0.00e+00	1.3000	8.33e-15	25
0.750	1.38e-05	0.0	1.16e-05	-4.00e-02	0.00	0.00e+00	1.3000	8.33e-15	25
0.750	1.38e-05	0.0	1.16e-05	-3.00e-02	0.00	0.00e+00	1.3000	8.33e-15	25
0.750	1.38e-05	0.0	1.16e-05	-2.00e-02	0.00	0.00e+00	1.3000	8.33e-15	25
0.750	1.38e-05	0.0	1.16e-05	-1.00e-02	0.00	0.00e+00	1.3000	8.33e-15	25
0.750	1.38e-05	0.0	1.16e-05	3.47e-18	0.00	0.00e+00	1.3000	8.33e-15	25
0.750	1.38e-05	0.0	1.16e-05	1.00e-02	0.00	0.00e+00	1.3000	8.33e-15	25
0.750	1.38e-05	0.0	1.16e-05	2.00e-02	0.00	0.00e+00	1.3000	8.33e-15	25
0.750	1.38e-05	0.0	1.16e-05	3.00e-02	0.00	0.00e+00	1.3000	8.33e-15	25
0.750	1.38e-05	0.0	1.16e-05	4.00e-02	0.00	0.00e+00	1.3000	8.33e-15	25
0.740	1.50e-05	0.0	1.20e-05	-5.00e-02	0.00	0.00e+00	1.3000	8.33e-15	26
0.740	1.50e-05	0.0	1.20e-05	-4.00e-02	0.00	0.00e+00	1.3000	8.33e-15	26
0.740	1.50e-05	0.0	1.20e-05	-3.00e-02	0.00	0.00e+00	1.3000	8.33e-15	26
0.740	1.50e-05	0.0	1.20e-05	-2.00e-02	0.00	0.00e+00	1.3000	8.33e-15	26
0.740	1.50e-05	0.0	1.20e-05	-1.00e-02	0.00	0.00e+00	1.3000	8.33e-15	26
0.740	1.50e-05	0.0	1.20e-05	3.47e-18	0.00	0.00e+00	1.3000	8.33e-15	26
0.740	1.50e-05	0.0	1.20e-05	1.00e-02	0.00	0.00e+00	1.3000	8.33e-15	26
0.740	1.50e-05	0.0	1.20e-05	2.00e-02	0.00	0.00e+00	1.3000	8.33e-15	26
0.740	1.50e-05	0.0	1.20e-05	3.00e-02	0.00	0.00e+00	1.3000	8.33e-15	26
0.740	1.50e-05	0.0	1.20e-05	4.00e-02	0.00	0.00e+00	1.3000	8.33e-15	26
0.730	1.62e-05	0.0	1.26e-05	-5.00e-02	0.00	0.00e+00	1.3000	8.33e-15	27
0.730	1.62e-05	0.0	1.26e-05	-4.00e-02	0.00	0.00e+00	1.3000	8.33e-15	27
0.730	1.62e-05	0.0	1.26e-05	-3.00e-02	0.00	0.00e+00	1.3000	8.33e-15	27
0.730	1.62e-05	0.0	1.26e-05	-2.00e-02	0.00	0.00e+00	1.3000	8.33e-15	27
0.730	1.62e-05	0.0	1.26e-05	-1.00e-02	0.00	0.00e+00	1.3000	8.33e-15	27
0.730	1.62e-05	0.0	1.26e-05	3.47e-18	0.00	0.00e+00	1.3000	8.33e-15	27
0.730	1.62e-05	0.0	1.26e-05	1.00e-02	0.00	0.00e+00	1.3000	8.33e-15	27
0.730	1.62e-05	0.0	1.26e-05	2.00e-02	0.00	0.00e+00	1.3000	8.33e-15	27
0.730	1.62e-05	0.0	1.26e-05	3.00e-02	0.00	0.00e+00	1.3000	8.33e-15	27
0.730	1.62e-05	0.0	1.26e-05	4.00e-02	0.00	0.00e+00	1.3000	8.33e-15	27
0.720	1.74e-05	0.0	1.32e-05	-5.00e-02	0.00	0.00e+00	1.3000	8.33e-15	28
0.720	1.74e-05	0.0	1.32e-05	-4.00e-02	0.00	0.00e+00	1.3000	8.33e-15	28
0.720	1.74e-05	0.0	1.32e-05	-3.00e-02	0.00	0.00e+00	1.3000	8.33e-15	28
0.720	1.74e-05	0.0	1.32e-05	-2.00e-02	0.00	0.00e+00	1.3000	8.33e-15	28
0.720	1.74e-05	0.0	1.32e-05	-1.00e-02	0.00	0.00e+00	1.3000	8.33e-15	28
0.720	1.74e-05	0.0	1.32e-05	3.47e-18	0.00	0.00e+00	1.3000	8.33e-15	28
0.720	1.74e-05	0.0	1.32e-05	1.00e-02	0.00	0.00e+00	1.3000	8.33e-15	28
0.720	1.74e-05	0.0	1.32e-05	2.00e-02	0.00	0.00e+00	1.3000	8.33e-15	28
0.720	1.74e-05	0.0	1.32e-05	3.00e-02	0.00	0.00e+00	1.3000	8.33e-15	28
0.720	1.74e-05	0.0	1.32e-05	4.00e-02	0.00	0.00e+00	1.3000	8.33e-15	28
0.710	1.88e-05	0.0	1.38e-05	-5.00e-02	0.00	0.00e+00	1.3000	8.33e-15	29
0.710	1.88e-05	0.0	1.38e-05	-4.00e-02	0.00	0.00e+00	1.3000	8.33e-15	29
0.710	1.88e-05	0.0	1.38e-05	-3.00e-02	0.00	0.00e+00	1.3000	8.33e-15	29
0.710	1.88e-05	0.0	1.38e-05	-2.00e-02	0.00	0.00e+00	1.3000	8.33e-15	29
0.710	1.88e-05	0.0	1.38e-05	-1.00e-02	0.00	0.00e+00	1.3000	8.33e-15	29
0.710	1.88e-05	0.0	1.38e-05	3.47e-18	0.00	0.00e+00	1.3000	8.33e-15	29
0.710	1.88e-05	0.0	1.38e-05	1.00e-02	0.00	0.00e+00	1.3000	8.33e-15	29
0.710	1.88e-05	0.0	1.38e-05	2.00e-02	0.00	0.00e+00	1.3000	8.33e-15	29
0.710	1.88e-05	0.0	1.38e-05	3.00e-02	0.00	0.00e+00	1.3000	8.33e-15	29
0.710	1.88e-05	0.0	1.38e-05	4.00e-02	0.00	0.00e+00	1.3000	8.33e-15	29
0.700	2.01e-05	0.0	1.46e-05	-5.00e-02	0.00	0.00e+00	1.3000	8.33e-15	30
0.700	2.01e-05	0.0	1.46e-05	-4.00e-02	0.00	0.00e+00	1.3000	8.33e-15	30
0.700	2.01e-05	0.0	1.46e-05	-3.00e-02	0.00	0.00e+00	1.3000	8.33e-15	30
0.700	2.01e-05	0.0	1.46e-05	-2.00e-02	0.00	0.00e+00	1.3000	8.33e-15	30
0.700	2.01e-05	0.0	1.46e-05	-1.00e-02	0.00	0.00e+00	1.3000	8.33e-15	30
0.700	2.01e-05	0.0	1.46e-05	3.47e-18	0.00	0.00e+00	1.3000	8.33e-15	30
0.700	2.01e-05	0.0	1.46e-05	1.00e-02	0.00	0.00e+00	1.3000	8.33e-15	30
0.700	2.01e-05	0.0	1.46e-05	2.00e-02	0.00	0.00e+00	1.3000	8.33e-15	30
0.700	2.01e-05	0.0	1.46e-05	3.00e-02	0.00	0.00e+00	1.3000	8.33e-15	30
0.700	2.01e-05	0.0	1.46e-05	4.00e-02	0.00	0.00e+00	1.3000	8.33e-15	30
0.690	2.16e-05	0.0	1.56e-05	-5.00e-02	0.00	0.00e+00	1.3000	8.33e-15	31
0.690	2.16e-05	0.0	1.56e-05	-4.00e-02	0.00	0.00e+00	1.3000	8.33e-15	31
0.690	2.16e-05	0.0	1.56e-05	-3.00e-02	0.00	0.00e+00	1.3000	8.33e-15	31
0.690	2.16e-05	0.0	1.56e-05	-2.00e-02	0.00	0.00e+00	1.3000	8.33e-15	31
0.690	2.16e-05	0.0	1.56e-05	-1.00e-02	0.00	0.00e+00	1.3000	8.33e-15	31
0.690	2.16e-05	0.0	1.56e-05	3.47e-18	0.00	0.00e+00	1.3000	8.33e-15	31
0.690	2.16e-05	0.0	1.56e-05	1.00e-02	0.00	0.00e+00	1.3000	8.33e-15	31
0.690	2.16e-05	0.0	1.56e-05	2.00e-02	0.00	0.00e+00	1.3000	8.33e-15	31
0.690	2.16e-05	0.0	1.56e-05	3.00e-02	0.00	0.00e+00	1.3000	8.33e-15	31
0.690	2.16e-05	0.0	1.56e-05	4.00e-02	0.00	0.00e+00	1.3000	8.33e-15	31
0.680	2.32e-05	0.0	1.70e-05	-5.00e-02	0.00	0.00e+00	1.3000	8.33e-15	32
0.680	2.32e-05	0.0	1.70e-05	-4.00e-02	0.00	0.00e+00	1.3000	8.33e-15	32
0.680	2.32e-05	0.0	1.70e-05	-3.00e-02	0.00	0.00e+00	1.3000	8.33e-15	32
0.680	2.32e-05	0.0	1.70e-05	-2.00e-02	0.00	0.00e+00	1.3000	8.33e-15	32
0.680	2.32e-05	0.0	1.70e-05	-1.00e-02	0.00	0.00e+00	1.3000	8.33e-15	32
0.680	2.32e-05	0.0	1.70e-05	3.47e-18	0.00	0.00e+00	1.3000	8.33e-15	32
0.680	2.32e-05	0.0	1.70e-05	1.00e-02	0.00	0.00e+00	1.3000	8.33e-15	32
0.680	2.32e-05	0.0	1.70e-05	2.00e-02	0.00	0.00e+00	1.3000	8.33e-15	32
0.680	2.32e-05	0.0	1.70e-05	3.00e-02	0.00	0.00e+00	1.3000	8.33e-15	32
0.680	2.32e-05	0.0	1.70e-05	4.00e-02	0.00	0.00e+00	1.3000	8.33e-15	32
0.670	2.49e-05	0.0	1.87e-05	-5.00e-02	0.00	0.00e+00	1.3000	8.33e-15	33
0.670	2.49e-05	0.0	1.87e-05	-4.00e-02	0.00	0.00e+00	1.3000	8.33e-15	33
0.670	2.49e-05	0.0	1.87e-05	-3.00e-02	0.00	0.00e+00	1.3000	8.33e-15	33
0.670	2.49e-05	0.0	1.87e-05	-2.00e-02	0.00	0.00e+00	1.3000	8.33e-15	33
0.670	2.49e-05	0.0	1.87e-05	-1.00e-02	0.00	0.00e+00	1.3000	8.33e-15	33
0.670	2.49e-05	0.0	1.87e-05	3.47e-18	0.00	0.00e+00	1.3000	8.33e-15	33
0.670	2.49e-05	0.0	1.87e-05	1.00e-02	0.00	0.00e+00	1.3000	8.33e-15	33
0.670	2.49e-05	0.0	1.87e-05	2.00e-02	0.00	0.00e+00	1.3000	8.33e-15	33
0.670	2.49e-05	0.0	1.87e-05	3.00e-02	0.00	0.00e+00	1.3000	8.33e-15	33
0.670	2.49e-05	0.0	1.87e-05	4.00e-02	0.00	0.00e+00	1.3000	8.33e-15	33
0.660	2.67e-05	0.0	2.11e-05	-5.00e-02	0.00	0.00e+00	1.3000	8.33e-15	34
0.660	2.67e-05	0.0	2.11e-05	-4.00e-02	0.00	0.00e+00	1.3000	8.33e-15	34
0.660	2.67e-05	0.0	2.11e-05	-3.00e-02	0.00	0.00e+00	1.3000	8.33e-15	34
0.660	2.67e-05	0.0	2.11e-05	-2.00e-02	0.00	0.00e+00	1.3000	8.33e-15	34
0.660	2.67e-05	0.0	2.11e-05	-1.00e-02	0.00	0.00e+00	1.3000	8.33e-15	34
0.660	2.67e-05	0.0	2.11e-05	3.47e-18	0.00	0.00e+00	1.3000	8.33e-15	34
0.660	2.67e-05	0.0	2.11e-05	1.00e-02	0.00	0.00e+00	1.3000	8.33e-15	34
0.660	2.67e-05	0.0	2.11e-05	2.00e-02	0.00	0.00e+00	1.3000	8.33e-15	34
0.660	2.67e-05	0.0	2.11e-05	3.00e-02	0.00	0.00e+00	1.3000	8.33e-15	34
0.660	2.67e-05	0.0	2.11e-05	4.00e-02	0.00	0.00e+00	1.3000	8.33e-15	34
0.650	2.88e-05	0.0	2.43e-05	-5.00e-02	0.00	0.00e+00	1.3000	8.33e-15	35
0.650	2.88e-05	0.0	2.43e-05	-4.00e-02	0.00	0.00e+00	1.3000	8.33e-15	35
0.650	2.88e-05	0.0	2.43e-05	-3.00e-02	0.00	0.00e+00	1.3000	8.33e-15	35
0.650	2.88e-05	0.0	2.43e-05	-2.00e-02	0.00	0.00e+00	1.3000	8.33e-15	35
0.650	2.88e-05	0.0	2.43e-05	-1.00e-02	0.00	0.00e+00	1.3000	8.33e-15	35
0.650	2.88e-05	0.0	2.43e-05	3.47e-18	0.00	0.00e+00	1.3000	8.33e-15	35
0.650	2.88e-05	0.0	2.43e-05	1.00e-02	0.00	0.00e+00	1.3000	8.33e-15	35
0.650	2.88e-05	0.0	2.43e-05	2.00e-02	0.00	0.00e+00	1.3000	8.33e-15	35
0.650	2.88e-05	0.0	2.43e-05	3.00e-02	0.00	0.00e+00	1.3000	8.33e-15	35
0.650	2.88e-05	0.0	2.43e-05	4.00e-02	0.00	0.00e+00	1.3000	8.33e-15	35
0.640	3.13e-05	0.0	2.87e-05	-5.00e-02	0.00	0.00e+00	1.3000	8.33e-15	36
0.640	3.13e-05	0.0	2.87e-05	-4.00e-02	0.00	0.00e+00	1.3000	8.33e-15	36
0.640	3.13e-05	0.0	2.87e-05	-3.00e-02	0.00	0.00e+00	1.3000	8.33e-15	36
0.640	3.13e-05	0.0	2.87e-05	-2.00e-02	0.00	0.00e+00	1.3000	8.33e-15	36
0.640	3.13e-05	0.0	2.87e-05	-1.00e-02	0.00	0.00e+00	1.3000	8.33e-15	36
0.640	3.13e-05	0.0	2.87e-05	3.47e-18	0.00	0.00e+00	1.3000	8.33e-15	36
0.640	3.13e-05	0.0	2.87e-05	1.00e-02	0.00	0.00e+00	1.3000	8.33e-15	36
0.640	3.13e-05	0.0	2.87e-05	2.00e-02	0.00	0.00e+00	1.3000	8.33e-15	36
0.640	3.13e-05	0.0	2.87e-05	3.00e-02	0.00	0.00e+00	1.3000	8.33e-15	36
0.640	3.13e-05	0.0	2.87e-05	4.00e-02	0.00	0.00e+00	1.3000	8.33e-15	36
0.630	3.41e-05	0.0	3.46e-05	-5.00e-02	0.00	0.00e+00	1.3000	8.33e-15	37
0.630	3.41e-05	0.0	3.46e-05	-4.00e-02	0.00	0.00e+00	1.3000	8.33e-15	37
0.630	3.41e-05	0.0	3.46e-05	-3.00e-02	0.00	0.00e+00	1.3000	8.33e-15	37
0.630	3.41e-05	0.0	3.46e-05	-2.00e-02	0.00	0.00e+00	1.3000	8.33e-15	37
0.630	3.41e-05	0.0	3.46e-05	-1.00e-02	0.00	0.00e+00	1.3000	8.33e-15	37
0.630	3.41e-05	0.0	3.46e-05	3.47e-18	0.00	0.00e+00	1.3000	8.33e-15	37
0.630	3.41e-05	0.0	3.46e-05	1.00e-02	0.00	0.00e+00	1.3000	8.33e-15	37
0.630	3.41e-05	0.0	3.46e-05	2.00e-02	0.00	0.00e+00	1.3000	8.33e-15	37
0.630	3.41e-05	0.0	3.46e-05	3.00e-02	0.00	0.00e+00	1.3000	8.33e-15	37
0.630	3.41e-05	0.0	3.46e-05	4.00e-02	0.00	0.00e+00	1.3000	8.33e-15	37
0.620	3.76e-05	0.0	4.25e-05	-5.00e-02	0.00	0.00e+00	1.3000	8.33e-15	38
0.620	3.76e-05	0.0	4.25e-05	-4.00e-02	0.00	0.00e+00	1.3000	8.33e-15	38
0.620	3.76e-05	0.0	4.25e-05	-3.00e-02	0.00	0.00e+00	1.3000	8.33e-15	38
0.620	3.76e-05	0.0	4.25e-05	-2.00e-02	0.00	0.00e+00	1.3000	8.33e-15	38
0.620	3.76e-05	0.0	4.25e-05	-1.00e-02	0.00	0.00e+00	1.3000	8.33e-15	38
0.620	3.76e-05	0.0	4.25e-05	3.47e-18	0.00	0.00e+00	1.3000	8.33e-15	38
0.620	3.76e-05	0.0	4.25e-05	1.00e-02	0.00	0.00e+00	1.3000	8.33e-15	38
0.620	3.76e-05	0.0	4.25e-05	2.00e-02	0.00	0.00e+00	1.3000	8.33e-15	38
0.620	3.76e-05	0.0	4.25e-05	3.00e-02	0.00	0.00e+00	1.3000	8.33e-15	38
0.620	3.76e-05	0.0	4.25e-05	4.00e-02	0.00	0.00e+00	1.3000	8.33e-15	38
0.610	4.18e-05	0.0	5.29e-05	-5.00e-02	0.00	0.00e+00	1.3000	8.33e-15	39
0.610	4.18e-05	0.0	5.29e-05	-4.00e-02	0.00	0.00e+00	1.3000	8.33e-15	39
0.610	4.18e-05	0.0	5.29e-05	-3.00e-02	0.00	0.00e+00	1.3000	8.33e-15	39
0.610	4.18e-05	0.0	5.29e-05	-2.00e-02	0.00	0.00e+00	1.3000	8.33e-15	39
0.610	4.18e-05	0.0	5.29e-05	-1.00e-02	0.00	0.00e+00	1.3000	8.33e-15	39
0.610	4.18e-05	0.0	5.29e-05	3.47e-18	0.00	0.00e+00	1.3000	8.33e-15	39
0.610	4.18e-05	0.0	5.29e-05	1.00e-02	0.00	0.00e+00	1.3000	8.33e-15	39
0.610	4.18e-05	0.0	5.29e-05	2.00e-02	0.00	0.00e+00	1.3000	8.33e-15	39
0.610	4.18e-05	0.0	5.29e-05	3.00e-02	0.00	0.00e+00	1.3000	8.33e-15	39
0.610	4.18e-05	0.0	5.29e-05	4.00e-02	0.00	0.00e+00	1.3000	8.33e-15	39
0.600	4.71e-05	0.0	6.66e-05	-5.00e-02	0.00	0.00e+00	1.3000	8.33e-15	40
0.600	4.71e-05	0.0	6.66e-05	-4.00e-02	0.00	0.00e+00	1.3000	8.33e-15	40
0.600	4.71e-05	0.0	6.66e-05	-3.00e-02	0.00	0.00e+00	1.3000	8.33e-15	40
0.600	4.71e-05	0.0	6.66e-05	-2.00e-02	0.00	0.00e+00	1.3000	8.33e-15	40
0.600	4.71e-05	0.0	6.66e-05	-1.00e-02	0.00	0.00e+00	1.3000	8.33e-15	40
0.600	4.71e-05	0.0	6.66e-05	3.47e-18	0.00	0.00e+00	1.3000	8.33e-15	40
0.600	4.71e-05	0.0	6.66e-05	1.00e-02	0.00	0.00e+00	1.3000	8.33e-15	40
0.600	4.71e-05	0.0	6.66e-05	2.00e-02	0.00	0.00e+00	1.3000	8.33e-15	40
0.600	4.71e-05	0.0	6.66e-05	3.00e-02	0.00	0.00e+00	1.3000	8.33e-15	40
0.600	4.71e-05	0.0	6.66e-05	4.00e-02	0.00	0.00e+00	1.3000	8.33e-15	40
0.590	5.38e-05	0.0	8.41e-05	-5.00e-02	0.00	0.00e+00	1.3000	8.33e-15	41
0.590	5.38e-05	0.0	8.41e-05	-4.00e-02	0.00	0.00e+00	1.3000	8.33e-15	41
0.590	5.38e-05	0.0	8.41e-05	-3.00e-02	0.00	0.00e+00	1.3000	8.33e-15	41
0.590	5.38e-05	0.0	8.41e-05	-2.00e-02	0.00	0.00e+00	1.3000	8.33e-15	41
0.590	5.38e-05	0.0	8.41e-05	-1.00e-02	0.00	0.00e+00	1.3000	8.33e-15	41
0.590	5.38e-05	0.0	8.41e-05	3.47e-18	0.00	0.00e+00	1.3000	8.33e-15	41
0.590	5.38e-05	0.0	8.41e-05	1.00e-02	0.00	0.00e+00	1.3000	8.33e-15	41
0.590	5.38e-05	0.0	8.41e-05	2.00e-02	0.00	0.00e+00	1.3000	8.33e-15	41
0.590	5.38e-05	0.0	8.41e-05	3.00e-02	0.00	0.00e+00	1.3000	8.33e-15	41
0.590	5.38e-05	0.0	8.41e-05	4.00e-02	0.00	0.00e+00	1.3000	8.33e-15	41
0.580	6.22e-05	0.0	1.06e-04	-5.00e-02	0.00	0.00e+00	1.3000	8.33e-15	42
0.580	6.22e-05	0.0	1.06e-04	-4.00e-02	0.00	0.00e+00	1.3000	8.33e-15	42
0.580	6.22e-05	0.0	1.06e-04	-3.00e-02	0.00	0.00e+00	1.3000	8.33e-15	42
0.580	6.22e-05	0.0	1.06e-04	-2.00e-02	0.00	0.00e+00	1.3000	8.33e-15	42
0.580	6.22e-05	0.0	1.06e-04	-1.00e-02	0.00	0.00e+00	1.3000	8.33e-15	42
0.580	6.22e-05	0.0	1.06e-04	3.47e-18	0.00	0.00e+00	1.3000	8.33e-15	42
0.580	6.22e-05	0.0	1.06e-04	1.00e-02	0.00	0.00e+00	1.3000	8.33e-15	42
0.580	6.22e-05	0.0	1.06e-04	2.00e-02	0.00	0.00e+00	1.3000	8.33e-15	42
0.580	6.22e-05	0.0	1.06e-04	3.00e-02	0.00	0.00e+00	1.3000	8.33e-15	42
0.580	6.22e-05	0.0	1.06e-04	4.00e-02	0.00	0.00e+00	1.3000	8.33e-15	42
0.570	7.28e-05	0.0	1.34e-04	-5.00e-02	0.00	0.00e+00	1.3000	8.33e-15	43
0.570	7.28e-05	0.0	1.34e-04	-4.00e-02	0.00	0.00e+00	1.3000	8.33e-15	43
0.570	7.28e-05	0.0	1.34e-04	-3.00e-02	0.00	0.00e+00	1.3000	8.33e-15	43
0.570	7.28e-05	0.0	1.34e-04	-2.00e-02	0.00	0.00e+00	1.3000	8.33e-15	43
0.570	7.28e-05	0.0	1.34e-04	-1.00e-02	0.00	0.00e+00	1.3000	8.33e-15	43
0.570	7.28e-05	0.0	1.34e-04	3.47e-18	0.00	0.00e+00	1.3000	8.33e-15	43
0.570	7.28e-05	0.0	1.34e-04	1.00e-02	0.00	0.00e+00	1.3000	8.33e-15	43
0.570	7.28e-05	0.0	1.34e-04	2.00e-02	0.00	0.00e+00	1.3000	8.33e-15	43
0.570	7.28e-05	0.0	1.34e-04	3.00e-02	0.00	0.00e+00	1.3000	8.33e-15	43
0.570	7.28e-05	0.0	1.34e-04	4.00e-02	0.00	0.00e+00	1.3000	8.33e-15	43
0.560	8.63e-05	0.0	1.69e-04	-5.00e-02	0.00	0.00e+00	1.3000	8.33e-15	44
0.560	8.63e-05	0.0	1.69e-04	-4.00e-02	0.00	0.00e+00	1.3000	8.33e-15	44
0.560	8.63e-05	0.0	1.69e-04	-3.00e-02	0.00	0.00e+00	1.3000	8.33e-15	44
0.560	8.63e-05	0.0	1.69e-04	-2.00e-02	0.00	0.00e+00	1.3000	8.33e-15	44
0.560	8.63e-05	0.0	1.69e-04	-1.00e-02	0.00	0.00e+00	1.3000	8.33e-15	44
0.560	8.63e-05	0.0	1.69e-04	3.47e-18	0.00	0.00e+00	1.3000	8.33e-15	44
0.560	8.63e-05	0.0	1.69e-04	1.00e-02	0.00	0.00e+00	1.3000	8.33e-15	44
0.560	8.63e-05	0.0	1.69e-04	2.00e-02	0.00	0.00e+00	1.3000	8.33e-15	44
0.560	8.63e-05	0.0	1.69e-04	3.00e-02	0.00	0.00e+00	1.3000	8.33e-15	44
0.560	8.63e-05	0.0	1.69e-04	4.00e-02	0.00	0.00e+00	1.3000	8.33e-15	44
0.550	1.03e-04	0.0	2.10e-04	-5.00e-02	0.00	0.00e+00	1.3000	8.33e-15	45
0.550	1.03e-04	0.0	2.10e-04	-4.00e-02	0.00	0.00e+00	1.3000	8.33e-15	45
0.550	1.03e-04	0.0	2.10e-04	-3.00e-02	0.00	0.00e+00	1.3000	8.33e-15	45
0.550	1.03e-04	0.0	2.10e-04	-2.00e-02	0.00	0.00e+00	1.3000	8.33e-15	45
0.550	1.03e-04	0.0	2.10e-04	-1.00e-02	0.00	0.00e+00	1.3000	8.33e-15	45
0.550	1.03e-04	0.0	2.10e-04	3.47e-18	0.00	0.00e+00	1.3000	8.33e-15	45
0.550	1.03e-04	0.0	2.10e-04	1.00e-02	0.00	0.00e+00	1.3000	8.33e-15	45
0.550	1.03e-04	0.0	2.10e-04	2.00e-02	0.00	0.00e+00	1.3000	8.33e-15	45
0.550	1.03e-04	0.0	2.10e-04	3.00e-02	0.00	0.00e+00	1.3000	8.33e-15	45
0.550	1.03e-04	0.0	2.10e-04	4.00e-02	0.00	0.00e+00	1.3000	8.33e-15	45
0.540	1.24e-04	0.0	2.60e-04	-5.00e-02	0.00	0.00e+00	1.3000	8.33e-15	46
0.540	1.24e-04	0.0	2.60e-04	-4.00e-02	0.00	0.00e+00	1.3000	8.33e-15	46
0.540	1.24e-04	0.0	2.60e-04	-3.00e-02	0.00	0.00e+00	1.3000	8.33e-15	46
0.540	1.24e-04	0.0	2.60e-04	-2.00e-02	0.00	0.00e+00	1.3000	8.33e-15	46
0.540	1.24e-04	0.0	2.60e-04	-1.00e-02	0.00	0.00e+00	1.3000	8.33e-15	46
0.540	1.24e-04	0.0	2.60e-04	3.47e-18	0.00	0.00e+00	1.3000	8.33e-15	46
0.540	1.24e-04	0.0	2.60e-04	1.00e-02	0.00	0.00e+00	1.3000	8.33e-15	46
0.540	1.24e-04	0.0	2.60e-04	2.00e-02	0.00	0.00e+00	1.3000	8.33e-15	46
0.540	1.24e-04	0.0	2.60e-04	3.00e-02	0.00	0.00e+00	1.3000	8.33e-15	46
0.540	1.24e-04	0.0	2.60e-04	4.00e-02	0.00	0.00e+00	1.3000	8.33e-15	46
0.530	1.50e-04	0.0	3.18e-04	-5.00e-02	0.00	0.00e+00	1.3000	8.33e-15	47
0.530	1.50e-04	0.0	3.18e-04	-4.00e-02	0.00	0.00e+00	1.3000	8.33e-15	47
0.530	1.50e-04	0.0	3.18e-04	-3.00e-02	0.00	0.00e+00	1.3000	8.33e-15	47
0.530	1.50e-04	0.0	3.18e-04	-2.00e-02	0.00	0.00e+00	1.3000	8.33e-15	47
0.530	1.50e-04	0.0	3.18e-04	-1.00e-02	0.00	0.00e+00	1.3000	8.33e-15	47
0.530	1.50e-04	0.0	3.18e-04	3.47e-18	0.00	0.00e+00	1.3000	8.33e-15	47
0.530	1.50e-04	0.0	3.18e-04	1.00e-02	0.00	0.00e+00	1.3000	8.33e-15	47
0.530	1.50e-04	0.0	3.18e-04	2.00e-02	0.00	0.00e+00	1.3000	8.33e-15	47
0.530	1.50e-04	0.0	3.18e-04	3.00e-02	0.00	0.00e+00	1.3000	8.33e-15	47
0.530	1.50e-04	0.0	3.18e-04	4.00e-02	0.00	0.00e+00	1.3000	8.33e-15	47
0.520	1.82e-04	0.0	3.85e-04	-5.00e-02	0.00	0.00e+00	1.3000	8.33e-15	48
0.520	1.82e-04	0.0	3.85e-04	-4.00e-02	0.00	0.00e+00	1.3000	8.33e-15	48
0.520	1.82e-04	0.0	3.85e-04	-3.00e-02	0.00	0.00e+00	1.3000	8.33e-15	48
0.520	1.82e-04	0.0	3.85e-04	-2.00e-02	0.00	0.00e+00	1.3000	8.33e-15	48
0.520	1.82e-04	0.0	3.85e-04	-1.00e-02	0.00	0.00e+00	1.3000	8.33e-15	48
0.520	1.82e-04	0.0	3.85e-04	3.47e-18	0.00	0.00e+00	1.3000	8.33e-15	48
0.520	1.82e-04	0.0	3.85e-04	1.00e-02	0.00	0.00e+00	1.3000	8.33e-15	48
0.520	1.82e-04	0.0	3.85e-04	2.00e-02	0.00	0.00e+00	1.3000	8.33e-15	48
0.520	1.82e-04	0.0	3.85e-04	3.00e-02	0.00	0.00e+00	1.3000	8.33e-15	48
0.520	1.82e-04	0.0	3.85e-04	4.00e-02	0.00	0.00e+00	1.3000	8.33e-15	48
0.510	2.20e-04	0.0	4.62e-04	-5.00e-02	0.00	0.00e+00	1.3000	8.33e-15	49
0.510	2.20e-04	0.0	4.62e-04	-4.00e-02	0.00	0.00e+00	1.3000	8.33e-15	49
0.510	2.20e-04	0.0	4.62e-04	-3.00e-02	0.00	0.00e+00	1.3000	8.33e-15	49
0.510	2.20e-04	0.0	4.62e-04	-2.00e-02	0.00	0.00e+00	1.3000	8.33e-15	49
0.510	2.20e-04	0.0	4.62e-04	-1.00e-02	0.00	0.00e+00	1.3000	8.33e-15	49
0.510	2.20e-04	0.0	4.62e-04	3.47e-18	0.00	0.00e+00	1.3000	8.33e-15	49
0.510	2.20e-04	0.0	4.62e-04	1.00e-02	0.00	0.00e+00	1.3000	8.33e-15	49
0.510	2.20e-04	0.0	4.62e-04	2.00e-02	0.00	0.00e+00	1.3000	8.33e-15	49
0.510	2.20e-04	0.0	4.62e-04	3.00e-02	0.00	0.00e+00	1.3000	8.33e-15	49
0.510	2.20e-04	0.0	4.62e-04	4.00e-02	0.00	0.00e+00	1.3000	8.33e-15	49
0.500	2.67e-04	0.0	5.46e-04	-5.00e-02	0.00	0.00e+00	1.3000	8.33e-15	50
0.500	2.67e-04	0.0	5.46e-04	-4.00e-02	0.00	0.00e+00	1.3000	8.33e-15	50
0.500	2.67e-04	0.0	5.46e-04	-3.00e-02	0.00	0.00e+00	1.3000	8.33e-15	50
0.500	2.67e-04	0.0	5.46e-04	-2.00e-02	0.00	0.00e+00	1.3000	8.33e-15	50
0.500	2.67e-04	0.0	5.46e-04	-1.00e-02	0.00	0.00e+00	1.3000	8.33e-15	50
0.500	2.67e-04	0.0	5.46e-04	3.47e-18	0.00	0.00e+00	1.3000	8.33e-15	50
0.500	2.67e-04	0.0	5.46e-04	1.00e-02	0.00	0.00e+00	1.3000	8.33e-15	50
0.500	2.67e-04	0.0	5.46e-04	2.00e-02	0.00	0.00e+00	1.3000	8.33e-15	50
0.500	2.67e-04	0.0	5.46e-04	3.00e-02	0.00	0.00e+00	1.3000	8.33e-15	50
0.500	2.67e-04	0.0	5.46e-04	4.00e-02	0.00	0.00e+00	1.3000	8.33e-15	50
0.490	3.21e-04	0.0	6.38e-04	-5.00e-02	0.00	0.00e+00	1.3000	8.33e-15	51
0.490	3.21e-04	0.0	6.38e-04	-4.00e-02	0.00	0.00e+00	1.3000	8.33e-15	51
0.490	3.21e-04	0.0	6.38e-04	-3.00e-02	0.00	0.00e+00	1.3000	8.33e-15	51
0.490	3.21e-04	0.0	6.38e-04	-2.00e-02	0.00	0.00e+00	1.3000	8.33e-15	51
0.490	3.21e-04	0.0	6.38e-04	-1.00e-02	0.00	0.00e+00	1.3000	8.33e-15	51
0.490	3.21e-04	0.0	6.38e-04	3.47e-18	0.00	0.00e+00	1.3000	8.33e-15	51
0.490	3.21e-04	0.0	6.38e-04	1.00e-02	0.00	0.00e+00	1.3000	8.33e-15	51
0.490	3.21e-04	0.0	6.38e-04	2.00e-02	0.00	0.00e+00	1.3000	8.33e-15	51
0.490	3.21e-04	0.0	6.38e-04	3.00e-02	0.00	0.00e+00	1.3000	8.33e-15	51
0.490	3.21e-04	0.0	6.38e-04	4.00e-02	0.00	0.00e+00	1.3000	8.33e-15	51
0.480	3.85e-04	0.0	7.35e-04	-5.00e-02	0.00	0.00e+00	1.3000	8.33e-15	52
0.480	3.85e-04	0.0	7.35e-04	-4.00e-02	0.00	0.00e+00	1.3000	8.33e-15	52
0.480	3.85e-04	0.0	7.35e-04	-3.00e-02	0.00	0.00e+00	1.3000	8.33e-15	52
0.480	3.85e-04	0.0	7.35e-04	-2.00e-02	0.00	0.00e+00	1.3000	8.33e-15	52
0.480	3.85e-04	0.0	7.35e-04	-1.00e-02	0.00	0.00e+00	1.3000	8.33e-15	52
0.480	3.85e-04	0.0	7.35e-04	3.47e-18	0.00	0.00e+00	1.3000	8.33e-15	52
0.480	3.85e-04	0.0	7.35e-04	1.00e-02	0.00	0.00e+00	1.3000	8.33e-15	52
0.480	3.85e-04	0.0	7.35e-04	2.00e-02	0.00	0.00e+00	1.3000	8.33e-15	52
0.480	3.85e-04	0.0	7.35e-04	3.00e-02	0.00	0.00e+00	1.3000	8.33e-15	52
0.480	3.85e-04	0.0	7.35e-04	4.00e-02	0.00	0.00e+00	1.3000	8.33e-15	52
0.470	4.59e-04	0.0	8.34e-04	-5.00e-02	0.00	0.00e+00	1.3000	8.33e-15	53
0.470	4.59e-04	0.0	8.34e-04	-4.00e-02	0.00	0.00e+00	1.3000	8.33e-15	53
0.470	4.59e-04	0.0	8.34e-04	-3.00e-02	0.00	0.00e+00	1.3000	8.33e-15	53
0.470	4.59e-04	0.0	8.34e-04	-2.00e-02	0.00	0.00e+00	1.3000	8.33e-15	53
0.470	4.59e-04	0.0	8.34e-04	-1.00e-02	0.00	0.00e+00	1.3000	8.33e-15	53
0.470	4.59e-04	0.0	8.34e-04	3.47e-18	0.00	0.00e+00	1.3000	8.33e-15	53
0.470	4.59e-04	0.0	8.34e-04	1.00e-02	0.00	0.00e+00	1.3000	8.33e-15	53
0.470	4.59e-04	0.0	8.34e-04	2.00e-02	0.00	0.00e+00	1.3000	8.33e-15	53
0.470	4.59e-04	0.0	8.34e-04	3.00e-02	0.00	0.00e+00	1.3000	8.33e-15	53
0.470	4.59e-04	0.0	8.34e-04	4.00e-02	0.00	0.00e+00	1.3000	8.33e-15	53
0.460	5.42e-04	0.0	9.31e-04	-5.00e-02	0.00	0.00e+00	1.3000	8.33e-15	54
0.460	5.42e-04	0.0	9.31e-04	-4.00e-02	0.00	0.00e+00	1.3000	8.33e-15	54
0.460	5.42e-04	0.0	9.31e-04	-3.00e-02	0.00	0.00e+00	1.3000	8.33e-15	54
0.460	5.42e-04	0.0	9.31e-04	-2.00e-02	0.00	0.00e+00	1.3000	8.33e-15	54
0.460	5.42e-04	0.0	9.31e-04	-1.00e-02	0.00	0.00e+00	1.3000	8.33e-15	54
0.460	5.42e-04	0.0	9.31e-04	3.47e-18	0.00	0.00e+00	1.3000	8.33e-15	54
0.460	5.42e-04	0.0	9.31e-04	1.00e-02	0.00	0.00e+00	1.3000	8.33e-15	54
0.460	5.42e-04	0.0	9.31e-04	2.00e-02	0.00	0.00e+00	1.3000	8.33e-15	54
0.460	5.42e-04	0.0	9.31e-04	3.00e-02	0.00	0.00e+00	1.3000	8.33e-15	54
0.460	5.42e-04	0.0	9.31e-04	4.00e-02	0.00	0.00e+00	1.3000	8.33e-15	54
0.450	6.35e-04	0.0	1.02e-03	-5.00e-02	0.00	0.00e+00	1.3000	8.33e-15	55
0.450	6.35e-04	0.0	1.02e-03	-4.00e-02	0.00	0.00e+00	1.3000	8.33e-15	55
0.450	6.35e-04	0.0	1.02e-03	-3.00e-02	0.00	0.00e+00	1.3000	8.33e-15	55
0.450	6.35e-04	0.0	1.02e-03	-2.00e-02	0.00	0.00e+00	1.3000	8.33e-15	55
0.450	6.35e-04	0.0	1.02e-03	-1.00e-02	0.00	0.00e+00	1.3000	8.33e-15	55
0.450	6.35e-04	0.0	1.02e-03	3.47e-18	0.00	0.00e+00	1.3000	8.33e-15	55
0.450	6.35e-04	0.0	1.02e-03	1.00e-02	0.00	0.00e+00	1.3000	8.33e-15	55
0.450	6.35e-04	0.0	1.02e-03	2.00e-02	0.00	0.00e+00	1.3000	8.33e-15	55
0.450	6.35e-04	0.0	1.02e-03	3.00e-02	0.00	0.00e+00	1.3000	8.33e-15	55
0.450	6.35e-04	0.0	1.02e-03	4.00e-02	0.00	0.00e+00	1.3000	8.33e-15	55
0.440	7.37e-04	0.0	1.10e-03	-5.00e-02	0.00	0.00e+00	1.3000	8.33e-15	56
0.440	7.37e-04	0.0	1.10e-03	-4.00e-02	0.00	0.00e+00	1.3000	8.33e-15	56
0.440	7.37e-04	0.0	1.10e-03	-3.00e-02	0.00	0.00e+00	1.3000	8.33e-15	56
0.440	7.37e-04	0.0	1.10e-03	-2.00e-02	0.00	0.00e+00	1.3000	8.33e-15	56
0.440	7.37e-04	0.0	1.10e-03	-1.00e-02	0.00	0.00e+00	1.3000	8.33e-15	56
0.440	7.37e-04	0.0	1.10e-03	3.47e-18	0.00	0.00e+00	1.3000	8.33e-15	56
0.440	7.37e-04	0.0	1.10e-03	1.00e-02	0.00	0.00e+00	1.3000	8.33e-15	56
0.440	7.37e-04	0.0	1.10e-03	2.00e-02	0.00	0.00e+00	1.3000	8.33e-15	56
0.440	7.37e-04	0.0	1.10e-03	3.00e-02	0.00	0.00e+00	1.3000	8.33e-15	56
0.440	7.37e-04	0.0	1.10e-03	4.00e-02	0.00	0.00e+00	1.3000	8.33e-15	56
0.430	8.47e-04	0.0	1.15e-03	-5.00e-02	0.00	0.00e+00	1.3000	8.33e-15	57
0.430	8.47e-04	0.0	1.15e-03	-4.00e-02	0.00	0.00e+00	1.3000	8.33e-15	57
0.430	8.47e-04	0.0	1.15e-03	-3.00e-02	0.00	0.00e+00	1.3000	8.33e-15	57
0.430	8.47e-04	0.0	1.15e-03	-2.00e-02	0.00	0.00e+00	1.3000	8.33e-15	57
0.430	8.47e-04	0.0	1.15e-03	-1.00e-02	0.00	0.00e+00	1.3000	8.33e-15	57
0.430	8.47e-04	0.0	1.15e-03	3.47e-18	0.00	0.00e+00	1.3000	8.33e-15	57
0.430	8.47e-04	0.0	1.15e-03	1.00e-02	0.00	0.00e+00	1.3000	8.33e-15	57
0.430	8.47e-04	0.0	1.15e-03	2.00e-02	0.00	0.00e+00	1.3000	8.33e-15	57
0.430	8.47e-04	0.0	1.15e-03	3.00e-02	0.00	0.00e+00	1.3000	8.33e-15	57
0.430	8.47e-04	0.0	1.15e-03	4.00e-02	0.00	0.00e+00	1.3000	8.33e-15	57
0.420	9.62e-04	0.0	1.18e-03	-5.00e-02	0.00	0.00e+00	1.3000	8.33e-15	58
0.420	9.62e-04	0.0	1.18e-03	-4.00e-02	0.00	0.00e+00	1.3000	8.33e-15	58
0.420	9.62e-04	0.0	1.18e-03	-3.00e-02	0.00	0.00e+00	1.3000	8.33e-15	58
0.420	9.62e-04	0.0	1.18e-03	-2.00e-02	0.00	0.00e+00	1.3000	8.33e-15	58
0.420	9.62e-04	0.0	1.18e-03	-1.00e-02	0.00	0.00e+00	1.3000	8.33e-15	58
0.420	9.62e-04	0.0	1.18e-03	3.47e-18	0.00	0.00e+00	1.3000	8.33e-15	58
0.420	9.62e-04	0.0	1.18e-03	1.00e-02	0.00	0.00e+00	1.3000	8.33e-15	58
0.420	9.62e-04	0.0	1.18e-03	2.00e-02	0.00	0.00e+00	1.3000	8.33e-15	58
0.420	9.62e-04	0.0	1.18e-03	3.00e-02	0.00	0.00e+00	1.3000	8.33e-15	58
0.420	9.62e-04	0.0	1.18e-03	4.00e-02	0.00	0.00e+00	1.3000	8.33e-15	58
0.410	1.08e-03	0.0	1.16e-03	-5.00e-02	0.00	0.00e+00	1.3000	8.33e-15	59
0.410	1.08e-03	0.0	1.16e-03	-4.00e-02	0.00	0.00e+00	1.3000	8.33e-15	59
0.410	1.08e-03	0.0	1.16e-03	-3.00e-02	0.00	0.00e+00	1.3000	8.33e-15	59
0.410	1.08e-03	0.0	1.16e-03	-2.00e-02	0.00	0.00e+00	1.3000	8.33e-15	59
0.410	1.08e-03	0.0	1.16e-03	-1.00e-02	0.00	0.00e+00	1.3000	8.33e-15	59
0.410	1.08e-03	0.0	1.16e-03	3.47e-18	0.00	0.00e+00	1.3000	8.33e-15	59
0.410	1.08e-03	0.0	1.16e-03	1.00e-02	0.00	0.00e+00	1.3000	8.33e-15	59
0.410	1.08e-03	0.0	1.16e-03	2.00e-02	0.00	0.00e+00	1.3000	8.33e-15	59
0.410	1.08e-03	0.0	1.16e-03	3.00e-02	0.00	0.00e+00	1.3000	8.33e-15	59
0.410	1.08e-03	0.0	1.16e-03	4.00e-02	0.00	0.00e+00	1.3000	8.33e-15	59
0.400	1.20e-03	0.0	1.09e-03	-5.00e-02	0.00	0.00e+00	1.3000	8.33e-15	60
0.400	1.20e-03	0.0	1.09e-03	-4.00e-02	0.00	0.00e+00	1.3000	8.33e-15	60
0.400	1.20e-03	0.0	1.09e-03	-3.00e-02	0.00	0.00e+00	1.3000	8.33e-15	60
0.400	1.20e-03	0.0	1.09e-03	-2.00e-02	0.00	0.00e+00	1.3000	8.33e-15	60
0.400	1.20e-03	0.0	1.09e-03	-1.00e-02	0.00	0.00e+00	1.3000	8.33e-15	60
0.400	1.20e-03	0.0	1.09e-03	3.47e-18	0.00	0.00e+00	1.3000	8.33e-15	60
0.400	1.20e-03	0.0	1.09e-03	1.00e-02	0.00	0.00e+00	1.3000	8.33e-15	60
0.400	1.20e-03	0.0	1.09e-03	2.00e-02	0.00	0.00e+00	1.3000	8.33e-15	60
0.400	1.20e-03	0.0	1.09e-03	3.00e-02	0.00	0.00e+00	1.3000	8.33e-15	60
0.400	1.20e-03	0.0	1.09e-03	4.00e-02	0.00	0.00e+00	1.3000	8.33e-15	60
0.390	1.30e-03	0.0	9.55e-04	-5.00e-02	0.00	0.00e+00	1.3000	8.33e-15	61
0.390	1.30e-03	0.0	9.55e-04	-4.00e-02	0.00	0.00e+00	1.3000	8.33e-15	61
0.390	1.30e-03	0.0	9.55e-04	-3.00e-02	0.00	0.00e+00	1.3000	8.33e-15	61
0.390	1.30e-03	0.0	9.55e-04	-2.00e-02	0.00	0.00e+00	1.3000	8.33e-15	61
0.390	1.30e-03	0.0	9.55e-04	-1.00e-02	0.00	0.00e+00	1.3000	8.33e-15	61
0.390	1.30e-03	0.0	9.55e-04	3.47e-18	0.00	0.00e+00	1.3000	8.33e-15	61
0.390	1.30e-03	0.0	9.55e-04	1.00e-02	0.00	0.00e+00	1.3000	8.33e-15	61
0.390	1.30e-03	0.0	9.55e-04	2.00e-02	0.00	0.00e+00	1.3000	8.33e-15	61
0.390	1.30e-03	0.0	9.55e-04	3.00e-02	0.00	0.00e+00	1.3000	8.33e-15	61
0.390	1.30e-03	0.0	9.55e-04	4.00e-02	0.00	0.00e+00	1.3000	8.33e-15	61
0.380	1.40e-03	0.0	7.44e-04	-5.00e-02	0.00	0.00e+00	1.3000	8.33e-15	62
0.380	1.40e-03	0.0	7.44e-04	-4.00e-02	0.00	0.00e+00	1.3000	8.33e-15	62
0.380	1.40e-03	0.0	7.44e-04	-3.00e-02	0.00	0.00e+00	1.3000	8.33e-15	62
0.380	1.40e-03	0.0	7.44e-04	-2.00e-02	0.00	0.00e+00	1.3000	8.33e-15	62
0.380	1.40e-03	0.0	7.44e-04	-1.00e-02	0.00	0.00e+00	1.3000	8.33e-15	62
0.380	1.40e-03	0.0	7.44e-04	3.47e-18	0.00	0.00e+00	1.3000	8.33e-15	62
0.380	1.40e-03	0.0	7.44e-04	1.00e-02	0.00	0.00e+00	1.3000	8.33e-15	62
0.380	1.40e-03	0.0	7.44e-04	2.00e-02	0.00	0.00e+00	1.3000	8.33e-15	62
0.380	1.40e-03	0.0	7.44e-04	3.00e-02	0.00	0.00e+00	1.3000	8.33e-15	62
0.380	1.40e-03	0.0	7.44e-04	4.00e-02	0.00	0.00e+00	1.3000	8.33e-15	62
0.370	1.47e-03	0.0	4.44e-04	-5.00e-02	0.00	0.00e+00	1.3000	8.33e-15	63
0.370	1.47e-03	0.0	4.44e-04	-4.00e-02	0.00	0.00e+00	1.3000	8.33e-15	63
0.370	1.47e-03	0.0	4.44e-04	-3.00e-02	0.00	0.00e+00	1.3000	8.33e-15	63
0.370	1.47e-03	0.0	4.44e-04	-2.00e-02	0.00	0.00e+00	1.3000	8.33e-15	63
0.370	1.47e-03	0.0	4.44e-04	-1.00e-02	0.00	0.00e+00	1.3000	8.33e-15	63
0.370	1.47e-03	0.0	4.44e-04	3.47e-18	0.00	0.00e+00	1.3000	8.33e-15	63
0.370	1.47e-03	0.0	4.44e-04	1.00e-02	0.00	0.00e+00	1.3000	8.33e-15	63
0.370	1.47e-03	0.0	4.44e-04	2.00e-02	0.00	0.00e+00	1.3000	8.33e-15	63
0.370	1.47e-03	0.0	4.44e-04	3.00e-02	0.00	0.00e+00	1.3000	8.33e-15	63
0.370	1.47e-03	0.0	4.44e-04	4.00e-02	0.00	0.00e+00	1.3000	8.33e-15	63
0.360	1.52e-03	0.0	4.45e-05	-5.00e-02	0.00	0.00e+00	1.3000	8.33e-15	64
0.360	1.52e-03	0.0	4.45e-05	-4.00e-02	0.00	0.00e+00	1.3000	8.33e-15	64
0.360	1.52e-03	0.0	4.45e-05	-3.00e-02	0.00	0.00e+00	1.3000	8.33e-15	64
0.360	1.52e-03	0.0	4.45e-05	-2.00e-02	0.00	0.00e+00	1.3000	8.33e-15	64
0.360	1.52e-03	0.0	4.45e-05	-1.00e-02	0.00	0.00e+00	1.3000	8.33e-15	64
0.360	1.52e-03	0.0	4.45e-05	3.47e-18	0.00	0.00e+00	1.3000	8.33e-15	64
0.360	1.52e-03	0.0	4.45e-05	1.00e-02	0.00	0.00e+00	1.3000	8.33e-15	64
0.360	1.52e-03	0.0	4.45e-05	2.00e-02	0.00	0.00e+00	1.3000	8.33e-15	64
0.360	1.52e-03	0.0	4.45e-05	3.00e-02	0.00	0.00e+00	1.3000	8.33e-15	64
0.360	1.52e-03	0.0	4.45e-05	4.00e-02	0.00	0.00e+00	1.3000	8.33e-15	64
0.350	1.52e-03	0.0	-4.65e-04	-5.00e-02	0.00	0.00e+00	1.3000	8.33e-15	65
0.350	1.52e-03	0.0	-4.65e-04	-4.00e-02	0.00	0.00e+00	1.3000	8.33e-15	65
0.350	1.52e-03	0.0	-4.65e-04	-3.00e-02	0.00	0.00e+00	1.3000	8.33e-15	65
0.350	1.52e-03	0.0	-4.65e-04	-2.00e-02	0.00	0.00e+00	1.3000	8.33e-15	65
0.350	1.52e-03	0.0	-4.65e-04	-1.00e-02	0.00	0.00e+00	1.3000	8.33e-15	65
0.350	1.52e-03	0.0	-4.65e-04	3.47e-18	0.00	0.00e+00	1.3000	8.33e-15	65
0.350	1.52e-03	0.0	-4.65e-04	1.00e-02	0.00	0.00e+00	1.3000	8.33e-15	65
0.350	1.52e-03	0.0	-4.65e-04	2.00e-02	0.00	0.00e+00	1.3000	8.33e-15	65
0.350	1.52e-03	0.0	-4.65e-04	3.00e-02	0.00	0.00e+00	1.3000	8.33e-15	65
0.350	1.52e-03	0.0	-4.65e-04	4.00e-02	0.00	0.00e+00	1.3000	8.33e-15	65
0.340	1.48e-03	0.0	-1.09e-03	-5.00e-02	0.00	0.00e+00	1.3000	8.33e-15	66
0.340	1.48e-03	0.0	-1.09e-03	-4.00e-02	0.00	0.00e+00	1.3000	8.33e-15	66
0.340	1.48e-03	0.0	-1.09e-03	-3.00e-02	0.00	0.00e+00	1.3000	8.33e-15	66
0.340	1.48e-03	0.0	-1.09e-03	-2.00e-02	0.00	0.00e+00	1.3000	8.33e-15	66
0.340	1.48e-03	0.0	-1.09e-03	-1.00e-02	0.00	0.00e+00	1.3000	8.33e-15	66
0.340	1.48e-03	0.0	-1.09e-03	3.47e-18	0.00	0.00e+00	1.3000	8.33e-15	66
0.340	1.48e-03	0.0	-1.09e-03	1.00e-02	0.00	0.00e+00	1.3000	8.33e-15	66
0.340	1.48e-03	0.0	-1.09e-03	2.00e-02	0.00	0.00e+00	1.3000	8.33e-15	66
0.340	1.48e-03	0.0	-1.09e-03	3.00e-02	0.00	0.00e+00	1.3000	8.33e-15	66
0.340	1.48e-03	0.0	-1.09e-03	4.00e-02	0.00	0.00e+00	1.3000	8.33e-15	66
0.330	1.37e-03	0.0	-1.84e-03	-5.00e-02	0.00	0.00e+00	1.3000	8.33e-15	67
0.330	1.37e-03	0.0	-1.84e-03	-4.00e-02	0.00	0.00e+00	1.3000	8.33e-15	67
0.330	1.37e-03	0.0	-1.84e-03	-3.00e-02	0.00	0.00e+00	1.3000	8.33e-15	67
0.330	1.37e-03	0.0	-1.84e-03	-2.00e-02	0.00	0.00e+00	1.3000	8.33e-15	67
0.330	1.37e-03	0.0	-1.84e-03	-1.00e-02	0.00	0.00e+00	1.3000	8.33e-15	67
0.330	1.37e-03	0.0	-1.84e-03	3.47e-18	0.00	0.00e+00	1.3000	8.33e-15	67
0.330	1.37e-03	0.0	-1.84e-03	1.00e-02	0.00	0.00e+00	1.3000	8.33e-15	67
0.330	1.37e-03	0.0	-1.84e-03	2.00e-02	0.00	0.00e+00	1.3000	8.33e-15	67
0.330	1.37e-03	0.0	-1.84e-03	3.00e-02	0.00	0.00e+00	1.3000	8.33e-15	67
0.330	1.37e-03	0.0	-1.84e-03	4.00e-02	0.00	0.00e+00	1.3000	8.33e-15	67
0.320	1.18e-03	0.0	-2.71e-03	-5.00e-02	0.00	0.00e+00	1.3000	8.33e-15	68
0.320	1.18e-03	0.0	-2.71e-03	-4.00e-02	0.00	0.00e+00	1.3000	8.33e-15	68
0.320	1.18e-03	0.0	-2.71e-03	-3.00e-02	0.00	0.00e+00	1.3000	8.33e-15	68
0.320	1.18e-03	0.0	-2.71e-03	-2.00e-02	0.00	0.00e+00	1.3000	8.33e-15	68
0.320	1.18e-03	0.0	-2.71e-03	-1.00e-02	0.00	0.00e+00	1.3000	8.33e-15	68
0.320	1.18e-03	0.0	-2.71e-03	3.47e-18	0.00	0.00e+00	1.3000	8.33e-15	68
0.320	1.18e-03	0.0	-2.71e-03	1.00e-02	0.00	0.00e+00	1.3000	8.33e-15	68
0.320	1.18e-03	0.0	-2.71e-03	2.00e-02	0.00	0.00e+00	1.3000	8.33e-15	68
0.320	1.18e-03	0.0	-2.71e-03	3.00e-02	0.00	0.00e+00	1.3000	8.33e-15	68
0.320	1.18e-03	0.0	-2.71e-03	4.00e-02	0.00	0.00e+00	1.3000	8.33e-15	68
0.310	9.12e-04	0.0	-3.69e-03	-5.00e-02	0.00	0.00e+00	1.3000	8.33e-15	69
0.310	9.12e-04	0.0	-3.69e-03	-4.00e-02	0.00	0.00e+00	1.3000	8.33e-15	69
0.310	9.12e-04	0.0	-3.69e-03	-3.00e-02	0.00	0.00e+00	1.3000	8.33e-15	69
0.310	9.12e-04	0.0	-3.69e-03	-2.00e-02	0.00	0.00e+00	1.3000	8.33e-15	69
0.310	9.12e-04	0.0	-3.69e-03	-1.00e-02	0.00	0.00e+00	1.3000	8.33e-15	69
0.310	9.12e-04	0.0	-3.69e-03	3.47e-18	0.00	0.00e+00	1.3000	8.33e-15	69
0.310	9.12e-04	0.0	-3.69e-03	1.00e-02	0.00	0.00e+00	1.3000	8.33e-15	69
0.310	9.12e-04	0.0	-3.69e-03	2.00e-02	0.00	0.00e+00	1.3000	8.33e-15	69
0.310	9.12e-04	0.0	-3.69e-03	3.00e-02	0.00	0.00e+00	1.3000	8.33e-15	69
0.310	9.12e-04	0.0	-3.69e-03	4.00e-02	0.00	0.00e+00	1.3000	8.33e-15	69
0.300	5.43e-04	0.0	-4.77e-03	-5.00e-02	0.00	0.00e+00	1.3000	8.33e-15	70
0.300	5.43e-04	0.0	-4.77e-03	-4.00e-02	0.00	0.00e+00	1.3000	8.33e-15	70
0.300	5.43e-04	0.0	-4.77e-03	-3.00e-02	0.00	0.00e+00	1.3000	8.33e-15	70
0.300	5.43e-04	0.0	-4.77e-03	-2.00e-02	0.00	0.00e+00	1.3000	8.33e-15	70
0.300	5.43e-04	0.0	-4.77e-03	-1.00e-02	0.00	0.00e+00	1.3000	8.33e-15	70
0.300	5.43e-04	0.0	-4.77e-03	3.47e-18	0.00	0.00e+00	1.3000	8.33e-15	70
0.300	5.43e-04	0.0	-4.77e-03	1.00e-02	0.00	0.00e+00	1.3000	8.33e-15	70
0.300	5.43e-04	0.0	-4.77e-03	2.00e-02	0.00	0.00e+00	1.3000	8.33e-15	70
0.300	5.43e-04	0.0	-4.77e-03	3.00e-02	0.00	0.00e+00	1.3000	8.33e-15	70
0.300	5.43e-04	0.0	-4.77e-03	4.00e-02	0.00	0.00e+00	1.3000	8.33e-15	70
0.290	6.62e-05	0.0	-5.93e-03	-5.00e-02	0.00	0.00e+00	1.3000	8.33e-15	71
0.290	6.62e-05	0.0	-5.93e-03	-4.00e-02	0.00	0.00e+00	1.3000	8.33e-15	71
0.290	6.62e-05	0.0	-5.93e-03	-3.00e-02	0.00	0.00e+00	1.3000	8.33e-15	71
0.290	6.62e-05	0.0	-5.93e-03	-2.00e-02	0.00	0.00e+00	1.3000	8.33e-15	71
0.290	6.62e-05	0.0	-5.93e-03	-1.00e-02	0.00	0.00e+00	1.3000	8.33e-15	71
0.290	6.62e-05	0.0	-5.93e-03	3.47e-18	0.00	0.00e+00	1.3000	8.33e-15	71
0.290	6.62e-05	0.0	-5.93e-03	1.00e-02	0.00	0.00e+00	1.3000	8.33e-15	71
0.290	6.62e-05	0.0	-5.93e-03	2.00e-02	0.00	0.00e+00	1.3000	8.33e-15	71
0.290	6.62e-05	0.0	-5.93e-03	3.00e-02	0.00	0.00e+00	1.3000	8.33e-15	71
0.290	6.62e-05	0.0	-5.93e-03	4.00e-02	0.00	0.00e+00	1.3000	8.33e-15	71
0.280	-5.27e-04	0.0	-7.15e-03	-5.00e-02	0.00	0.00e+00	1.3000	8.33e-15	72
0.280	-5.27e-04	0.0	-7.15e-03	-4.00e-02	0.00	0.00e+00	1.3000	8.33e-15	72
0.280	-5.27e-04	0.0	-7.15e-03	-3.00e-02	0.00	0.00e+00	1.3000	8.33e-15	72
0.280	-5.27e-04	0.0	-7.15e-03	-2.00e-02	0.00	0.00e+00	1.3000	8.33e-15	72
0.280	-5.27e-04	0.0	-7.15e-03	-1.00e-02	0.00	0.00e+00	1.3000	8.33e-15	72
0.280	-5.27e-04	0.0	-7.15e-03	3.47e-18	0.00	0.00e+00	1.3000	8.33e-15	72
0.280	-5.27e-04	0.0	-7.15e-03	1.00e-02	0.00	0.00e+00	1.3000	8.33e-15	72
0.280	-5.27e-04	0.0	-7.15e-03	2.00e-02	0.00	0.00e+00	1.3000	8.33e-15	72
0.280	-5.27e-04	0.0	-7.15e-03	3.00e-02	0.00	0.00e+00	1.3000	8.33e-15	72
0.280	-5.27e-04	0.0	-7.15e-03	4.00e-02	0.00	0.00e+00	1.3000	8.33e-15	72
0.270	-1.24e-03	0.0	-8.38e-03	-5.00e-02	0.00	0.00e+00	1.3000	8.33e-15	73
0.270	-1.24e-03	0.0	-8.38e-03	-4.00e-02	0.00	0.00e+00	1.3000	8.33e-15	73
0.270	-1.24e-03	0.0	-8.38e-03	-3.00e-02	0.00	0.00e+00	1.3000	8.33e-15	73
0.270	-1.24e-03	0.0	-8.38e-03	-2.00e-02	0.00	0.00e+00	1.3000	8.33e-15	73
0.270	-1.24e-03	0.0	-8.38e-03	-1.00e-02	0.00	0.00e+00	1.3000	8.33e-15	73
0.270	-1.24e-03	0.0	-8.38e-03	3.47e-18	0.00	0.00e+00	1.3000	8.33e-15	73
0.270	-1.24e-03	0.0	-8.38e-03	1.00e-02	0.00	0.00e+00	1.3000	8.33e-15	73
0.270	-1.24e-03	0.0	-8.38e-03	2.00e-02	0.00	0.00e+00	1.3000	8.33e-15	73
0.270	-1.24e-03	0.0	-8.38e-03	3.00e-02	0.00	0.00e+00	1.3000	8.33e-15	73
0.270	-1.24e-03	0.0	-8.38e-03	4.00e-02	0.00	0.00e+00	1.3000	8.33e-15	73
0.260	-2.08e-03	0.0	-9.57e-03	-5.00e-02	0.00	0.00e+00	1.3000	8.33e-15	74
0.260	-2.08e-03	0.0	-9.57e-03	-4.00e-02	0.00	0.00e+00	1.3000	8.33e-15	74
0.260	-2.08e-03	0.0	-9.57e-03	-3.00e-02	0.00	0.00e+00	1.3000	8.33e-15	74
0.260	-2.08e-03	0.0	-9.57e-03	-2.00e-02	0.00	0.00e+00	1.3000	8.33e-15	74
0.260	-2.08e-03	0.0	-9.57e-03	-1.00e-02	0.00	0.00e+00	1.3000	8.33e-15	74
0.260	-2.08e-03	0.0	-9.57e-03	3.47e-18	0.00	0.00e+00	1.3000	8.33e-15	74
0.260	-2.08e-03	0.0	-9.57e-03	1.00e-02	0.00	0.00e+00	1.3000	8.33e-15	74
0.260	-2.08e-03	0.0	-9.57e-03	2.00e-02	0.00	0.00e+00	1.3000	8.33e-15	74
0.260	-2.08e-03	0.0	-9.57e-03	3.00e-02	0.00	0.00e+00	1.3000	8.33e-15	74
0.260	-2.08e-03	0.0	-9.57e-03	4.00e-02	0.00	0.00e+00	1.3000	8.33e-15	74
0.250	-3.04e-03	0.0	-1.07e-02	-5.00e-02	0.00	0.00e+00	1.3000	8.33e-15	75
0.250	-3.04e-03	0.0	-1.07e-02	-4.00e-02	0.00	0.00e+00	1.3000	8.33e-15	75
0.250	-3.04e-03	0.0	-1.07e-02	-3.00e-02	0.00	0.00e+00	1.3000	8.33e-15	75
0.250	-3.04e-03	0.0	-1.07e-02	-2.00e-02	0.00	0.00e+00	1.3000	8.33e-15	75
0.250	-3.04e-03	0.0	-1.07e-02	-1.00e-02	0.00	0.00e+00	1.3000	8.33e-15	75
0.250	-3.04e-03	0.0	-1.07e-02	3.47e-18	0.00	0.00e+00	1.3000	8.33e-15	75
0.250	-3.04e-03	0.0	-1.07e-02	1.00e-02	0.00	0.00e+00	1.3000	8.33e-15	75
0.250	-3.04e-03	0.0	-1.07e-02	2.00e-02	0.00	0.00e+00	1.3000	8.33e-15	75
0.250	-3.04e-03	0.0	-1.07e-02	3.00e-02	0.00	0.00e+00	1.3000	8.33e-15	75
0.250	-3.04e-03	0.0	-1.07e-02	4.00e-02	0.00	0.00e+00	1.3000	8.33e-15	75
0.240	-4.11e-03	0.0	-1.16e-02	-5.00e-02	0.00	0.00e+00	1.3000	8.33e-15	76
0.240	-4.11e-03	0.0	-1.16e-02	-4.00e-02	0.00	0.00e+00	1.3000	8.33e-15	76
0.240	-4.11e-03	0.0	-1.16e-02	-3.00e-02	0.00	0.00e+00	1.3000	8.33e-15	76
0.240	-4.11e-03	0.0	-1.16e-02	-2.00e-02	0.00	0.00e+00	1.3000	8.33e-15	76
0.240	-4.11e-03	0.0	-1.16e-02	-1.00e-02	0.00	0.00e+00	1.3000	8.33e-15	76
0.240	-4.11e-03	0.0	-1.16e-02	3.47e-18	0.00	0.00e+00	1.3000	8.33e-15	76
0.240	-4.11e-03	0.0	-1.16e-02	1.00e-02	0.00	0.00e+00	1.3000	8.33e-15	76
0.240	-4.11e-03	0.0	-1.16e-02	2.00e-02	0.00	0.00e+00	1.3000	8.33e-15	76
0.240	-4.11e-03	0.0	-1.16e-02	3.00e-02	0.00	0.00e+00	1.3000	8.33e-15	76
0.240	-4.11e-03	0.0	-1.16e-02	4.00e-02	0.00	0.00e+00	1.3000	8.33e-15	76
0.230	-5.27e-03	0.0	-1.24e-02	-5.00e-02	0.00	0.00e+00	1.3000	8.33e-15	77
0.230	-5.27e-03	0.0	-1.24e-02	-4.00e-02	0.00	0.00e+00	1.3000	8.33e-15	77
0.230	-5.27e-03	0.0	-1.24e-02	-3.00e-02	0.00	0.00e+00	1.3000	8.33e-15	77
0.230	-5.27e-03	0.0	-1.24e-02	-2.00e-02	0.00	0.00e+00	1.3000	8.33e-15	77
0.230	-5.27e-03	0.0	-1.24e-02	-1.00e-02	0.00	0.00e+00	1.3000	8.33e-15	77
0.230	-5.27e-03	0.0	-1.24e-02	3.47e-18	0.00	0.00e+00	1.3000	8.33e-15	77
0.230	-5.27e-03	0.0	-1.24e-02	1.00e-02	0.00	0.00e+00	1.3000	8.33e-15	77
0.230	-5.27e-03	0.0	-1.24e-02	2.00e-02	0.00	0.00e+00	1.3000	8.33e-15	77
0.230	-5.27e-03	0.0	-1.24e-02	3.00e-02	0.00	0.00e+00	1.3000	8.33e-15	77
0.230	-5.27e-03	0.0	-1.24e-02	4.00e-02	0.00	0.00e+00	1.3000	8.33e-15	77
0.220	-6.51e-03	0.0	-1.28e-02	-5.00e-02	0.00	0.00e+00	1.3000	8.33e-15	78
0.220	-6.51e-03	0.0	-1.28e-02	-4.00e-02	0.00	0.00e+00	1.3000	8.33e-15	78
0.220	-6.51e-03	0.0	-1.28e-02	-3.00e-02	0.00	0.00e+00	1.3000	8.33e-15	78
0.220	-6.51e-03	0.0	-1.28e-02	-2.00e-02	0.00	0.00e+00	1.3000	8.33e-15	78
0.220	-6.51e-03	0.0	-1.28e-02	-1.00e-02	0.00	0.00e+00	1.3000	8.33e-15	78
0.220	-6.51e-03	0.0	-1.28e-02	3.47e-18	0.00	0.00e+00	1.3000	8.33e-15	78
0.220	-6.51e-03	0.0	-1.28e-02	1.00e-02	0.00	0.00e+00	1.3000	8.33e-15	78
0.220	-6.51e-03	0.0	-1.28e-02	2.00e-02	0.00	0.00e+00	1.3000	8.33e-15	78
0.220	-6.51e-03	0.0	-1.28e-02	3.00e-02	0.00	0.00e+00	1.3000	8.33e-15	78
0.220	-6.51e-03	0.0	-1.28e-02	4.00e-02	0.00	0.00e+00	1.3000	8.33e-15	78
0.210	-7.78e-03	0.0	-1.28e-02	-5.00e-02	0.00	0.00e+00	1.3000	8.33e-15	79
0.210	-7.78e-03	0.0	-1.28e-02	-4.00e-02	0.00	0.00e+00	1.3000	8.33e-15	79
0.210	-7.78e-03	0.0	-1.28e-02	-3.00e-02	0.00	0.00e+00	1.3000	8.33e-15	79
0.210	-7.78e-03	0.0	-1.28e-02	-2.00e-02	0.00	0.00e+00	1.3000	8.33e-15	79
0.210	-7.78e-03	0.0	-1.28e-02	-1.00e-02	0.00	0.00e+00	1.3000	8.33e-15	79
0.210	-7.78e-03	0.0	-1.28e-02	3.47e-18	0.00	0.00e+00	1.3000	8.33e-15	79
0.210	-7.78e-03	0.0	-1.28e-02	1.00e-02	0.00	0.00e+00	1.3000	8.33e-15	79
0.210	-7.78e-03	0.0	-1.28e-02	2.00e-02	0.00	0.00e+00	1.3000	8.33e-15	79
0.210	-7.78e-03	0.0	-1.28e-02	3.00e-02	0.00	0.00e+00	1.3000	8.33e-15	79
0.210	-7.78e-03	0.0	-1.28e-02	4.00e-02	0.00	0.00e+00	1.3000	8.33e-15	79
0.200	-9.07e-03	0.0	-1.24e-02	-5.00e-02	0.00	0.00e+00	1.3000	8.33e-15	80
0.200	-9.07e-03	0.0	-1.24e-02	-4.00e-02	0.00	0.00e+00	1.3000	8.33e-15	80
0.200	-9.07e-03	0.0	-1.24e-02	-3.00e-02	0.00	0.00e+00	1.3000	8.33e-15	80
0.200	-9.07e-03	0.0	-1.24e-02	-2.00e-02	0.00	0.00e+00	1.3000	8.33e-15	80
0.200	-9.07e-03	0.0	-1.24e-02	-1.00e-02	0.00	0.00e+00	1.3000	8.33e-15	80
0.200	-9.07e-03	0.0	-1.24e-02	3.47e-18	0.00	0.00e+00	1.3000	8.33e-15	80
0.200	-9.07e-03	0.0	-1.24e-02	1.00e-02	0.00	0.00e+00	1.3000	8.33e-15	80
0.200	-9.07e-03	0.0	-1.24e-02	2.00e-02	0.00	0.00e+00	1.3000	8.33e-15	80
0.200	-9.07e-03	0.0	-1.24e-02	3.00e-02	0.00	0.00e+00	1.3000	8.33e-15	80
0.200	-9.07e-03	0.0	-1.24e-02	4.00e-02	0.00	0.00e+00	1.3000	8.33e-15	80
0.190	-1.03e-02	0.0	-1.14e-02	-5.00e-02	0.00	0.00e+00	1.3000	8.33e-15	81
0.190	-1.03e-02	0.0	-1.14e-02	-4.00e-02	0.00	0.00e+00	1.3000	8.33e-15	81
0.190	-1.03e-02	0.0	-1.14e-02	-3.00e-02	0.00	0.00e+00	1.3000	8.33e-15	81
0.190	-1.03e-02	0.0	-1.14e-02	-2.00e-02	0.00	0.00e+00	1.3000	8.33e-15	81
0.190	-1.03e-02	0.0	-1.14e-02	-1.00e-02	0.00	0.00e+00	1.3000	8.33e-15	81
0.190	-1.03e-02	0.0	-1.14e-02	3.47e-18	0.00	0.00e+00	1.3000	8.33e-15	81
0.190	-1.03e-02	0.0	-1.14e-02	1.00e-02	0.00	0.00e+00	1.3000	8.33e-15	81
0.190	-1.03e-02	0.0	-1.14e-02	2.00e-02	0.00	0.00e+00	1.3000	8.33e-15	81
0.190	-1.03e-02	0.0	-1.14e-02	3.00e-02	0.00	0.00e+00	1.3000	8.33e-15	81
0.190	-1.03e-02	0.0	-1.14e-02	4.00e-02	0.00	0.00e+00	1.3000	8.33e-15	81
0.180	-1.14e-02	0.0	-9.78e-03	-5.00e-02	0.00	0.00e+00	1.3000	8.33e-15	82
0.180	-1.14e-02	0.0	-9.78e-03	-4.00e-02	0.00	0.00e+00	1.3000	8.33e-15	82
0.180	-1.14e-02	0.0	-9.78e-03	-3.00e-02	0.00	0.00e+00	1.3000	8.33e-15	82
0.180	-1.14e-02	0.0	-9.78e-03	-2.00e-02	0.00	0.00e+00	1.3000	8.33e-15	82
0.180	-1.14e-02	0.0	-9.78e-03	-1.00e-02	0.00	0.00e+00	1.3000	8.33e-15	82
0.180	-1.14e-02	0.0	-9.78e-03	3.47e-18	0.00	0.00e+00	1.3000	8.33e-15	82
0.180	-1.14e-02	0.0	-9.78e-03	1.00e-02	0.00	0.00e+00	1.3000	8.33e-15	82
0.180	-1.14e-02	0.0	-9.78e-03	2.00e-02	0.00	0.00e+00	1.3000	8.33e-15	82
0.180	-1.14e-02	0.0	-9.78e-03	3.00e-02	0.00	0.00e+00	1.3000	8.33e-15	82
0.180	-1.14e-02	0.0	-9.78e-03	4.00e-02	0.00	0.00e+00	1.3000	8.33e-15	82
0.170	-1.24e-02	0.0	-7.47e-03	-5.00e-02	0.00	0.00e+00	1.3000	8.33e-15	83
0.170	-1.24e-02	0.0	-7.47e-03	-4.00e-02	0.00	0.00e+00	1.3000	8.33e-15	83
0.170	-1.24e-02	0.0	-7.47e-03	-3.00e-02	0.00	0.00e+00	1.3000	8.33e-15	83
0.170	-1.24e-02	0.0	-7.47e-03	-2.00e-02	0.00	0.00e+00	1.3000	8.33e-15	83
0.170	-1.24e-02	0.0	-7.47e-03	-1.00e-02	0.00	0.00e+00	1.3000	8.33e-15	83
0.170	-1.24e-02	0.0	-7.47e-03	3.47e-18	0.00	0.00e+00	1.3000	8.33e-15	83
0.170	-1.24e-02	0.0	-7.47e-03	1.00e-02	0.00	0.00e+00	1.3000	8.33e-15	83
0.170	-1.24e-02	0.0	-7.47e-03	2.00e-02	0.00	0.00e+00	1.3000	8.33e-15	83
0.170	-1.24e-02	0.0	-7.47e-03	3.00e-02	0.00	0.00e+00	1.3000	8.33e-15	83
0.170	-1.24e-02	0.0	-7.47e-03	4.00e-02	0.00	0.00e+00	1.3000	8.33e-15	83
0.160	-1.32e-02	0.0	-4.41e-03	-5.00e-02	0.00	0.00e+00	1.3000	8.33e-15	84
0.160	-1.32e-02	0.0	-4.41e-03	-4.00e-02	0.00	0.00e+00	1.3000	8.33e-15	84
0.160	-1.32e-02	0.0	-4.41e-03	-3.00e-02	0.00	0.00e+00	1.3000	8.33e-15	84
0.160	-1.32e-02	0.0	-4.41e-03	-2.00e-02	0.00	0.00e+00	1.3000	8.33e-15	84
0.160	-1.32e-02	0.0	-4.41e-03	-1.00e-02	0.00	0.00e+00	1.3000	8.33e-15	84
0.160	-1.32e-02	0.0	-4.41e-03	3.47e-18	0.00	0.00e+00	1.3000	8.33e-15	84
0.160	-1.32e-02	0.0	-4.41e-03	1.00e-02	0.00	0.00e+00	1.3000	8.33e-15	84
0.160	-1.32e-02	0.0	-4.41e-03	2.00e-02	0.00	0.00e+00	1.3000	8.33e-15	84
0.160	-1.32e-02	0.0	-4.41e-03	3.00e-02	0.00	0.00e+00	1.3000	8.33e-15	84
0.160	-1.32e-02	0.0	-4.41e-03	4.00e-02	0.00	0.00e+00	1.3000	8.33e-15	84
0.150	-1.36e-02	0.0	-5.67e-04	-5.00e-02	0.00	0.00e+00	1.3000	8.33e-15	85
0.150	-1.36e-02	0.0	-5.67e-04	-4.00e-02	0.00	0.00e+00	1.3000	8.33e-15	85
0.150	-1.36e-02	0.0	-5.67e-04	-3.00e-02	0.00	0.00e+00	1.3000	8.33e-15	85
0.150	-1.36e-02	0.0	-5.67e-04	-2.00e-02	0.00	0.00e+00	1.3000	8.33e-15	85
0.150	-1.36e-02	0.0	-5.67e-04	-1.00e-02	0.00	0.00e+00	1.3000	8.33e-15	85
0.150	-1.36e-02	0.0	-5.67e-04	3.47e-18	0.00	0.00e+00	1.3000	8.33e-15	85
0.150	-1.36e-02	0.0	-5.67e-04	1.00e-02	0.00	0.00e+00	1.3000	8.33e-15	85
0.150	-1.36e-02	0.0	-5.67e-04	2.00e-02	0.00	0.00e+00	1.3000	8.33e-15	85
0.150	-1.36e-02	0.0	-5.67e-04	3.00e-02	0.00	0.00e+00	1.3000	8.33e-15	85
0.150	-1.36e-02	0.0	-5.67e-04	4.00e-02	0.00	0.00e+00	1.3000	8.33e-15	85
0.140	-1.37e-02	0.0	4.06e-03	-5.00e-02	0.00	0.00e+00	1.3000	8.33e-15	86
0.140	-1.37e-02	0.0	4.06e-03	-4.00e-02	0.00	0.00e+00	1.3000	8.33e-15	86
0.140	-1.37e-02	0.0	4.06e-03	-3.00e-02	0.00	0.00e+00	1.3000	8.33e-15	86
0.140	-1.37e-02	0.0	4.06e-03	-2.00e-02	0.00	0.00e+00	1.3000	8.33e-15	86
0.140	-1.37e-02	0.0	4.06e-03	-1.00e-02	0.00	0.00e+00	1.3000	8.33e-15	86
0.140	-1.37e-02	0.0	4.06e-03	3.47e-18	0.00	0.00e+00	1.3000	8.33e-15	86
0.140	-1.37e-02	0.0	4.06e-03	1.00e-02	0.00	0.00e+00	1.3000	8.33e-15	86
0.140	-1.37e-02	0.0	4.06e-03	2.00e-02	0.00	0.00e+00	1.3000	8.33e-15	86
0.140	-1.37e-02	0.0	4.06e-03	3.00e-02	0.00	0.00e+00	1.3000	8.33e-15	86
0.140	-1.37e-02	0.0	4.06e-03	4.00e-02	0.00	0.00e+00	1.3000	8.33e-15	86
0.130	-1.33e-02	0.0	9.44e-03	-5.00e-02	0.00	0.00e+00	1.3000	8.33e-15	87
0.130	-1.33e-02	0.0	9.44e-03	-4.00e-02	0.00	0.00e+00	1.3000	8.33e-15	87
0.130	-1.33e-02	0.0	9.44e-03	-3.00e-02	0.00	0.00e+00	1.3000	8.33e-15	87
0.130	-1.33e-02	0.0	9.44e-03	-2.00e-02	0.00	0.00e+00	1.3000	8.33e-15	87
0.130	-1.33e-02	0.0	9.44e-03	-1.00e-02	0.00	0.00e+00	1.3000	8.33e-15	87
0.130	-1.33e-02	0.0	9.44e-03	3.47e-18	0.00	0.00e+00	1.3000	8.33e-15	87
0.130	-1.33e-02	0.0	9.44e-03	1.00e-02	0.00	0.00e+00	1.3000	8.33e-15	87
0.130	-1.33e-02	0.0	9.44e-03	2.00e-02	0.00	0.00e+00	1.3000	8.33e-15	87
0.130	-1.33e-02	0.0	9.44e-03	3.00e-02	0.00	0.00e+00	1.3000	8.33e-15	87
0.130	-1.33e-02	0.0	9.44e-03	4.00e-02	0.00	0.00e+00	1.3000	8.33e-15	87
0.120	-1.23e-02	0.0	1.55e-02	-5.00e-02	0.00	0.00e+00	1.3000	8.33e-15	88
0.120	-1.23e-02	0.0	1.55e-02	-4.00e-02	0.00	0.00e+00	1.3000	8.33e-15	88
0.120	-1.23e-02	0.0	1.55e-02	-3.00e-02	0.00	0.00e+00	1.3000	8.33e-15	88
0.120	-1.23e-02	0.0	1.55e-02	-2.00e-02	0.00	0.00e+00	1.3000	8.33e-15	88
0.120	-1.23e-02	0.0	1.55e-02	-1.00e-02	0.00	0.00e+00	1.3000	8.33e-15	88
0.120	-1.23e-02	0.0	1.55e-02	3.47e-18	0.00	0.00e+00	1.3000	8.33e-15	88
0.120	-1.23e-02	0.0	1.55e-02	1.00e-02	0.00	0.00e+00	1.3000	8.33e-15	88
0.120	-1.23e-02	0.0	1.55e-02	2.00e-02	0.00	0.00e+00	1.3000	8.33e-15	88
0.120	-1.23e-02	0.0	1.55e-02	3.00e-02	0.00	0.00e+00	1.3000	8.33e-15	88
0.120	-1.23e-02	0.0	1.55e-02	4.00e-02	0.00	0.00e+00	1.3000	8.33e-15	88
0.110	-1.08e-02	0.0	2.22e-02	-5.00e-02	0.00	0.00e+00	1.3000	8.33e-15	89
0.110	-1.08e-02	0.0	2.22e-02	-4.00e-02	0.00	0.00e+00	1.3000	8.33e-15	89
0.110	-1.08e-02	0.0	2.22e-02	-3.00e-02	0.00	0.00e+00	1.3000	8.33e-15	89
0.110	-1.08e-02	0.0	2.22e-02	-2.00e-02	0.00	0.00e+00	1.3000	8.33e-15	89
0.110	-1.08e-02	0.0	2.22e-02	-1.00e-02	0.00	0.00e+00	1.3000	8.33e-15	89
0.110	-1.08e-02	0.0	2.22e-02	3.47e-18	0.00	0.00e+00	1.3000	8.33e-15	89
0.110	-1.08e-02	0.0	2.22e-02	1.00e-02	0.00	0.00e+00	1.3000	8.33e-15	89
0.110	-1.08e-02	0.0	2.22e-02	2.00e-02	0.00	0.00e+00	1.3000	8.33e-15	89
0.110	-1.08e-02	0.0	2.22e-02	3.00e-02	0.00	0.00e+00	1.3000	8.33e-15	89
0.110	-1.08e-02	0.0	2.22e-02	4.00e-02	0.00	0.00e+00	1.3000	8.33e-15	89
0.100	-8.55e-03	0.0	2.94e-02	-5.00e-02	0.00	0.00e+00	1.3000	8.33e-15	90
0.100	-8.55e-03	0.0	2.94e-02	-4.00e-02	0.00	0.00e+00	1.3000	8.33e-15	90
0.100	-8.55e-03	0.0	2.94e-02	-3.00e-02	0.00	0.00e+00	1.3000	8.33e-15	90
0.100	-8.55e-03	0.0	2.94e-02	-2.00e-02	0.00	0.00e+00	1.3000	8.33e-15	90
0.100	-8.55e-03	0.0	2.94e-02	-1.00e-02	0.00	0.00e+00	1.3000	8.33e-15	90
0.100	-8.55e-03	0.0	2.94e-02	3.47e-18	0.00	0.00e+00	1.3000	8.33e-15	90
0.100	-8.55e-03	0.0	2.94e-02	1.00e-02	0.00	0.00e+00	1.3000	8.33e-15	90
0.100	-8.55e-03	0.0	2.94e-02	2.00e-02	0.00	0.00e+00	1.3000	8.33e-15	90
0.100	-8.55e-03	0.0	2.94e-02	3.00e-02	0.00	0.00e+00	1.3000	8.33e-15	90
0.100	-8.55e-03	0.0	2.94e-02	4.00e-02	0.00	0.00e+00	1.3000	8.33e-15	90
0.090	-5.61e-03	0.0	3.68e-02	-5.00e-02	0.00	0.00e+00	1.3000	8.33e-15	91
0.090	-5.61e-03	0.0	3.68e-02	-4.00e-02	0.00	0.00e+00	1.3000	8.33e-15	91
0.090	-5.61e-03	0.0	3.68e-02	-3.00e-02	0.00	0.00e+00	1.3000	8.33e-15	91
0.090	-5.61e-03	0.0	3.68e-02	-2.00e-02	0.00	0.00e+00	1.3000	8.33e-15	91
0.090	-5.61e-03	0.0	3.68e-02	-1.00e-02	0.00	0.00e+00	1.3000	8.33e-15	91
0.090	-5.61e-03	0.0	3.68e-02	3.47e-18	0.00	0.00e+00	1.3000	8.33e-15	91
0.090	-5.61e-03	0.0	3.68e-02	1.00e-02	0.00	0.00e+00	1.3000	8.33e-15	91
0.090	-5.61e-03	0.0	3.68e-02	2.00e-02	0.00	0.00e+00	1.3000	8.33e-15	91
0.090	-5.61e-03	0.0	3.68e-02	3.00e-02	0.00	0.00e+00	1.3000	8.33e-15	91
0.090	-5.61e-03	0.0	3.68e-02	4.00e-02	0.00	0.00e+00	1.3000	8.33e-15	91
0.080	-1.93e-03	0.0	4.43e-02	-5.00e-02	0.00	0.00e+00	1.3000	8.33e-15	92
0.080	-1.93e-03	0.0	4.43e-02	-4.00e-02	0.00	0.00e+00	1.3000	8.33e-15	92
0.080	-1.93e-03	0.0	4.43e-02	-3.00e-02	0.00	0.00e+00	1.3000	8.33e-15	92
0.080	-1.93e-03	0.0	4.43e-02	-2.00e-02	0.00	0.00e+00	1.3000	8.33e-15	92
0.080	-1.93e-03	0.0	4.43e-02	-1.00e-02	0.00	0.00e+00	1.3000	8.33e-15	92
0.080	-1.93e-03	0.0	4.43e-02	3.47e-18	0.00	0.00e+00	1.3000	8.33e-15	92
0.080	-1.93e-03	0.0	4.43e-02	1.00e-02	0.00	0.00e+00	1.3000	8.33e-15	92
0.080	-1.93e-03	0.0	4.43e-02	2.00e-02	0.00	0.00e+00	1.3000	8.33e-15	92
0.080	-1.93e-03	0.0	4.43e-02	3.00e-02	0.00	0.00e+00	1.3000	8.33e-15	92
0.080	-1.93e-03	0.0	4.43e-02	4.00e-02	0.00	0.00e+00	1.3000	8.33e-15	92
0.070	2.50e-03	0.0	5.15e-02	-5.00e-02	0.00	0.00e+00	1.3000	8.33e-15	93
0.070	2.50e-03	0.0	5.15e-02	-4.00e-02	0.00	0.00e+00	1.3000	8.33e-15	93
0.070	2.50e-03	0.0	5.15e-02	-3.00e-02	0.00	0.00e+00	1.3000	8.33e-15	93
0.070	2.50e-03	0.0	5.15e-02	-2.00e-02	0.00	0.00e+00	1.3000	8.33e-15	93
0.070	2.50e-03	0.0	5.15e-02	-1.00e-02	0.00	0.00e+00	1.3000	8.33e-15	93
0.070	2.50e-03	0.0	5.15e-02	3.47e-18	0.00	0.00e+00	1.3000	8.33e-15	93
0.070	2.50e-03	0.0	5.15e-02	1.00e-02	0.00	0.00e+00	1.3000	8.33e-15	93
0.070	2.50e-03	0.0	5.15e-02	2.00e-02	0.00	0.00e+00	1.3000	8.33e-15	93
0.070	2.50e-03	0.0	5.15e-02	3.00e-02	0.00	0.00e+00	1.3000	8.33e-15	93
0.070	2.50e-03	0.0	5.15e-02	4.00e-02	0.00	0.00e+00	1.3000	8.33e-15	93
0.060	7.64e-03	0.0	5.82e-02	-5.00e-02	0.00	0.00e+00	1.3000	8.33e-15	94
0.060	7.64e-03	0.0	5.82e-02	-4.00e-02	0.00	0.00e+00	1.3000	8.33e-15	94
0.060	7.64e-03	0.0	5.82e-02	-3.00e-02	0.00	0.00e+00	1.3000	8.33e-15	94
0.060	7.64e-03	0.0	5.82e-02	-2.00e-02	0.00	0.00e+00	1.3000	8.33e-15	94
0.060	7.64e-03	0.0	5.82e-02	-1.00e-02	0.00	0.00e+00	1.3000	8.33e-15	94
0.060	7.64e-03	0.0	5.82e-02	3.47e-18	0.00	0.00e+00	1.3000	8.33e-15	94
0.060	7.64e-03	0.0	5.82e-02	1.00e-02	0.00	0.00e+00	1.3000	8.33e-15	94
0.060	7.64e-03	0.0	5.82e-02	2.00e-02	0.00	0.00e+00	1.3000	8.33e-15	94
0.060	7.64e-03	0.0	5.82e-02	3.00e-02	0.00	0.00e+00	1.3000	8.33e-15	94
0.060	7.64e-03	0.0	5.82e-02	4.00e-02	0.00	0.00e+00	1.3000	8.33e-15	94
0.050	1.35e-02	0.0	6.40e-02	-5.00e-02	0.00	0.00e+00	1.3000	8.33e-15	95
0.050	1.35e-02	0.0	6.40e-02	-4.00e-02	0.00	0.00e+00	1.3000	8.33e-15	95
0.050	1.35e-02	0.0	6.40e-02	-3.00e-02	0.00	0.00e+00	1.3000	8.33e-15	95
0.050	1.35e-02	0.0	6.40e-02	-2.00e-02	0.00	0.00e+00	1.3000	8.33e-15	95
0.050	1.35e-02	0.0	6.40e-02	-1.00e-02	0.00	0.00e+00	1.3000	8.33e-15	95
0.050	1.35e-02	0.0	6.40e-02	3.47e-18	0.00	0.00e+00	1.3000	8.33e-15	95
0.050	1.35e-02	0.0	6.40e-02	1.00e-02	0.00	0.00e+00	1.3000	8.33e-15	95
0.050	1.35e-02	0.0	6.40e-02	2.00e-02	0.00	0.00e+00	1.3000	8.33e-15	95
0.050	1.35e-02	0.0	6.40e-02	3.00e-02	0.00	0.00e+00	1.3000	8.33e-15	95
0.050	1.35e-02	0.0	6.40e-02	4.00e-02	0.00	0.00e+00	1.3000	8.33e-15	95
0.040	1.99e-02	0.0	6.86e-02	-5.00e-02	0.00	0.00e+00	1.3000	8.33e-15	96
0.040	1.99e-02	0.0	6.86e-02	-4.00e-02	0.00	0.00e+00	1.3000	8.33e-15	96
0.040	1.99e-02	0.0	6.86e-02	-3.00e-02	0.00	0.00e+00	1.3000	8.33e-15	96
0.040	1.99e-02	0.0	6.86e-02	-2.00e-02	0.00	0.00e+00	1.3000	8.33e-15	96
0.040	1.99e-02	0.0	6.86e-02	-1.00e-02	0.00	0.00e+00	1.3000	8.33e-15	96
0.040	1.99e-02	0.0	6.86e-02	3.47e-18	0.00	0.00e+00	1.3000	8.33e-15	96
0.040	1.99e-02	0.0	6.86e-02	1.00e-02	0.00	0.00e+00	1.3000	8.33e-15	96
0.040	1.99e-02	0.0	6.86e-02	2.00e-02	0.00	0.00e+00	1.3000	8.33e-15	96
0.040	1.99e-02	0.0	6.86e-02	3.00e-02	0.00	0.00e+00	1.3000	8.33e-15	96
0.040	1.99e-02	0.0	6.86e-02	4.00e-02	0.00	0.00e+00	1.3000	8.33e-15	96
0.030	2.67e-02	0.0	7.15e-02	-5.00e-02	0.00	0.00e+00	1.3000	8.33e-15	97
0.030	2.67e-02	0.0	7.15e-02	-4.00e-02	0.00	0.00e+00	1.3000	8.33e-15	97
0.030	2.67e-02	0.0	7.15e-02	-3.00e-02	0.00	0.00e+00	1.3000	8.33e-15	97
0.030	2.67e-02	0.0	7.15e-02	-2.00e-02	0.00	0.00e+00	1.3000	8.33e-15	97
0.030	2.67e-02	0.0	7.15e-02	-1.00e-02	0.00	0.00e+00	1.3000	8.33e-15	97
0.030	2.67e-02	0.0	7.15e-02	3.47e-18	0.00	0.00e+00	1.3000	8.33e-15	97
0.030	2.67e-02	0.0	7.15e-02	1.00e-02	0.00	0.00e+00	1.3000	8.33e-15	97
0.030	2.67e-02	0.0	7.15e-02	2.00e-02	0.00	0.00e+00	1.3000	8.33e-15	97
0.030	2.67e-02	0.0	7.15e-02	3.00e-02	0.00	0.00e+00	1.3000	8.33e-15	97
0.030	2.67e-02	0.0	7.15e-02	4.00e-02	0.00	0.00e+00	1.3000	8.33e-15	97
0.020	3.39e-02	0.0	7.23e-02	-5.00e-02	0.00	0.00e+00	1.3000	8.33e-15	98
0.020	3.39e-02	0.0	7.23e-02	-4.00e-02	0.00	0.00e+00	1.3000	8.33e-15	98
0.020	3.39e-02	0.0	7.23e-02	-3.00e-02	0.00	0.00e+00	1.3000	8.33e-15	98
0.020	3.39e-02	0.0	7.23e-02	-2.00e-02	0.00	0.00e+00	1.3000	8.33e-15	98
0.020	3.39e-02	0.0	7.23e-02	-1.00e-02	0.00	0.00e+00	1.3000	8.33e-15	98
0.020	3.39e-02	0.0	7.23e-02	3.47e-18	0.00	0.00e+00	1.3000	8.33e-15	98
0.020	3.39e-02	0.0	7.23e-02	1.00e-02	0.00	0.00e+00	1.3000	8.33e-15	98
0.020	3.39e-02	0.0	7.23e-02	2.00e-02	0.00	0.00e+00	1.3000	8.33e-15	98
0.020	3.39e-02	0.0	7.23e-02	3.00e-02	0.00	0.00e+00	1.3000	8.33e-15	98
0.020	3.39e-02	0.0	7.23e-02	4.00e-02	0.00	0.00e+00	1.3000	8.33e-15	98
0.010	4.11e-02	0.0	7.38e-02	-5.00e-02	0.00	0.00e+00	1.3000	8.33e-15	99
0.010	4.11e-02	0.0	7.38e-02	-4.00e-02	0.00	0.00e+00	1.3000	8.33e-15	99
0.010	4.11e-02	0.0	7.38e-02	-3.00e-02	0.00	0.00e+00	1.3000	8.33e-15	99
0.010	4.11e-02	0.0	7.38e-02	-2.00e-02	0.00	0.00e+00	1.3000	8.33e-15	99
0.010	4.11e-02	0.0	7.38e-02	-1.00e-02	0.00	0.00e+00	1.3000	8.33e-15	99
0.010	4.11e-02	0.0	7.38e-02	3.47e-18	0.00	0.00e+00	1.3000	8.33e-15	99
0.010	4.11e-02	0.0	7.38e-02	1.00e-02	0.00	0.00e+00	1.3000	8.33e-15	99
0.010	4.11e-02	0.0	7.38e-02	2.00e-02	0.00	0.00e+00	1.3000	8.33e-15	99
0.010	4.11e-02	0.0	7.38e-02	3.00e-02	0.00	0.00e+00	1.3000	8.33e-15	99
0.010	4.11e-02	0.0	7.38e-02	4.00e-02	0.00	0.00e+00	1.3000	8.33e-15	99
