1.000	0.00e+00	0.0	0.00e+00	-5.00e-02	0.00	0.00e+00	0.3000	8.33e-15	0
1.000	0.00e+00	0.0	0.00e+00	-4.00e-02	0.00	0.00e+00	0.3000	8.33e-15	0
1.000	0.00e+00	0.0	0.00e+00	-3.00e-02	0.00	0.00e+00	0.3000	8.33e-15	0
1.000	0.00e+00	0.0	0.00e+00	-2.00e-02	0.00	0.00e+00	0.3000	8.33e-15	0
1.000	0.00e+00	0.0	0.00e+00	-1.00e-02	0.00	0.00e+00	0.3000	8.33e-15	0
1.000	0.00e+00	0.0	0.00e+00	3.47e-18	0.00	0.00e+00	0.3000	8.33e-15	0
1.000	0.00e+00	0.0	0.00e+00	1.00e-02	0.00	0.00e+00	0.3000	8.33e-15	0
1.000	0.00e+00	0.0	0.00e+00	2.00e-02	0.00	0.00e+00	0.3000	8.33e-15	0
1.000	0.00e+00	0.0	0.00e+00	3.00e-02	0.00	0.00e+00	0.3000	8.33e-15	0
1.000	0.00e+00	0.0	0.00e+00	4.00e-02	0.00	0.00e+00	0.3000	8.33e-15	0
0.990	0.00e+00	0.0	4.56e-07	-5.00e-02	0.00	0.00e+00	0.3000	8.33e-15	1
0.990	0.00e+00	0.0	4.56e-07	-4.00e-02	0.00	0.00e+00	0.3000	8.33e-15	1
0.990	0.00e+00	0.0	4.56e-07	-3.00e-02	0.00	0.00e+00	0.3000	8.33e-15	1
0.990	0.00e+00	0.0	4.56e-07	-2.00e-02	0.00	0.00e+00	0.3000	8.33e-15	1
0.990	0.00e+00	0.0	4.56e-07	-1.00e-02	0.00	0.00e+00	0.3000	8.33e-15	1
0.990	0.00e+00	0.0	4.56e-07	3.47e-18	0.00	0.00e+00	0.3000	8.33e-15	1
0.990	0.00e+00	0.0	4.56e-07	1.00e-02	0.00	0.00e+00	0.3000	8.33e-15	1
0.990	0.00e+00	0.0	4.56e-07	2.00e-02	0.00	0.00e+00	0.3000	8.33e-15	1
0.990	0.00e+00	0.0	4.56e-07	3.00e-02	0.00	0.00e+00	0.3000	8.33e-15	1
0.990	0.00e+00	0.0	4.56e-07	4.00e-02	0.00	0.00e+00	0.3000	8.33e-15	1
0.980	4.56e-08	0.0	9.21e-07	-5.00e-02	0.00	0.00e+00	0.3000	8.33e-15	2
0.980	4.56e-08	0.0	9.21e-07	-4.00e-02	0.00	0.00e+00	0.3000	8.33e-15	2
0.980	4.56e-08	0.0	9.21e-07	-3.00e-02	0.00	0.00e+00	0.3000	8.33e-15	2
0.980	4.56e-08	0.0	9.21e-07	-2.00e-02	0.00	0.00e+00	0.3000	8.33e-15	2
0.980	4.56e-08	0.0	9.21e-07	-1.00e-02	0.00	0.00e+00	0.3000	8.33e-15	2
0.980	4.56e-08	0.0	9.21e-07	3.47e-18	0.00	0.00e+00	0.3000	8.33e-15	2
0.980	4.56e-08	0.0	9.21e-07	1.00e-02	0.00	0.00e+00	0.3000	8.33e-15	2
0.980	4.56e-08	0.0	9.21e-07	2.00e-02	0.00	0.00e+00	0.3000	8.33e-15	2
0.980	4.56e-08	0.0	9.21e-07	3.00e-02	0.00	0.00e+00	0.3000	8.33e-15	2
0.980	4.56e-08	0.0	9.21e-07	4.00e-02	0.00	0.00e+00	0.3000	8.33e-15	2
0.970	1.38e-07	0.0	1.38e-06	-5.00e-02	0.00	0.00e+00	0.3000	8.33e-15	3
0.970	1.38e-07	0.0	1.38e-06	-4.00e-02	0.00	0.00e+00	0.3000	8.33e-15	3
0.970	1.38e-07	0.0	1.38e-06	-3.00e-02	0.00	0.00e+00	0.3000	8.33e-15	3
0.970	1.38e-07	0.0	1.38e-06	-2.00e-02	0.00	0.00e+00	0.3000	8.33e-15	3
0.970	1.38e-07	0.0	1.38e-06	-1.00e-02	0.00	0.00e+00	0.3000	8.33e-15	3
0.970	1.38e-07	0.0	1.38e-06	3.47e-18	0.00	0.00e+00	0.3000	8.33e-15	3
0.970	1.38e-07	0.0	1.38e-06	1.00e-02	0.00	0.00e+00	0.3000	8.33e-15	3
0.970	1.38e-07	0.0	1.38e-06	2.00e-02	0.00	0.00e+00	0.3000	8.33e-15	3
0.970	1.38e-07	0.0	1.38e-06	3.00e-02	0.00	0.00e+00	0.3000	8.33e-15	3
0.970	1.38e-07	0.0	1.38e-06	4.00e-02	0.00	0.00e+00	0.3000	8.33e-15	3
0.960	2.76e-07	0.0	1.84e-06	-5.00e-02	0.00	0.00e+00	0.3000	8.33e-15	4
0.960	2.76e-07	0.0	1.84e-06	-4.00e-02	0.00	0.00e+00	0.3000	8.33e-15	4
0.960	2.76e-07	0.0	1.84e-06	-3.00e-02	0.00	0.00e+00	0.3000	8.33e-15	4
0.960	2.76e-07	0.0	1.84e-06	-2.00e-02	0.00	0.00e+00	0.3000	8.33e-15	4
0.960	2.76e-07	0.0	1.84e-06	-1.00e-02	0.00	0.00e+00	0.3000	8.33e-15	4
0.960	2.76e-07	0.0	1.84e-06	3.47e-18	0.00	0.00e+00	0.3000	8.33e-15	4
0.960	2.76e-07	0.0	1.84e-06	1.00e-02	0.00	0.00e+00	0.3000	8.33e-15	4
0.960	2.76e-07	0.0	1.84e-06	2.00e-02	0.00	0.00e+00	0.3000	8.33e-15	4
0.960	2.76e-07	0.0	1.84e-06	3.00e-02	0.00	0.00e+00	0.3000	8.33e-15	4
0.960	2.76e-07	0.0	1.84e-06	4.00e-02	0.00	0.00e+00	0.3000	8.33e-15	4
0.950	4.60e-07	0.0	2.30e-06	-5.00e-02	0.00	0.00e+00	0.3000	8.33e-15	5
0.950	4.60e-07	0.0	2.30e-06	-4.00e-02	0.00	0.00e+00	0.3000	8.33e-15	5
0.950	4.60e-07	0.0	2.30e-06	-3.00e-02	0.00	0.00e+00	0.3000	8.33e-15	5
0.950	4.60e-07	0.0	2.30e-06	-2.00e-02	0.00	0.00e+00	0.3000	8.33e-15	5
0.950	4.60e-07	0.0	2.30e-06	-1.00e-02	0.00	0.00e+00	0.3000	8.33e-15	5
0.950	4.60e-07	0.0	2.30e-06	3.47e-18	0.00	0.00e+00	0.3000	8.33e-15	5
0.950	4.60e-07	0.0	2.30e-06	1.00e-02	0.00	0.00e+00	0.3000	8.33e-15	5
0.950	4.60e-07	0.0	2.30e-06	2.00e-02	0.00	0.00e+00	0.3000	8.33e-15	5
0.950	4.60e-07	0.0	2.30e-06	3.00e-02	0.00	0.00e+00	0.3000	8.33e-15	5
0.950	4.60e-07	0.0	2.30e-06	4.00e-02	0.00	0.00e+00	0.3000	8.33e-15	5
0.940	6.91e-07	0.0	2.76e-06	-5.00e-02	0.00	0.00e+00	0.3000	8.33e-15	6
0.940	6.91e-07	0.0	2.76e-06	-4.00e-02	0.00	0.00e+00	0.3000	8.33e-15	6
0.940	6.91e-07	0.0	2.76e-06	-3.00e-02	0.00	0.00e+00	0.3000	8.33e-15	6
0.940	6.91e-07	0.0	2.76e-06	-2.00e-02	0.00	0.00e+00	0.3000	8.33e-15	6
0.940	6.91e-07	0.0	2.76e-06	-1.00e-02	0.00	0.00e+00	0.3000	8.33e-15	6
0.940	6.91e-07	0.0	2.76e-06	3.47e-18	0.00	0.00e+00	0.3000	8.33e-15	6
0.940	6.91e-07	0.0	2.76e-06	1.00e-02	0.00	0.00e+00	0.3000	8.33e-15	6
0.940	6.91e-07	0.0	2.76e-06	2.00e-02	0.00	0.00e+00	0.3000	8.33e-15	6
0.940	6.91e-07	0.0	2.76e-06	3.00e-02	0.00	0.00e+00	0.3000	8.33e-15	6
0.940	6.91e-07	0.0	2.76e-06	4.00e-02	0.00	0.00e+00	0.3000	8.33e-15	6
0.930	9.67e-07	0.0	3.22e-06	-5.00e-02	0.00	0.00e+00	0.3000	8.33e-15	7
0.930	9.67e-07	0.0	3.22e-06	-4.00e-02	0.00	0.00e+00	0.3000	8.33e-15	7
0.930	9.67e-07	0.0	3.22e-06	-3.00e-02	0.00	0.00e+00	0.3000	8.33e-15	7
0.930	9.67e-07	0.0	3.22e-06	-2.00e-02	0.00	0.00e+00	0.3000	8.33e-15	7
0.930	9.67e-07	0.0	3.22e-06	-1.00e-02	0.00	0.00e+00	0.3000	8.33e-15	7
0.930	9.67e-07	0.0	3.22e-06	3.47e-18	0.00	0.00e+00	0.3000	8.33e-15	7
0.930	9.67e-07	0.0	3.22e-06	1.00e-02	0.00	0.00e+00	0.3000	8.33e-15	7
0.930	9.67e-07	0.0	3.22e-06	2.00e-02	0.00	0.00e+00	0.3000	8.33e-15	7
0.930	9.67e-07	0.0	3.22e-06	3.00e-02	0.00	0.00e+00	0.3000	8.33e-15	7
0.930	9.67e-07	0.0	3.22e-06	4.00e-02	0.00	0.00e+00	0.3000	8.33e-15	7
0.920	1.29e-06	0.0	3.69e-06	-5.00e-02	0.00	0.00e+00	0.3000	8.33e-15	8
0.920	1.29e-06	0.0	3.69e-06	-4.00e-02	0.00	0.00e+00	0.3000	8.33e-15	8
0.920	1.29e-06	0.0	3.69e-06	-3.00e-02	0.00	0.00e+00	0.3000	8.33e-15	8
0.920	1.29e-06	0.0	3.69e-06	-2.00e-02	0.00	0.00e+00	0.3000	8.33e-15	8
0.920	1.29e-06	0.0	3.69e-06	-1.00e-02	0.00	0.00e+00	0.3000	8.33e-15	8
0.920	1.29e-06	0.0	3.69e-06	3.47e-18	0.00	0.00e+00	0.3000	8.33e-15	8
0.920	1.29e-06	0.0	3.69e-06	1.00e-02	0.00	0.00e+00	0.3000	8.33e-15	8
0.920	1.29e-06	0.0	3.69e-06	2.00e-02	0.00	0.00e+00	0.3000	8.33e-15	8
0.920	1.29e-06	0.0	3.69e-06	3.00e-02	0.00	0.00e+00	0.3000	8.33e-15	8
0.920	1.29e-06	0.0	3.69e-06	4.00e-02	0.00	0.00e+00	0.3000	8.33e-15	8
0.910	1.66e-06	0.0	4.15e-06	-5.00e-02	0.00	0.00e+00	0.3000	8.33e-15	9
0.910	1.66e-06	0.0	4.15e-06	-4.00e-02	0.00	0.00e+00	0.3000	8.33e-15	9
0.910	1.66e-06	0.0	4.15e-06	-3.00e-02	0.00	0.00e+00	0.3000	8.33e-15	9
0.910	1.66e-06	0.0	4.15e-06	-2.00e-02	0.00	0.00e+00	0.3000	8.33e-15	9
0.910	1.66e-06	0.0	4.15e-06	-1.00e-02	0.00	0.00e+00	0.3000	8.33e-15	9
0.910	1.66e-06	0.0	4.15e-06	3.47e-18	0.00	0.00e+00	0.3000	8.33e-15	9
0.910	1.66e-06	0.0	4.15e-06	1.00e-02	0.00	0.00e+00	0.3000	8.33e-15	9
0.910	1.66e-06	0.0	4.15e-06	2.00e-02	0.00	0.00e+00	0.3000	8.33e-15	9
0.910	1.66e-06	0.0	4.15e-06	3.00e-02	0.00	0.00e+00	0.3000	8.33e-15	9
0.910	1.66e-06	0.0	4.15e-06	4.00e-02	0.00	0.00e+00	0.3000	8.33e-15	9
0.900	2.07e-06	0.0	4.61e-06	-5.00e-02	0.00	0.00e+00	0.3000	8.33e-15	10
0.900	2.07e-06	0.0	4.61e-06	-4.00e-02	0.00	0.00e+00	0.3000	8.33e-15	10
0.900	2.07e-06	0.0	4.61e-06	-3.00e-02	0.00	0.00e+00	0.3000	8.33e-15	10
0.900	2.07e-06	0.0	4.61e-06	-2.00e-02	0.00	0.00e+00	0.3000	8.33e-15	10
0.900	2.07e-06	0.0	4.61e-06	-1.00e-02	0.00	0.00e+00	0.3000	8.33e-15	10
0.900	2.07e-06	0.0	4.61e-06	3.47e-18	0.00	0.00e+00	0.3000	8.33e-15	10
0.900	2.07e-06	0.0	4.61e-06	1.00e-02	0.00	0.00e+00	0.3000	8.33e-15	10
0.900	2.07e-06	0.0	4.61e-06	2.00e-02	0.00	0.00e+00	0.3000	8.33e-15	10
0.900	2.07e-06	0.0	4.61e-06	3.00e-02	0.00	0.00e+00	0.3000	8.33e-15	10
0.900	2.07e-06	0.0	4.61e-06	4.00e-02	0.00	0.00e+00	0.3000	8.33e-15	10
0.890	2.53e-06	0.0	5.07e-06	-5.00e-02	0.00	0.00e+00	0.3000	8.33e-15	11
0.890	2.53e-06	0.0	5.07e-06	-4.00e-02	0.00	0.00e+00	0.3000	8.33e-15	11
0.890	2.53e-06	0.0	5.07e-06	-3.00e-02	0.00	0.00e+00	0.3000	8.33e-15	11
0.890	2.53e-06	0.0	5.07e-06	-2.00e-02	0.00	0.00e+00	0.3000	8.33e-15	11
0.890	2.53e-06	0.0	5.07e-06	-1.00e-02	0.00	0.00e+00	0.3000	8.33e-15	11
0.890	2.53e-06	0.0	5.07e-06	3.47e-18	0.00	0.00e+00	0.3000	8.33e-15	11
0.890	2.53e-06	0.0	5.07e-06	1.00e-02	0.00	0.00e+00	0.3000	8.33e-15	11
0.890	2.53e-06	0.0	5.07e-06	2.00e-02	0.00	0.00e+00	0.3000	8.33e-15	11
0.890	2.53e-06	0.0	5.07e-06	3.00e-02	0.00	0.00e+00	0.3000	8.33e-15	11
0.890	2.53e-06	0.0	5.07e-06	4.00e-02	0.00	0.00e+00	0.3000	8.33e-15	11
0.880	3.04e-06	0.0	5.53e-06	-5.00e-02	0.00	0.00e+00	0.3000	8.33e-15	12
0.880	3.04e-06	0.0	5.53e-06	-4.00e-02	0.00	0.00e+00	0.3000	8.33e-15	12
0.880	3.04e-06	0.0	5.53e-06	-3.00e-02	0.00	0.00e+00	0.3000	8.33e-15	12
0.880	3.04e-06	0.0	5.53e-06	-2.00e-02	0.00	0.00e+00	0.3000	8.33e-15	12
0.880	3.04e-06	0.0	5.53e-06	-1.00e-02	0.00	0.00e+00	0.3000	8.33e-15	12
0.880	3.04e-06	0.0	5.53e-06	3.47e-18	0.00	0.00e+00	0.3000	8.33e-15	12
0.880	3.04e-06	0.0	5.53e-06	1.00e-02	0.00	0.00e+00	0.3000	8.33e-15	12
0.880	3.04e-06	0.0	5.53e-06	2.00e-02	0.00	0.00e+00	0.3000	8.33e-15	12
0.880	3.04e-06	0.0	5.53e-06	3.00e-02	0.00	0.00e+00	0.3000	8.33e-15	12
0.880	3.04e-06	0.0	5.53e-06	4.00e-02	0.00	0.00e+00	0.3000	8.33e-15	12
0.870	3.59e-06	0.0	5.99e-06	-5.00e-02	0.00	0.00e+00	0.3000	8.33e-15	13
0.870	3.59e-06	0.0	5.99e-06	-4.00e-02	0.00	0.00e+00	0.3000	8.33e-15	13
0.870	3.59e-06	0.0	5.99e-06	-3.00e-02	0.00	0.00e+00	0.3000	8.33e-15	13
0.870	3.59e-06	0.0	5.99e-06	-2.00e-02	0.00	0.00e+00	0.3000	8.33e-15	13
0.870	3.59e-06	0.0	5.99e-06	-1.00e-02	0.00	0.00e+00	0.3000	8.33e-15	13
0.870	3.59e-06	0.0	5.99e-06	3.47e-18	0.00	0.00e+00	0.3000	8.33e-15	13
0.870	3.59e-06	0.0	5.99e-06	1.00e-02	0.00	0.00e+00	0.3000	8.33e-15	13
0.870	3.59e-06	0.0	5.99e-06	2.00e-02	0.00	0.00e+00	0.3000	8.33e-15	13
0.870	3.59e-06	0.0	5.99e-06	3.00e-02	0.00	0.00e+00	0.3000	8.33e-15	13
0.870	3.59e-06	0.0	5.99e-06	4.00e-02	0.00	0.00e+00	0.3000	8.33e-15	13
0.860	4.19e-06	0.0	6.45e-06	-5.00e-02	0.00	0.00e+00	0.3000	8.33e-15	14
0.860	4.19e-06	0.0	6.45e-06	-4.00e-02	0.00	0.00e+00	0.3000	8.33e-15	14
0.860	4.19e-06	0.0	6.45e-06	-3.00e-02	0.00	0.00e+00	0.3000	8.33e-15	14
0.860	4.19e-06	0.0	6.45e-06	-2.00e-02	0.00	0.00e+00	0.3000	8.33e-15	14
0.860	4.19e-06	0.0	6.45e-06	-1.00e-02	0.00	0.00e+00	0.3000	8.33e-15	14
0.860	4.19e-06	0.0	6.45e-06	3.47e-18	0.00	0.00e+00	0.3000	8.33e-15	14
0.860	4.19e-06	0.0	6.45e-06	1.00e-02	0.00	0.00e+00	0.3000	8.33e-15	14
0.860	4.19e-06	0.0	6.45e-06	2.00e-02	0.00	0.00e+00	0.3000	8.33e-15	14
0.860	4.19e-06	0.0	6.45e-06	3.00e-02	0.00	0.00e+00	0.3000	8.33e-15	14
0.860	4.19e-06	0.0	6.45e-06	4.00e-02	0.00	0.00e+00	0.3000	8.33e-15	14
0.850	4.84e-06	0.0	6.90e-06	-5.00e-02	0.00	0.00e+00	0.3000	8.33e-15	15
0.850	4.84e-06	0.0	6.90e-06	-4.00e-02	0.00	0.00e+00	0.3000	8.33e-15	15
0.850	4.84e-06	0.0	6.90e-06	-3.00e-02	0.00	0.00e+00	0.3000	8.33e-15	15
0.850	4.84e-06	0.0	6.90e-06	-2.00e-02	0.00	0.00e+00	0.3000	8.33e-15	15
0.850	4.84e-06	0.0	6.90e-06	-1.00e-02	0.00	0.00e+00	0.3000	8.33e-15	15
0.850	4.84e-06	0.0	6.90e-06	3.47e-18	0.00	0.00e+00	0.3000	8.33e-15	15
0.850	4.84e-06	0.0	6.90e-06	1.00e-02	0.00	0.00e+00	0.3000	8.33e-15	15
0.850	4.84e-06	0.0	6.90e-06	2.00e-02	0.00	0.00e+00	0.3000	8.33e-15	15
0.850	4.84e-06	0.0	6.90e-06	3.00e-02	0.00	0.00e+00	0.3000	8.33e-15	15
0.850	4.84e-06	0.0	6.90e-06	4.00e-02	0.00	0.00e+00	0.3000	8.33e-15	15
0.840	5.53e-06	0.0	7.35e-06	-5.00e-02	0.00	0.00e+00	0.3000	8.33e-15	16
0.840	5.53e-06	0.0	7.35e-06	-4.00e-02	0.00	0.00e+00	0.3000	8.33e-15	16
0.840	5.53e-06	0.0	7.35e-06	-3.00e-02	0.00	0.00e+00	0.3000	8.33e-15	16
0.840	5.53e-06	0.0	7.35e-06	-2.00e-02	0.00	0.00e+00	0.3000	8.33e-15	16
0.840	5.53e-06	0.0	7.35e-06	-1.00e-02	0.00	0.00e+00	0.3000	8.33e-15	16
0.840	5.53e-06	0.0	7.35e-06	3.47e-18	0.00	0.00e+00	0.3000	8.33e-15	16
0.840	5.53e-06	0.0	7.35e-06	1.00e-02	0.00	0.00e+00	0.3000	8.33e-15	16
0.840	5.53e-06	0.0	7.35e-06	2.00e-02	0.00	0.00e+00	0.3000	8.33e-15	16
0.840	5.53e-06	0.0	7.35e-06	3.00e-02	0.00	0.00e+00	0.3000	8.33e-15	16
0.840	5.53e-06	0.0	7.35e-06	4.00e-02	0.00	0.00e+00	0.3000	8.33e-15	16
0.830	6.26e-06	0.0	7.80e-06	-5.00e-02	0.00	0.00e+00	0.3000	8.33e-15	17
0.830	6.26e-06	0.0	7.80e-06	-4.00e-02	0.00	0.00e+00	0.3000	8.33e-15	17
0.830	6.26e-06	0.0	7.80e-06	-3.00e-02	0.00	0.00e+00	0.3000	8.33e-15	17
0.830	6.26e-06	0.0	7.80e-06	-2.00e-02	0.00	0.00e+00	0.3000	8.33e-15	17
0.830	6.26e-06	0.0	7.80e-06	-1.00e-02	0.00	0.00e+00	0.3000	8.33e-15	17
0.830	6.26e-06	0.0	7.80e-06	3.47e-18	0.00	0.00e+00	0.3000	8.33e-15	17
0.830	6.26e-06	0.0	7.80e-06	1.00e-02	0.00	0.00e+00	0.3000	8.33e-15	17
0.830	6.26e-06	0.0	7.80e-06	2.00e-02	0.00	0.00e+00	0.3000	8.33e-15	17
0.830	6.26e-06	0.0	7.80e-06	3.00e-02	0.00	0.00e+00	0.3000	8.33e-15	17
0.830	6.26e-06	0.0	7.80e-06	4.00e-02	0.00	0.00e+00	0.3000	8.33e-15	17
0.820	7.04e-06	0.0	8.24e-06	-5.00e-02	0.00	0.00e+00	0.3000	8.33e-15	18
0.820	7.04e-06	0.0	8.24e-06	-4.00e-02	0.00	0.00e+00	0.3000	8.33e-15	18
0.820	7.04e-06	0.0	8.24e-06	-3.00e-02	0.00	0.00e+00	0.3000	8.33e-15	18
0.820	7.04e-06	0.0	8.24e-06	-2.00e-02	0.00	0.00e+00	0.3000	8.33e-15	18
0.820	7.04e-06	0.0	8.24e-06	-1.00e-02	0.00	0.00e+00	0.3000	8.33e-15	18
0.820	7.04e-06	0.0	8.24e-06	3.47e-18	0.00	0.00e+00	0.3000	8.33e-15	18
0.820	7.04e-06	0.0	8.24e-06	1.00e-02	0.00	0.00e+00	0.3000	8.33e-15	18
0.820	7.04e-06	0.0	8.24e-06	2.00e-02	0.00	0.00e+00	0.3000	8.33e-15	18
0.820	7.04e-06	0.0	8.24e-06	3.00e-02	0.00	0.00e+00	0.3000	8.33e-15	18
0.820	7.04e-06	0.0	8.24e-06	4.00e-02	0.00	0.00e+00	0.3000	8.33e-15	18
0.810	7.87e-06	0.0	8.66e-06	-5.00e-02	0.00	0.00e+00	0.3000	8.33e-15	19
0.810	7.87e-06	0.0	8.66e-06	-4.00e-02	0.00	0.00e+00	0.3000	8.33e-15	19
0.810	7.87e-06	0.0	8.66e-06	-3.00e-02	0.00	0.00e+00	0.3000	8.33e-15	19
0.810	7.87e-06	0.0	8.66e-06	-2.00e-02	0.00	0.00e+00	0.3000	8.33e-15	19
0.810	7.87e-06	0.0	8.66e-06	-1.00e-02	0.00	0.00e+00	0.3000	8.33e-15	19
0.810	7.87e-06	0.0	8.66e-06	3.47e-18	0.00	0.00e+00	0.3000	8.33e-15	19
0.810	7.87e-06	0.0	8.66e-06	1.00e-02	0.00	0.00e+00	0.3000	8.33e-15	19
0.810	7.87e-06	0.0	8.66e-06	2.00e-02	0.00	0.00e+00	0.3000	8.33e-15	19
0.810	7.87e-06	0.0	8.66e-06	3.00e-02	0.00	0.00e+00	0.3000	8.33e-15	19
0.810	7.87e-06	0.0	8.66e-06	4.00e-02	0.00	0.00e+00	0.3000	8.33e-15	19
0.800	8.73e-06	0.0	9.05e-06	-5.00e-02	0.00	0.00e+00	0.3000	8.33e-15	20
0.800	8.73e-06	0.0	9.05e-06	-4.00e-02	0.00	0.00e+00	0.3000	8.33e-15	20
0.800	8.73e-06	0.0	9.05e-06	-3.00e-02	0.00	0.00e+00	0.3000	8.33e-15	20
0.800	8.73e-06	0.0	9.05e-06	-2.00e-02	0.00	0.00e+00	0.3000	8.33e-15	20
0.800	8.73e-06	0.0	9.05e-06	-1.00e-02	0.00	0.00e+00	0.3000	8.33e-15	20
0.800	8.73e-06	0.0	9.05e-06	3.47e-18	0.00	0.00e+00	0.3000	8.33e-15	20
0.800	8.73e-06	0.0	9.05e-06	1.00e-02	0.00	0.00e+00	0.3000	8.33e-15	20
0.800	8.73e-06	0.0	9.05e-06	2.00e-02	0.00	0.00e+00	0.3000	8.33e-15	20
0.800	8.73e-06	0.0	9.05e-06	3.00e-02	0.00	0.00e+00	0.3000	8.33e-15	20
0.800	8.73e-06	0.0	9.05e-06	4.00e-02	0.00	0.00e+00	0.3000	8.33e-15	20
0.790	9.64e-06	0.0	9.42e-06	-5.00e-02	0.00	0.00e+00	0.3000	8.33e-15	21
0.790	9.64e-06	0.0	9.42e-06	-4.00e-02	0.00	0.00e+00	0.3000	8.33e-15	21
0.790	9.64e-06	0.0	9.42e-06	-3.00e-02	0.00	0.00e+00	0.3000	8.33e-15	21
0.790	9.64e-06	0.0	9.42e-06	-2.00e-02	0.00	0.00e+00	0.3000	8.33e-15	21
0.790	9.64e-06	0.0	9.42e-06	-1.00e-02	0.00	0.00e+00	0.3000	8.33e-15	21
0.790	9.64e-06	0.0	9.42e-06	3.47e-18	0.00	0.00e+00	0.3000	8.33e-15	21
0.790	9.64e-06	0.0	9.42e-06	1.00e-02	0.00	0.00e+00	0.3000	8.33e-15	21
0.790	9.64e-06	0.0	9.42e-06	2.00e-02	0.00	0.00e+00	0.3000	8.33e-15	21
0.790	9.64e-06	0.0	9.42e-06	3.00e-02	0.00	0.00e+00	0.3000	8.33e-15	21
0.790	9.64e-06	0.0	9.42e-06	4.00e-02	0.00	0.00e+00	0.3000	8.33e-15	21
0.780	1.06e-05	0.0	9.74e-06	-5.00e-02	0.00	0.00e+00	0.3000	8.33e-15	22
0.780	1.06e-05	0.0	9.74e-06	-4.00e-02	0.00	0.00e+00	0.3000	8.33e-15	22
0.780	1.06e-05	0.0	9.74e-06	-3.00e-02	0.00	0.00e+00	0.3000	8.33e-15	22
0.780	1.06e-05	0.0	9.74e-06	-2.00e-02	0.00	0.00e+00	0.3000	8.33e-15	22
0.780	1.06e-05	0.0	9.74e-06	-1.00e-02	0.00	0.00e+00	0.3000	8.33e-15	22
0.780	1.06e-05	0.0	9.74e-06	3.47e-18	0.00	0.00e+00	0.3000	8.33e-15	22
0.780	1.06e-05	0.0	9.74e-06	1.00e-02	0.00	0.00e+00	0.3000	8.33e-15	22
0.780	1.06e-05	0.0	9.74e-06	2.00e-02	0.00	0.00e+00	0.3000	8.33e-15	22
0.780	1.06e-05	0.0	9.74e-06	3.00e-02	0.00	0.00e+00	0.3000	8.33e-15	22
0.780	1.06e-05	0.0	9.74e-06	4.00e-02	0.00	0.00e+00	0.3000	8.33e-15	22
0.770	1.16e-05	0.0	1.00e-05	-5.00e-02	0.00	0.00e+00	0.3000	8.33e-15	23
0.770	1.16e-05	0.0	1.00e-05	-4.00e-02	0.00	0.00e+00	0.3000	8.33e-15	23
0.770	1.16e-05	0.0	1.00e-05	-3.00e-02	0.00	0.00e+00	0.3000	8.33e-15	23
0.770	1.16e-05	0.0	1.00e-05	-2.00e-02	0.00	0.00e+00	0.3000	8.33e-15	23
0.770	1.16e-05	0.0	1.00e-05	-1.00e-02	0.00	0.00e+00	0.3000	8.33e-15	23
0.770	1.16e-05	0.0	1.00e-05	3.47e-18	0.00	0.00e+00	0.3000	8.33e-15	23
0.770	1.16e-05	0.0	1.00e-05	1.00e-02	0.00	0.00e+00	0.3000	8.33e-15	23
0.770	1.16e-05	0.0	1.00e-05	2.00e-02	0.00	0.00e+00	0.3000	8.33e-15	23
0.770	1.16e-05	0.0	1.00e-05	3.00e-02	0.00	0.00e+00	0.3000	8.33e-15	23
0.770	1.16e-05	0.0	1.00e-05	4.00e-02	0.00	0.00e+00	0.3000	8.33e-15	23
0.760	1.26e-05	0.0	1.02e-05	-5.00e-02	0.00	0.00e+00	0.3000	8.33e-15	24
0.760	1.26e-05	0.0	1.02e-05	-4.00e-02	0.00	0.00e+00	0.3000	8.33e-15	24
0.760	1.26e-05	0.0	1.02e-05	-3.00e-02	0.00	0.00e+00	0.3000	8.33e-15	24
0.760	1.26e-05	0.0	1.02e-05	-2.00e-02	0.00	0.00e+00	0.3000	8.33e-15	24
0.760	1.26e-05	0.0	1.02e-05	-1.00e-02	0.00	0.00e+00	0.3000	8.33e-15	24
0.760	1.26e-05	0.0	1.02e-05	3.47e-18	0.00	0.00e+00	0.3000	8.33e-15	24
0.760	1.26e-05	0.0	1.02e-05	1.00e-02	0.00	0.00e+00	0.3000	8.33e-15	24
0.760	1.26e-05	0.0	1.02e-05	2.00e-02	0.00	0.00e+00	0.3000	8.33e-15	24
0.760	1.26e-05	0.0	1.02e-05	3.00e-02	0.00	0.00e+00	0.3000	8.33e-15	24
0.760	1.26e-05	0.0	1.02e-05	4.00e-02	0.00	0.00e+00	0.3000	8.33e-15	24
0.750	1.36e-05	0.0	1.03e-05	-5.00e-02	0.00	0.00e+00	0.3000	8.33e-15	25
0.750	1.36e-05	0.0	1.03e-05	-4.00e-02	0.00	0.00e+00	0.3000	8.33e-15	25
0.750	1.36e-05	0.0	1.03e-05	-3.00e-02	0.00	0.00e+00	0.3000	8.33e-15	25
0.750	1.36e-05	0.0	1.03e-05	-2.00e-02	0.00	0.00e+00	0.3000	8.33e-15	25
0.750	1.36e-05	0.0	1.03e-05	-1.00e-02	0.00	0.00e+00	0.3000	8.33e-15	25
0.750	1.36e-05	0.0	1.03e-05	3.47e-18	0.00	0.00e+00	0.3000	8.33e-15	25
0.750	1.36e-05	0.0	1.03e-05	1.00e-02	0.00	0.00e+00	0.3000	8.33e-15	25
0.750	1.36e-05	0.0	1.03e-05	2.00e-02	0.00	0.00e+00	0.3000	8.33e-15	25
0.750	1.36e-05	0.0	1.03e-05	3.00e-02	0.00	0.00e+00	0.3000	8.33e-15	25
0.750	1.36e-05	0.0	1.03e-05	4.00e-02	0.00	0.00e+00	0.3000	8.33e-15	25
0.740	1.46e-05	0.0	1.02e-05	-5.00e-02	0.00	0.00e+00	0.3000	8.33e-15	26
0.740	1.46e-05	0.0	1.02e-05	-4.00e-02	0.00	0.00e+00	0.3000	8.33e-15	26
0.740	1.46e-05	0.0	1.02e-05	-3.00e-02	0.00	0.00e+00	0.3000	8.33e-15	26
0.740	1.46e-05	0.0	1.02e-05	-2.00e-02	0.00	0.00e+00	0.3000	8.33e-15	26
0.740	1.46e-05	0.0	1.02e-05	-1.00e-02	0.00	0.00e+00	0.3000	8.33e-15	26
0.740	1.46e-05	0.0	1.02e-05	3.47e-18	0.00	0.00e+00	0.3000	8.33e-15	26
0.740	1.46e-05	0.0	1.02e-05	1.00e-02	0.00	0.00e+00	0.3000	8.33e-15	26
0.740	1.46e-05	0.0	1.02e-05	2.00e-02	0.00	0.00e+00	0.3000	8.33e-15	26
0.740	1.46e-05	0.0	1.02e-05	3.00e-02	0.00	0.00e+00	0.3000	8.33e-15	26
0.740	1.46e-05	0.0	1.02e-05	4.00e-02	0.00	0.00e+00	0.3000	8.33e-15	26
0.730	1.56e-05	0.0	1.00e-05	-5.00e-02	0.00	0.00e+00	0.3000	8.33e-15	27
0.730	1.56e-05	0.0	1.00e-05	-4.00e-02	0.00	0.00e+00	0.3000	8.33e-15	27
0.730	1.56e-05	0.0	1.00e-05	-3.00e-02	0.00	0.00e+00	0.3000	8.33e-15	27
0.730	1.56e-05	0.0	1.00e-05	-2.00e-02	0.00	0.00e+00	0.3000	8.33e-15	27
0.730	1.56e-05	0.0	1.00e-05	-1.00e-02	0.00	0.00e+00	0.3000	8.33e-15	27
0.730	1.56e-05	0.0	1.00e-05	3.47e-18	0.00	0.00e+00	0.3000	8.33e-15	27
0.730	1.56e-05	0.0	1.00e-05	1.00e-02	0.00	0.00e+00	0.3000	8.33e-15	27
0.730	1.56e-05	0.0	1.00e-05	2.00e-02	0.00	0.00e+00	0.3000	8.33e-15	27
0.730	1.56e-05	0.0	1.00e-05	3.00e-02	0.00	0.00e+00	0.3000	8.33e-15	27
0.730	1.56e-05	0.0	1.00e-05	4.00e-02	0.00	0.00e+00	0.3000	8.33e-15	27
0.720	1.66e-05	0.0	9.67e-06	-5.00e-02	0.00	0.00e+00	0.3000	8.33e-15	28
0.720	1.66e-05	0.0	9.67e-06	-4.00e-02	0.00	0.00e+00	0.3000	8.33e-15	28
0.720	1.66e-05	0.0	9.67e-06	-3.00e-02	0.00	0.00e+00	0.3000	8.33e-15	28
0.720	1.66e-05	0.0	9.67e-06	-2.00e-02	0.00	0.00e+00	0.3000	8.33e-15	28
0.720	1.66e-05	0.0	9.67e-06	-1.00e-02	0.00	0.00e+00	0.3000	8.33e-15	28
0.720	1.66e-05	0.0	9.67e-06	3.47e-18	0.00	0.00e+00	0.3000	8.33e-15	28
0.720	1.66e-05	0.0	9.67e-06	1.00e-02	0.00	0.00e+00	0.3000	8.33e-15	28
0.720	1.66e-05	0.0	9.67e-06	2.00e-02	0.00	0.00e+00	0.3000	8.33e-15	28
0.720	1.66e-05	0.0	9.67e-06	3.00e-02	0.00	0.00e+00	0.3000	8.33e-15	28
0.720	1.66e-05	0.0	9.67e-06	4.00e-02	0.00	0.00e+00	0.3000	8.33e-15	28
0.710	1.76e-05	0.0	9.09e-06	-5.00e-02	0.00	0.00e+00	0.3000	8.33e-15	29
0.710	1.76e-05	0.0	9.09e-06	-4.00e-02	0.00	0.00e+00	0.3000	8.33e-15	29
0.710	1.76e-05	0.0	9.09e-06	-3.00e-02	0.00	0.00e+00	0.3000	8.33e-15	29
0.710	1.76e-05	0.0	9.09e-06	-2.00e-02	0.00	0.00e+00	0.3000	8.33e-15	29
0.710	1.76e-05	0.0	9.09e-06	-1.00e-02	0.00	0.00e+00	0.3000	8.33e-15	29
0.710	1.76e-05	0.0	9.09e-06	3.47e-18	0.00	0.00e+00	0.3000	8.33e-15	29
0.710	1.76e-05	0.0	9.09e-06	1.00e-02	0.00	0.00e+00	0.3000	8.33e-15	29
0.710	1.76e-05	0.0	9.09e-06	2.00e-02	0.00	0.00e+00	0.3000	8.33e-15	29
0.710	1.76e-05	0.0	9.09e-06	3.00e-02	0.00	0.00e+00	0.3000	8.33e-15	29
0.710	1.76e-05	0.0	9.09e-06	4.00e-02	0.00	0.00e+00	0.3000	8.33e-15	29
0.700	1.85e-05	0.0	8.27e-06	-5.00e-02	0.00	0.00e+00	0.3000	8.33e-15	30
0.700	1.85e-05	0.0	8.27e-06	-4.00e-02	0.00	0.00e+00	0.3000	8.33e-15	30
0.700	1.85e-05	0.0	8.27e-06	-3.00e-02	0.00	0.00e+00	0.3000	8.33e-15	30
0.700	1.85e-05	0.0	8.27e-06	-2.00e-02	0.00	0.00e+00	0.3000	8.33e-15	30
0.700	1.85e-05	0.0	8.27e-06	-1.00e-02	0.00	0.00e+00	0.3000	8.33e-15	30
0.700	1.85e-05	0.0	8.27e-06	3.47e-18	0.00	0.00e+00	0.3000	8.33e-15	30
0.700	1.85e-05	0.0	8.27e-06	1.00e-02	0.00	0.00e+00	0.3000	8.33e-15	30
0.700	1.85e-05	0.0	8.27e-06	2.00e-02	0.00	0.00e+00	0.3000	8.33e-15	30
0.700	1.85e-05	0.0	8.27e-06	3.00e-02	0.00	0.00e+00	0.3000	8.33e-15	30
0.700	1.85e-05	0.0	8.27e-06	4.00e-02	0.00	0.00e+00	0.3000	8.33e-15	30
0.690	1.93e-05	0.0	7.16e-06	-5.00e-02	0.00	0.00e+00	0.3000	8.33e-15	31
0.690	1.93e-05	0.0	7.16e-06	-4.00e-02	0.00	0.00e+00	0.3000	8.33e-15	31
0.690	1.93e-05	0.0	7.16e-06	-3.00e-02	0.00	0.00e+00	0.3000	8.33e-15	31
0.690	1.93e-05	0.0	7.16e-06	-2.00e-02	0.00	0.00e+00	0.3000	8.33e-15	31
0.690	1.93e-05	0.0	7.16e-06	-1.00e-02	0.00	0.00e+00	0.3000	8.33e-15	31
0.690	1.93e-05	0.0	7.16e-06	3.47e-18	0.00	0.00e+00	0.3000	8.33e-15	31
0.690	1.93e-05	0.0	7.16e-06	1.00e-02	0.00	0.00e+00	0.3000	8.33e-15	31
0.690	1.93e-05	0.0	7.16e-06	2.00e-02	0.00	0.00e+00	0.3000	8.33e-15	31
0.690	1.93e-05	0.0	7.16e-06	3.00e-02	0.00	0.00e+00	0.3000	8.33e-15	31
0.690	1.93e-05	0.0	7.16e-06	4.00e-02	0.00	0.00e+00	0.3000	8.33e-15	31
0.680	2.00e-05	0.0	5.75e-06	-5.00e-02	0.00	0.00e+00	0.3000	8.33e-15	32
0.680	2.00e-05	0.0	5.75e-06	-4.00e-02	0.00	0.00e+00	0.3000	8.33e-15	32
0.680	2.00e-05	0.0	5.75e-06	-3.00e-02	0.00	0.00e+00	0.3000	8.33e-15	32
0.680	2.00e-05	0.0	5.75e-06	-2.00e-02	0.00	0.00e+00	0.3000	8.33e-15	32
0.680	2.00e-05	0.0	5.75e-06	-1.00e-02	0.00	0.00e+00	0.3000	8.33e-15	32
0.680	2.00e-05	0.0	5.75e-06	3.47e-18	0.00	0.00e+00	0.3000	8.33e-15	32
0.680	2.00e-05	0.0	5.75e-06	1.00e-02	0.00	0.00e+00	0.3000	8.33e-15	32
0.680	2.00e-05	0.0	5.75e-06	2.00e-02	0.00	0.00e+00	0.3000	8.33e-15	32
0.680	2.00e-05	0.0	5.75e-06	3.00e-02	0.00	0.00e+00	0.3000	8.33e-15	32
0.680	2.00e-05	0.0	5.75e-06	4.00e-02	0.00	0.00e+00	0.3000	8.33e-15	32
0.670	2.06e-05	0.0	4.00e-06	-5.00e-02	0.00	0.00e+00	0.3000	8.33e-15	33
0.670	2.06e-05	0.0	4.00e-06	-4.00e-02	0.00	0.00e+00	0.3000	8.33e-15	33
0.670	2.06e-05	0.0	4.00e-06	-3.00e-02	0.00	0.00e+00	0.3000	8.33e-15	33
0.670	2.06e-05	0.0	4.00e-06	-2.00e-02	0.00	0.00e+00	0.3000	8.33e-15	33
0.670	2.06e-05	0.0	4.00e-06	-1.00e-02	0.00	0.00e+00	0.3000	8.33e-15	33
0.670	2.06e-05	0.0	4.00e-06	3.47e-18	0.00	0.00e+00	0.3000	8.33e-15	33
0.670	2.06e-05	0.0	4.00e-06	1.00e-02	0.00	0.00e+00	0.3000	8.33e-15	33
0.670	2.06e-05	0.0	4.00e-06	2.00e-02	0.00	0.00e+00	0.3000	8.33e-15	33
0.670	2.06e-05	0.0	4.00e-06	3.00e-02	0.00	0.00e+00	0.3000	8.33e-15	33
0.670	2.06e-05	0.0	4.00e-06	4.00e-02	0.00	0.00e+00	0.3000	8.33e-15	33
0.660	2.10e-05	0.0	1.89e-06	-5.00e-02	0.00	0.00e+00	0.3000	8.33e-15	34
0.660	2.10e-05	0.0	1.89e-06	-4.00e-02	0.00	0.00e+00	0.3000	8.33e-15	34
0.660	2.10e-05	0.0	1.89e-06	-3.00e-02	0.00	0.00e+00	0.3000	8.33e-15	34
0.660	2.10e-05	0.0	1.89e-06	-2.00e-02	0.00	0.00e+00	0.3000	8.33e-15	34
0.660	2.10e-05	0.0	1.89e-06	-1.00e-02	0.00	0.00e+00	0.3000	8.33e-15	34
0.660	2.10e-05	0.0	1.89e-06	3.47e-18	0.00	0.00e+00	0.3000	8.33e-15	34
0.660	2.10e-05	0.0	1.89e-06	1.00e-02	0.00	0.00e+00	0.3000	8.33e-15	34
0.660	2.10e-05	0.0	1.89e-06	2.00e-02	0.00	0.00e+00	0.3000	8.33e-15	34
0.660	2.10e-05	0.0	1.89e-06	3.00e-02	0.00	0.00e+00	0.3000	8.33e-15	34
0.660	2.10e-05	0.0	1.89e-06	4.00e-02	0.00	0.00e+00	0.3000	8.33e-15	34
0.650	2.12e-05	0.0	-5.92e-07	-5.00e-02	0.00	0.00e+00	0.3000	8.33e-15	35
0.650	2.12e-05	0.0	-5.92e-07	-4.00e-02	0.00	0.00e+00	0.3000	8.33e-15	35
0.650	2.12e-05	0.0	-5.92e-07	-3.00e-02	0.00	0.00e+00	0.3000	8.33e-15	35
0.650	2.12e-05	0.0	-5.92e-07	-2.00e-02	0.00	0.00e+00	0.3000	8.33e-15	35
0.650	2.12e-05	0.0	-5.92e-07	-1.00e-02	0.00	0.00e+00	0.3000	8.33e-15	35
0.650	2.12e-05	0.0	-5.92e-07	3.47e-18	0.00	0.00e+00	0.3000	8.33e-15	35
0.650	2.12e-05	0.0	-5.92e-07	1.00e-02	0.00	0.00e+00	0.3000	8.33e-15	35
0.650	2.12e-05	0.0	-5.92e-07	2.00e-02	0.00	0.00e+00	0.3000	8.33e-15	35
0.650	2.12e-05	0.0	-5.92e-07	3.00e-02	0.00	0.00e+00	0.3000	8.33e-15	35
0.650	2.12e-05	0.0	-5.92e-07	4.00e-02	0.00	0.00e+00	0.3000	8.33e-15	35
0.640	2.11e-05	0.0	-3.45e-06	-5.00e-02	0.00	0.00e+00	0.3000	8.33e-15	36
0.640	2.11e-05	0.0	-3.45e-06	-4.00e-02	0.00	0.00e+00	0.3000	8.33e-15	36
0.640	2.11e-05	0.0	-3.45e-06	-3.00e-02	0.00	0.00e+00	0.3000	8.33e-15	36
0.640	2.11e-05	0.0	-3.45e-06	-2.00e-02	0.00	0.00e+00	0.3000	8.33e-15	36
0.640	2.11e-05	0.0	-3.45e-06	-1.00e-02	0.00	0.00e+00	0.3000	8.33e-15	36
0.640	2.11e-05	0.0	-3.45e-06	3.47e-18	0.00	0.00e+00	0.3000	8.33e-15	36
0.640	2.11e-05	0.0	-3.45e-06	1.00e-02	0.00	0.00e+00	0.3000	8.33e-15	36
0.640	2.11e-05	0.0	-3.45e-06	2.00e-02	0.00	0.00e+00	0.3000	8.33e-15	36
0.640	2.11e-05	0.0	-3.45e-06	3.00e-02	0.00	0.00e+00	0.3000	8.33e-15	36
0.640	2.11e-05	0.0	-3.45e-06	4.00e-02	0.00	0.00e+00	0.3000	8.33e-15	36
0.630	2.08e-05	0.0	-6.68e-06	-5.00e-02	0.00	0.00e+00	0.3000	8.33e-15	37
0.630	2.08e-05	0.0	-6.68e-06	-4.00e-02	0.00	0.00e+00	0.3000	8.33e-15	37
0.630	2.08e-05	0.0	-6.68e-06	-3.00e-02	0.00	0.00e+00	0.3000	8.33e-15	37
0.630	2.08e-05	0.0	-6.68e-06	-2.00e-02	0.00	0.00e+00	0.3000	8.33e-15	37
0.630	2.08e-05	0.0	-6.68e-06	-1.00e-02	0.00	0.00e+00	0.3000	8.33e-15	37
0.630	2.08e-05	0.0	-6.68e-06	3.47e-18	0.00	0.00e+00	0.3000	8.33e-15	37
0.630	2.08e-05	0.0	-6.68e-06	1.00e-02	0.00	0.00e+00	0.3000	8.33e-15	37
0.630	2.08e-05	0.0	-6.68e-06	2.00e-02	0.00	0.00e+00	0.3000	8.33e-15	37
0.630	2.08e-05	0.0	-6.68e-06	3.00e-02	0.00	0.00e+00	0.3000	8.33e-15	37
0.630	2.08e-05	0.0	-6.68e-06	4.00e-02	0.00	0.00e+00	0.3000	8.33e-15	37
0.620	2.01e-05	0.0	-1.03e-05	-5.00e-02	0.00	0.00e+00	0.3000	8.33e-15	38
0.620	2.01e-05	0.0	-1.03e-05	-4.00e-02	0.00	0.00e+00	0.3000	8.33e-15	38
0.620	2.01e-05	0.0	-1.03e-05	-3.00e-02	0.00	0.00e+00	0.3000	8.33e-15	38
0.620	2.01e-05	0.0	-1.03e-05	-2.00e-02	0.00	0.00e+00	0.3000	8.33e-15	38
0.620	2.01e-05	0.0	-1.03e-05	-1.00e-02	0.00	0.00e+00	0.3000	8.33e-15	38
0.620	2.01e-05	0.0	-1.03e-05	3.47e-18	0.00	0.00e+00	0.3000	8.33e-15	38
0.620	2.01e-05	0.0	-1.03e-05	1.00e-02	0.00	0.00e+00	0.3000	8.33e-15	38
0.620	2.01e-05	0.0	-1.03e-05	2.00e-02	0.00	0.00e+00	0.3000	8.33e-15	38
0.620	2.01e-05	0.0	-1.03e-05	3.00e-02	0.00	0.00e+00	0.3000	8.33e-15	38
0.620	2.01e-05	0.0	-1.03e-05	4.00e-02	0.00	0.00e+00	0.3000	8.33e-15	38
0.610	1.91e-05	0.0	-1.41e-05	-5.00e-02	0.00	0.00e+00	0.3000	8.33e-15	39
0.610	1.91e-05	0.0	-1.41e-05	-4.00e-02	0.00	0.00e+00	0.3000	8.33e-15	39
0.610	1.91e-05	0.0	-1.41e-05	-3.00e-02	0.00	0.00e+00	0.3000	8.33e-15	39
0.610	1.91e-05	0.0	-1.41e-05	-2.00e-02	0.00	0.00e+00	0.3000	8.33e-15	39
0.610	1.91e-05	0.0	-1.41e-05	-1.00e-02	0.00	0.00e+00	0.3000	8.33e-15	39
0.610	1.91e-05	0.0	-1.41e-05	3.47e-18	0.00	0.00e+00	0.3000	8.33e-15	39
0.610	1.91e-05	0.0	-1.41e-05	1.00e-02	0.00	0.00e+00	0.3000	8.33e-15	39
0.610	1.91e-05	0.0	-1.41e-05	2.00e-02	0.00	0.00e+00	0.3000	8.33e-15	39
0.610	1.91e-05	0.0	-1.41e-05	3.00e-02	0.00	0.00e+00	0.3000	8.33e-15	39
0.610	1.91e-05	0.0	-1.41e-05	4.00e-02	0.00	0.00e+00	0.3000	8.33e-15	39
0.600	1.77e-05	0.0	-1.83e-05	-5.00e-02	0.00	0.00e+00	0.3000	8.33e-15	40
0.600	1.77e-05	0.0	-1.83e-05	-4.00e-02	0.00	0.00e+00	0.3000	8.33e-15	40
0.600	1.77e-05	0.0	-1.83e-05	-3.00e-02	0.00	0.00e+00	0.3000	8.33e-15	40
0.600	1.77e-05	0.0	-1.83e-05	-2.00e-02	0.00	0.00e+00	0.3000	8.33e-15	40
0.600	1.77e-05	0.0	-1.83e-05	-1.00e-02	0.00	0.00e+00	0.3000	8.33e-15	40
0.600	1.77e-05	0.0	-1.83e-05	3.47e-18	0.00	0.00e+00	0.3000	8.33e-15	40
0.600	1.77e-05	0.0	-1.83e-05	1.00e-02	0.00	0.00e+00	0.3000	8.33e-15	40
0.600	1.77e-05	0.0	-1.83e-05	2.00e-02	0.00	0.00e+00	0.3000	8.33e-15	40
0.600	1.77e-05	0.0	-1.83e-05	3.00e-02	0.00	0.00e+00	0.3000	8.33e-15	40
0.600	1.77e-05	0.0	-1.83e-05	4.00e-02	0.00	0.00e+00	0.3000	8.33e-15	40
0.590	1.59e-05	0.0	-2.26e-05	-5.00e-02	0.00	0.00e+00	0.3000	8.33e-15	41
0.590	1.59e-05	0.0	-2.26e-05	-4.00e-02	0.00	0.00e+00	0.3000	8.33e-15	41
0.590	1.59e-05	0.0	-2.26e-05	-3.00e-02	0.00	0.00e+00	0.3000	8.33e-15	41
0.590	1.59e-05	0.0	-2.26e-05	-2.00e-02	0.00	0.00e+00	0.3000	8.33e-15	41
0.590	1.59e-05	0.0	-2.26e-05	-1.00e-02	0.00	0.00e+00	0.3000	8.33e-15	41
0.590	1.59e-05	0.0	-2.26e-05	3.47e-18	0.00	0.00e+00	0.3000	8.33e-15	41
0.590	1.59e-05	0.0	-2.26e-05	1.00e-02	0.00	0.00e+00	0.3000	8.33e-15	41
0.590	1.59e-05	0.0	-2.26e-05	2.00e-02	0.00	0.00e+00	0.3000	8.33e-15	41
0.590	1.59e-05	0.0	-2.26e-05	3.00e-02	0.00	0.00e+00	0.3000	8.33e-15	41
0.590	1.59e-05	0.0	-2.26e-05	4.00e-02	0.00	0.00e+00	0.3000	8.33e-15	41
0.580	1.36e-05	0.0	-2.70e-05	-5.00e-02	0.00	0.00e+00	0.3000	8.33e-15	42
0.580	1.36e-05	0.0	-2.70e-05	-4.00e-02	0.00	0.00e+00	0.3000	8.33e-15	42
0.580	1.36e-05	0.0	-2.70e-05	-3.00e-02	0.00	0.00e+00	0.3000	8.33e-15	42
0.580	1.36e-05	0.0	-2.70e-05	-2.00e-02	0.00	0.00e+00	0.3000	8.33e-15	42
0.580	1.36e-05	0.0	-2.70e-05	-1.00e-02	0.00	0.00e+00	0.3000	8.33e-15	42
0.580	1.36e-05	0.0	-2.70e-05	3.47e-18	0.00	0.00e+00	0.3000	8.33e-15	42
0.580	1.36e-05	0.0	-2.70e-05	1.00e-02	0.00	0.00e+00	0.3000	8.33e-15	42
0.580	1.36e-05	0.0	-2.70e-05	2.00e-02	0.00	0.00e+00	0.3000	8.33e-15	42
0.580	1.36e-05	0.0	-2.70e-05	3.00e-02	0.00	0.00e+00	0.3000	8.33e-15	42
0.580	1.36e-05	0.0	-2.70e-05	4.00e-02	0.00	0.00e+00	0.3000	8.33e-15	42
0.570	1.09e-05	0.0	-3.13e-05	-5.00e-02	0.00	0.00e+00	0.3000	8.33e-15	43
0.570	1.09e-05	0.0	-3.13e-05	-4.00e-02	0.00	0.00e+00	0.3000	8.33e-15	43
0.570	1.09e-05	0.0	-3.13e-05	-3.00e-02	0.00	0.00e+00	0.3000	8.33e-15	43
0.570	1.09e-05	0.0	-3.13e-05	-2.00e-02	0.00	0.00e+00	0.3000	8.33e-15	43
0.570	1.09e-05	0.0	-3.13e-05	-1.00e-02	0.00	0.00e+00	0.3000	8.33e-15	43
0.570	1.09e-05	0.0	-3.13e-05	3.47e-18	0.00	0.00e+00	0.3000	8.33e-15	43
0.570	1.09e-05	0.0	-3.13e-05	1.00e-02	0.00	0.00e+00	0.3000	8.33e-15	43
0.570	1.09e-05	0.0	-3.13e-05	2.00e-02	0.00	0.00e+00	0.3000	8.33e-15	43
0.570	1.09e-05	0.0	-3.13e-05	3.00e-02	0.00	0.00e+00	0.3000	8.33e-15	43
0.570	1.09e-05	0.0	-3.13e-05	4.00e-02	0.00	0.00e+00	0.3000	8.33e-15	43
0.560	7.78e-06	0.0	-3.55e-05	-5.00e-02	0.00	0.00e+00	0.3000	8.33e-15	44
0.560	7.78e-06	0.0	-3.55e-05	-4.00e-02	0.00	0.00e+00	0.3000	8.33e-15	44
0.560	7.78e-06	0.0	-3.55e-05	-3.00e-02	0.00	0.00e+00	0.3000	8.33e-15	44
0.560	7.78e-06	0.0	-3.55e-05	-2.00e-02	0.00	0.00e+00	0.3000	8.33e-15	44
0.560	7.78e-06	0.0	-3.55e-05	-1.00e-02	0.00	0.00e+00	0.3000	8.33e-15	44
0.560	7.78e-06	0.0	-3.55e-05	3.47e-18	0.00	0.00e+00	0.3000	8.33e-15	44
0.560	7.78e-06	0.0	-3.55e-05	1.00e-02	0.00	0.00e+00	0.3000	8.33e-15	44
0.560	7.78e-06	0.0	-3.55e-05	2.00e-02	0.00	0.00e+00	0.3000	8.33e-15	44
0.560	7.78e-06	0.0	-3.55e-05	3.00e-02	0.00	0.00e+00	0.3000	8.33e-15	44
0.560	7.78e-06	0.0	-3.55e-05	4.00e-02	0.00	0.00e+00	0.3000	8.33e-15	44
0.550	4.22e-06	0.0	-3.94e-05	-5.00e-02	0.00	0.00e+00	0.3000	8.33e-15	45
0.550	4.22e-06	0.0	-3.94e-05	-4.00e-02	0.00	0.00e+00	0.3000	8.33e-15	45
0.550	4.22e-06	0.0	-3.94e-05	-3.00e-02	0.00	0.00e+00	0.3000	8.33e-15	45
0.550	4.22e-06	0.0	-3.94e-05	-2.00e-02	0.00	0.00e+00	0.3000	8.33e-15	45
0.550	4.22e-06	0.0	-3.94e-05	-1.00e-02	0.00	0.00e+00	0.3000	8.33e-15	45
0.550	4.22e-06	0.0	-3.94e-05	3.47e-18	0.00	0.00e+00	0.3000	8.33e-15	45
0.550	4.22e-06	0.0	-3.94e-05	1.00e-02	0.00	0.00e+00	0.3000	8.33e-15	45
0.550	4.22e-06	0.0	-3.94e-05	2.00e-02	0.00	0.00e+00	0.3000	8.33e-15	45
0.550	4.22e-06	0.0	-3.94e-05	3.00e-02	0.00	0.00e+00	0.3000	8.33e-15	45
0.550	4.22e-06	0.0	-3.94e-05	4.00e-02	0.00	0.00e+00	0.3000	8.33e-15	45
0.540	2.83e-07	0.0	-4.28e-05	-5.00e-02	0.00	0.00e+00	0.3000	8.33e-15	46
0.540	2.83e-07	0.0	-4.28e-05	-4.00e-02	0.00	0.00e+00	0.3000	8.33e-15	46
0.540	2.83e-07	0.0	-4.28e-05	-3.00e-02	0.00	0.00e+00	0.3000	8.33e-15	46
0.540	2.83e-07	0.0	-4.28e-05	-2.00e-02	0.00	0.00e+00	0.3000	8.33e-15	46
0.540	2.83e-07	0.0	-4.28e-05	-1.00e-02	0.00	0.00e+00	0.3000	8.33e-15	46
0.540	2.83e-07	0.0	-4.28e-05	3.47e-18	0.00	0.00e+00	0.3000	8.33e-15	46
0.540	2.83e-07	0.0	-4.28e-05	1.00e-02	0.00	0.00e+00	0.3000	8.33e-15	46
0.540	2.83e-07	0.0	-4.28e-05	2.00e-02	0.00	0.00e+00	0.3000	8.33e-15	46
0.540	2.83e-07	0.0	-4.28e-05	3.00e-02	0.00	0.00e+00	0.3000	8.33e-15	46
0.540	2.83e-07	0.0	-4.28e-05	4.00e-02	0.00	0.00e+00	0.3000	8.33e-15	46
0.530	-4.00e-06	0.0	-4.56e-05	-5.00e-02	0.00	0.00e+00	0.3000	8.33e-15	47
0.530	-4.00e-06	0.0	-4.56e-05	-4.00e-02	0.00	0.00e+00	0.3000	8.33e-15	47
0.530	-4.00e-06	0.0	-4.56e-05	-3.00e-02	0.00	0.00e+00	0.3000	8.33e-15	47
0.530	-4.00e-06	0.0	-4.56e-05	-2.00e-02	0.00	0.00e+00	0.3000	8.33e-15	47
0.530	-4.00e-06	0.0	-4.56e-05	-1.00e-02	0.00	0.00e+00	0.3000	8.33e-15	47
0.530	-4.00e-06	0.0	-4.56e-05	3.47e-18	0.00	0.00e+00	0.3000	8.33e-15	47
0.530	-4.00e-06	0.0	-4.56e-05	1.00e-02	0.00	0.00e+00	0.3000	8.33e-15	47
0.530	-4.00e-06	0.0	-4.56e-05	2.00e-02	0.00	0.00e+00	0.3000	8.33e-15	47
0.530	-4.00e-06	0.0	-4.56e-05	3.00e-02	0.00	0.00e+00	0.3000	8.33e-15	47
0.530	-4.00e-06	0.0	-4.56e-05	4.00e-02	0.00	0.00e+00	0.3000	8.33e-15	47
0.520	-8.55e-06	0.0	-4.75e-05	-5.00e-02	0.00	0.00e+00	0.3000	8.33e-15	48
0.520	-8.55e-06	0.0	-4.75e-05	-4.00e-02	0.00	0.00e+00	0.3000	8.33e-15	48
0.520	-8.55e-06	0.0	-4.75e-05	-3.00e-02	0.00	0.00e+00	0.3000	8.33e-15	48
0.520	-8.55e-06	0.0	-4.75e-05	-2.00e-02	0.00	0.00e+00	0.3000	8.33e-15	48
0.520	-8.55e-06	0.0	-4.75e-05	-1.00e-02	0.00	0.00e+00	0.3000	8.33e-15	48
0.520	-8.55e-06	0.0	-4.75e-05	3.47e-18	0.00	0.00e+00	0.3000	8.33e-15	48
0.520	-8.55e-06	0.0	-4.75e-05	1.00e-02	0.00	0.00e+00	0.3000	8.33e-15	48
0.520	-8.55e-06	0.0	-4.75e-05	2.00e-02	0.00	0.00e+00	0.3000	8.33e-15	48
0.520	-8.55e-06	0.0	-4.75e-05	3.00e-02	0.00	0.00e+00	0.3000	8.33e-15	48
0.520	-8.55e-06	0.0	-4.75e-05	4.00e-02	0.00	0.00e+00	0.3000	8.33e-15	48
0.510	-1.33e-05	0.0	-4.84e-05	-5.00e-02	0.00	0.00e+00	0.3000	8.33e-15	49
0.510	-1.33e-05	0.0	-4.84e-05	-4.00e-02	0.00	0.00e+00	0.3000	8.33e-15	49
0.510	-1.33e-05	0.0	-4.84e-05	-3.00e-02	0.00	0.00e+00	0.3000	8.33e-15	49
0.510	-1.33e-05	0.0	-4.84e-05	-2.00e-02	0.00	0.00e+00	0.3000	8.33e-15	49
0.510	-1.33e-05	0.0	-4.84e-05	-1.00e-02	0.00	0.00e+00	0.3000	8.33e-15	49
0.510	-1.33e-05	0.0	-4.84e-05	3.47e-18	0.00	0.00e+00	0.3000	8.33e-15	49
0.510	-1.33e-05	0.0	-4.84e-05	1.00e-02	0.00	0.00e+00	0.3000	8.33e-15	49
0.510	-1.33e-05	0.0	-4.84e-05	2.00e-02	0.00	0.00e+00	0.3000	8.33e-15	49
0.510	-1.33e-05	0.0	-4.84e-05	3.00e-02	0.00	0.00e+00	0.3000	8.33e-15	49
0.510	-1.33e-05	0.0	-4.84e-05	4.00e-02	0.00	0.00e+00	0.3000	8.33e-15	49
0.500	-1.81e-05	0.0	-4.81e-05	-5.00e-02	0.00	0.00e+00	0.3000	8.33e-15	50
0.500	-1.81e-05	0.0	-4.81e-05	-4.00e-02	0.00	0.00e+00	0.3000	8.33e-15	50
0.500	-1.81e-05	0.0	-4.81e-05	-3.00e-02	0.00	0.00e+00	0.3000	8.33e-15	50
0.500	-1.81e-05	0.0	-4.81e-05	-2.00e-02	0.00	0.00e+00	0.3000	8.33e-15	50
0.500	-1.81e-05	0.0	-4.81e-05	-1.00e-02	0.00	0.00e+00	0.3000	8.33e-15	50
0.500	-1.81e-05	0.0	-4.81e-05	3.47e-18	0.00	0.00e+00	0.3000	8.33e-15	50
0.500	-1.81e-05	0.0	-4.81e-05	1.00e-02	0.00	0.00e+00	0.3000	8.33e-15	50
0.500	-1.81e-05	0.0	-4.81e-05	2.00e-02	0.00	0.00e+00	0.3000	8.33e-15	50
0.500	-1.81e-05	0.0	-4.81e-05	3.00e-02	0.00	0.00e+00	0.3000	8.33e-15	50
0.500	-1.81e-05	0.0	-4.81e-05	4.00e-02	0.00	0.00e+00	0.3000	8.33e-15	50
0.490	-2.29e-05	0.0	-4.65e-05	-5.00e-02	0.00	0.00e+00	0.3000	8.33e-15	51
0.490	-2.29e-05	0.0	-4.65e-05	-4.00e-02	0.00	0.00e+00	0.3000	8.33e-15	51
0.490	-2.29e-05	0.0	-4.65e-05	-3.00e-02	0.00	0.00e+00	0.3000	8.33e-15	51
0.490	-2.29e-05	0.0	-4.65e-05	-2.00e-02	0.00	0.00e+00	0.3000	8.33e-15	51
0.490	-2.29e-05	0.0	-4.65e-05	-1.00e-02	0.00	0.00e+00	0.3000	8.33e-15	51
0.490	-2.29e-05	0.0	-4.65e-05	3.47e-18	0.00	0.00e+00	0.3000	8.33e-15	51
0.490	-2.29e-05	0.0	-4.65e-05	1.00e-02	0.00	0.00e+00	0.3000	8.33e-15	51
0.490	-2.29e-05	0.0	-4.65e-05	2.00e-02	0.00	0.00e+00	0.3000	8.33e-15	51
0.490	-2.29e-05	0.0	-4.65e-05	3.00e-02	0.00	0.00e+00	0.3000	8.33e-15	51
0.490	-2.29e-05	0.0	-4.65e-05	4.00e-02	0.00	0.00e+00	0.3000	8.33e-15	51
0.480	-2.76e-05	0.0	-4.34e-05	-5.00e-02	0.00	0.00e+00	0.3000	8.33e-15	52
0.480	-2.76e-05	0.0	-4.34e-05	-4.00e-02	0.00	0.00e+00	0.3000	8.33e-15	52
0.480	-2.76e-05	0.0	-4.34e-05	-3.00e-02	0.00	0.00e+00	0.3000	8.33e-15	52
0.480	-2.76e-05	0.0	-4.34e-05	-2.00e-02	0.00	0.00e+00	0.3000	8.33e-15	52
0.480	-2.76e-05	0.0	-4.34e-05	-1.00e-02	0.00	0.00e+00	0.3000	8.33e-15	52
0.480	-2.76e-05	0.0	-4.34e-05	3.47e-18	0.00	0.00e+00	0.3000	8.33e-15	52
0.480	-2.76e-05	0.0	-4.34e-05	1.00e-02	0.00	0.00e+00	0.3000	8.33e-15	52
0.480	-2.76e-05	0.0	-4.34e-05	2.00e-02	0.00	0.00e+00	0.3000	8.33e-15	52
0.480	-2.76e-05	0.0	-4.34e-05	3.00e-02	0.00	0.00e+00	0.3000	8.33e-15	52
0.480	-2.76e-05	0.0	-4.34e-05	4.00e-02	0.00	0.00e+00	0.3000	8.33e-15	52
0.470	-3.19e-05	0.0	-3.87e-05	-5.00e-02	0.00	0.00e+00	0.3000	8.33e-15	53
0.470	-3.19e-05	0.0	-3.87e-05	-4.00e-02	0.00	0.00e+00	0.3000	8.33e-15	53
0.470	-3.19e-05	0.0	-3.87e-05	-3.00e-02	0.00	0.00e+00	0.3000	8.33e-15	53
0.470	-3.19e-05	0.0	-3.87e-05	-2.00e-02	0.00	0.00e+00	0.3000	8.33e-15	53
0.470	-3.19e-05	0.0	-3.87e-05	-1.00e-02	0.00	0.00e+00	0.3000	8.33e-15	53
0.470	-3.19e-05	0.0	-3.87e-05	3.47e-18	0.00	0.00e+00	0.3000	8.33e-15	53
0.470	-3.19e-05	0.0	-3.87e-05	1.00e-02	0.00	0.00e+00	0.3000	8.33e-15	53
0.470	-3.19e-05	0.0	-3.87e-05	2.00e-02	0.00	0.00e+00	0.3000	8.33e-15	53
0.470	-3.19e-05	0.0	-3.87e-05	3.00e-02	0.00	0.00e+00	0.3000	8.33e-15	53
0.470	-3.19e-05	0.0	-3.87e-05	4.00e-02	0.00	0.00e+00	0.3000	8.33e-15	53
0.460	-3.58e-05	0.0	-3.23e-05	-5.00e-02	0.00	0.00e+00	0.3000	8.33e-15	54
0.460	-3.58e-05	0.0	-3.23e-05	-4.00e-02	0.00	0.00e+00	0.3000	8.33e-15	54
0.460	-3.58e-05	0.0	-3.23e-05	-3.00e-02	0.00	0.00e+00	0.3000	8.33e-15	54
0.460	-3.58e-05	0.0	-3.23e-05	-2.00e-02	0.00	0.00e+00	0.3000	8.33e-15	54
0.460	-3.58e-05	0.0	-3.23e-05	-1.00e-02	0.00	0.00e+00	0.3000	8.33e-15	54
0.460	-3.58e-05	0.0	-3.23e-05	3.47e-18	0.00	0.00e+00	0.3000	8.33e-15	54
0.460	-3.58e-05	0.0	-3.23e-05	1.00e-02	0.00	0.00e+00	0.3000	8.33e-15	54
0.460	-3.58e-05	0.0	-3.23e-05	2.00e-02	0.00	0.00e+00	0.3000	8.33e-15	54
0.460	-3.58e-05	0.0	-3.23e-05	3.00e-02	0.00	0.00e+00	0.3000	8.33e-15	54
0.460	-3.58e-05	0.0	-3.23e-05	4.00e-02	0.00	0.00e+00	0.3000	8.33e-15	54
0.450	-3.90e-05	0.0	-2.43e-05	-5.00e-02	0.00	0.00e+00	0.3000	8.33e-15	55
0.450	-3.90e-05	0.0	-2.43e-05	-4.00e-02	0.00	0.00e+00	0.3000	8.33e-15	55
0.450	-3.90e-05	0.0	-2.43e-05	-3.00e-02	0.00	0.00e+00	0.3000	8.33e-15	55
0.450	-3.90e-05	0.0	-2.43e-05	-2.00e-02	0.00	0.00e+00	0.3000	8.33e-15	55
0.450	-3.90e-05	0.0	-2.43e-05	-1.00e-02	0.00	0.00e+00	0.3000	8.33e-15	55
0.450	-3.90e-05	0.0	-2.43e-05	3.47e-18	0.00	0.00e+00	0.3000	8.33e-15	55
0.450	-3.90e-05	0.0	-2.43e-05	1.00e-02	0.00	0.00e+00	0.3000	8.33e-15	55
0.450	-3.90e-05	0.0	-2.43e-05	2.00e-02	0.00	0.00e+00	0.3000	8.33e-15	55
0.450	-3.90e-05	0.0	-2.43e-05	3.00e-02	0.00	0.00e+00	0.3000	8.33e-15	55
0.450	-3.90e-05	0.0	-2.43e-05	4.00e-02	0.00	0.00e+00	0.3000	8.33e-15	55
0.440	-4.15e-05	0.0	-1.47e-05	-5.00e-02	0.00	0.00e+00	0.3000	8.33e-15	56
0.440	-4.15e-05	0.0	-1.47e-05	-4.00e-02	0.00	0.00e+00	0.3000	8.33e-15	56
0.440	-4.15e-05	0.0	-1.47e-05	-3.00e-02	0.00	0.00e+00	0.3000	8.33e-15	56
0.440	-4.15e-05	0.0	-1.47e-05	-2.00e-02	0.00	0.00e+00	0.3000	8.33e-15	56
0.440	-4.15e-05	0.0	-1.47e-05	-1.00e-02	0.00	0.00e+00	0.3000	8.33e-15	56
0.440	-4.15e-05	0.0	-1.47e-05	3.47e-18	0.00	0.00e+00	0.3000	8.33e-15	56
0.440	-4.15e-05	0.0	-1.47e-05	1.00e-02	0.00	0.00e+00	0.3000	8.33e-15	56
0.440	-4.15e-05	0.0	-1.47e-05	2.00e-02	0.00	0.00e+00	0.3000	8.33e-15	56
0.440	-4.15e-05	0.0	-1.47e-05	3.00e-02	0.00	0.00e+00	0.3000	8.33e-15	56
0.440	-4.15e-05	0.0	-1.47e-05	4.00e-02	0.00	0.00e+00	0.3000	8.33e-15	56
0.430	-4.29e-05	0.0	-3.45e-06	-5.00e-02	0.00	0.00e+00	0.3000	8.33e-15	57
0.430	-4.29e-05	0.0	-3.45e-06	-4.00e-02	0.00	0.00e+00	0.3000	8.33e-15	57
0.430	-4.29e-05	0.0	-3.45e-06	-3.00e-02	0.00	0.00e+00	0.3000	8.33e-15	57
0.430	-4.29e-05	0.0	-3.45e-06	-2.00e-02	0.00	0.00e+00	0.3000	8.33e-15	57
0.430	-4.29e-05	0.0	-3.45e-06	-1.00e-02	0.00	0.00e+00	0.3000	8.33e-15	57
0.430	-4.29e-05	0.0	-3.45e-06	3.47e-18	0.00	0.00e+00	0.3000	8.33e-15	57
0.430	-4.29e-05	0.0	-3.45e-06	1.00e-02	0.00	0.00e+00	0.3000	8.33e-15	57
0.430	-4.29e-05	0.0	-3.45e-06	2.00e-02	0.00	0.00e+00	0.3000	8.33e-15	57
0.430	-4.29e-05	0.0	-3.45e-06	3.00e-02	0.00	0.00e+00	0.3000	8.33e-15	57
0.430	-4.29e-05	0.0	-3.45e-06	4.00e-02	0.00	0.00e+00	0.3000	8.33e-15	57
0.420	-4.33e-05	0.0	9.19e-06	-5.00e-02	0.00	0.00e+00	0.3000	8.33e-15	58
0.420	-4.33e-05	0.0	9.19e-06	-4.00e-02	0.00	0.00e+00	0.3000	8.33e-15	58
0.420	-4.33e-05	0.0	9.19e-06	-3.00e-02	0.00	0.00e+00	0.3000	8.33e-15	58
0.420	-4.33e-05	0.0	9.19e-06	-2.00e-02	0.00	0.00e+00	0.3000	8.33e-15	58
0.420	-4.33e-05	0.0	9.19e-06	-1.00e-02	0.00	0.00e+00	0.3000	8.33e-15	58
0.420	-4.33e-05	0.0	9.19e-06	3.47e-18	0.00	0.00e+00	0.3000	8.33e-15	58
0.420	-4.33e-05	0.0	9.19e-06	1.00e-02	0.00	0.00e+00	0.3000	8.33e-15	58
0.420	-4.33e-05	0.0	9.19e-06	2.00e-02	0.00	0.00e+00	0.3000	8.33e-15	58
0.420	-4.33e-05	0.0	9.19e-06	3.00e-02	0.00	0.00e+00	0.3000	8.33e-15	58
0.420	-4.33e-05	0.0	9.19e-06	4.00e-02	0.00	0.00e+00	0.3000	8.33e-15	58
0.410	-4.24e-05	0.0	2.30e-05	-5.00e-02	0.00	0.00e+00	0.3000	8.33e-15	59
0.410	-4.24e-05	0.0	2.30e-05	-4.00e-02	0.00	0.00e+00	0.3000	8.33e-15	59
0.410	-4.24e-05	0.0	2.30e-05	-3.00e-02	0.00	0.00e+00	0.3000	8.33e-15	59
0.410	-4.24e-05	0.0	2.30e-05	-2.00e-02	0.00	0.00e+00	0.3000	8.33e-15	59
0.410	-4.24e-05	0.0	2.30e-05	-1.00e-02	0.00	0.00e+00	0.3000	8.33e-15	59
0.410	-4.24e-05	0.0	2.30e-05	3.47e-18	0.00	0.00e+00	0.3000	8.33e-15	59
0.410	-4.24e-05	0.0	2.30e-05	1.00e-02	0.00	0.00e+00	0.3000	8.33e-15	59
0.410	-4.24e-05	0.0	2.30e-05	2.00e-02	0.00	0.00e+00	0.3000	8.33e-15	59
0.410	-4.24e-05	0.0	2.30e-05	3.00e-02	0.00	0.00e+00	0.3000	8.33e-15	59
0.410	-4.24e-05	0.0	2.30e-05	4.00e-02	0.00	0.00e+00	0.3000	8.33e-15	59
0.400	-4.01e-05	0.0	3.78e-05	-5.00e-02	0.00	0.00e+00	0.3000	8.33e-15	60
0.400	-4.01e-05	0.0	3.78e-05	-4.00e-02	0.00	0.00e+00	0.3000	8.33e-15	60
0.400	-4.01e-05	0.0	3.78e-05	-3.00e-02	0.00	0.00e+00	0.3000	8.33e-15	60
0.400	-4.01e-05	0.0	3.78e-05	-2.00e-02	0.00	0.00e+00	0.3000	8.33e-15	60
0.400	-4.01e-05	0.0	3.78e-05	-1.00e-02	0.00	0.00e+00	0.3000	8.33e-15	60
0.400	-4.01e-05	0.0	3.78e-05	3.47e-18	0.00	0.00e+00	0.3000	8.33e-15	60
0.400	-4.01e-05	0.0	3.78e-05	1.00e-02	0.00	0.00e+00	0.3000	8.33e-15	60
0.400	-4.01e-05	0.0	3.78e-05	2.00e-02	0.00	0.00e+00	0.3000	8.33e-15	60
0.400	-4.01e-05	0.0	3.78e-05	3.00e-02	0.00	0.00e+00	0.3000	8.33e-15	60
0.400	-4.01e-05	0.0	3.78e-05	4.00e-02	0.00	0.00e+00	0.3000	8.33e-15	60
0.390	-3.63e-05	0.0	5.31e-05	-5.00e-02	0.00	0.00e+00	0.3000	8.33e-15	61
0.390	-3.63e-05	0.0	5.31e-05	-4.00e-02	0.00	0.00e+00	0.3000	8.33e-15	61
0.390	-3.63e-05	0.0	5.31e-05	-3.00e-02	0.00	0.00e+00	0.3000	8.33e-15	61
0.390	-3.63e-05	0.0	5.31e-05	-2.00e-02	0.00	0.00e+00	0.3000	8.33e-15	61
0.390	-3.63e-05	0.0	5.31e-05	-1.00e-02	0.00	0.00e+00	0.3000	8.33e-15	61
0.390	-3.63e-05	0.0	5.31e-05	3.47e-18	0.00	0.00e+00	0.3000	8.33e-15	61
0.390	-3.63e-05	0.0	5.31e-05	1.00e-02	0.00	0.00e+00	0.3000	8.33e-15	61
0.390	-3.63e-05	0.0	5.31e-05	2.00e-02	0.00	0.00e+00	0.3000	8.33e-15	61
0.390	-3.63e-05	0.0	5.31e-05	3.00e-02	0.00	0.00e+00	0.3000	8.33e-15	61
0.390	-3.63e-05	0.0	5.31e-05	4.00e-02	0.00	0.00e+00	0.3000	8.33e-15	61
0.380	-3.10e-05	0.0	6.86e-05	-5.00e-02	0.00	0.00e+00	0.3000	8.33e-15	62
0.380	-3.10e-05	0.0	6.86e-05	-4.00e-02	0.00	0.00e+00	0.3000	8.33e-15	62
0.380	-3.10e-05	0.0	6.86e-05	-3.00e-02	0.00	0.00e+00	0.3000	8.33e-15	62
0.380	-3.10e-05	0.0	6.86e-05	-2.00e-02	0.00	0.00e+00	0.3000	8.33e-15	62
0.380	-3.10e-05	0.0	6.86e-05	-1.00e-02	0.00	0.00e+00	0.3000	8.33e-15	62
0.380	-3.10e-05	0.0	6.86e-05	3.47e-18	0.00	0.00e+00	0.3000	8.33e-15	62
0.380	-3.10e-05	0.0	6.86e-05	1.00e-02	0.00	0.00e+00	0.3000	8.33e-15	62
0.380	-3.10e-05	0.0	6.86e-05	2.00e-02	0.00	0.00e+00	0.3000	8.33e-15	62
0.380	-3.10e-05	0.0	6.86e-05	3.00e-02	0.00	0.00e+00	0.3000	8.33e-15	62
0.380	-3.10e-05	0.0	6.86e-05	4.00e-02	0.00	0.00e+00	0.3000	8.33e-15	62
0.370	-2.41e-05	0.0	8.38e-05	-5.00e-02	0.00	0.00e+00	0.3000	8.33e-15	63
0.370	-2.41e-05	0.0	8.38e-05	-4.00e-02	0.00	0.00e+00	0.3000	8.33e-15	63
0.370	-2.41e-05	0.0	8.38e-05	-3.00e-02	0.00	0.00e+00	0.3000	8.33e-15	63
0.370	-2.41e-05	0.0	8.38e-05	-2.00e-02	0.00	0.00e+00	0.3000	8.33e-15	63
0.370	-2.41e-05	0.0	8.38e-05	-1.00e-02	0.00	0.00e+00	0.3000	8.33e-15	63
0.370	-2.41e-05	0.0	8.38e-05	3.47e-18	0.00	0.00e+00	0.3000	8.33e-15	63
0.370	-2.41e-05	0.0	8.38e-05	1.00e-02	0.00	0.00e+00	0.3000	8.33e-15	63
0.370	-2.41e-05	0.0	8.38e-05	2.00e-02	0.00	0.00e+00	0.3000	8.33e-15	63
0.370	-2.41e-05	0.0	8.38e-05	3.00e-02	0.00	0.00e+00	0.3000	8.33e-15	63
0.370	-2.41e-05	0.0	8.38e-05	4.00e-02	0.00	0.00e+00	0.3000	8.33e-15	63
0.360	-1.57e-05	0.0	9.83e-05	-5.00e-02	0.00	0.00e+00	0.3000	8.33e-15	64
0.360	-1.57e-05	0.0	9.83e-05	-4.00e-02	0.00	0.00e+00	0.3000	8.33e-15	64
0.360	-1.57e-05	0.0	9.83e-05	-3.00e-02	0.00	0.00e+00	0.3000	8.33e-15	64
0.360	-1.57e-05	0.0	9.83e-05	-2.00e-02	0.00	0.00e+00	0.3000	8.33e-15	64
0.360	-1.57e-05	0.0	9.83e-05	-1.00e-02	0.00	0.00e+00	0.3000	8.33e-15	64
0.360	-1.57e-05	0.0	9.83e-05	3.47e-18	0.00	0.00e+00	0.3000	8.33e-15	64
0.360	-1.57e-05	0.0	9.83e-05	1.00e-02	0.00	0.00e+00	0.3000	8.33e-15	64
0.360	-1.57e-05	0.0	9.83e-05	2.00e-02	0.00	0.00e+00	0.3000	8.33e-15	64
0.360	-1.57e-05	0.0	9.83e-05	3.00e-02	0.00	0.00e+00	0.3000	8.33e-15	64
0.360	-1.57e-05	0.0	9.83e-05	4.00e-02	0.00	0.00e+00	0.3000	8.33e-15	64
0.350	-5.90e-06	0.0	1.11e-04	-5.00e-02	0.00	0.00e+00	0.3000	8.33e-15	65
0.350	-5.90e-06	0.0	1.11e-04	-4.00e-02	0.00	0.00e+00	0.3000	8.33e-15	65
0.350	-5.90e-06	0.0	1.11e-04	-3.00e-02	0.00	0.00e+00	0.3000	8.33e-15	65
0.350	-5.90e-06	0.0	1.11e-04	-2.00e-02	0.00	0.00e+00	0.3000	8.33e-15	65
0.350	-5.90e-06	0.0	1.11e-04	-1.00e-02	0.00	0.00e+00	0.3000	8.33e-15	65
0.350	-5.90e-06	0.0	1.11e-04	3.47e-18	0.00	0.00e+00	0.3000	8.33e-15	65
0.350	-5.90e-06	0.0	1.11e-04	1.00e-02	0.00	0.00e+00	0.3000	8.33e-15	65
0.350	-5.90e-06	0.0	1.11e-04	2.00e-02	0.00	0.00e+00	0.3000	8.33e-15	65
0.350	-5.90e-06	0.0	1.11e-04	3.00e-02	0.00	0.00e+00	0.3000	8.33e-15	65
0.350	-5.90e-06	0.0	1.11e-04	4.00e-02	0.00	0.00e+00	0.3000	8.33e-15	65
0.340	5.24e-06	0.0	1.23e-04	-5.00e-02	0.00	0.00e+00	0.3000	8.33e-15	66
0.340	5.24e-06	0.0	1.23e-04	-4.00e-02	0.00	0.00e+00	0.3000	8.33e-15	66
0.340	5.24e-06	0.0	1.23e-04	-3.00e-02	0.00	0.00e+00	0.3000	8.33e-15	66
0.340	5.24e-06	0.0	1.23e-04	-2.00e-02	0.00	0.00e+00	0.3000	8.33e-15	66
0.340	5.24e-06	0.0	1.23e-04	-1.00e-02	0.00	0.00e+00	0.3000	8.33e-15	66
0.340	5.24e-06	0.0	1.23e-04	3.47e-18	0.00	0.00e+00	0.3000	8.33e-15	66
0.340	5.24e-06	0.0	1.23e-04	1.00e-02	0.00	0.00e+00	0.3000	8.33e-15	66
0.340	5.24e-06	0.0	1.23e-04	2.00e-02	0.00	0.00e+00	0.3000	8.33e-15	66
0.340	5.24e-06	0.0	1.23e-04	3.00e-02	0.00	0.00e+00	0.3000	8.33e-15	66
0.340	5.24e-06	0.0	1.23e-04	4.00e-02	0.00	0.00e+00	0.3000	8.33e-15	66
0.330	1.75e-05	0.0	1.32e-04	-5.00e-02	0.00	0.00e+00	0.3000	8.33e-15	67
0.330	1.75e-05	0.0	1.32e-04	-4.00e-02	0.00	0.00e+00	0.3000	8.33e-15	67
0.330	1.75e-05	0.0	1.32e-04	-3.00e-02	0.00	0.00e+00	0.3000	8.33e-15	67
0.330	1.75e-05	0.0	1.32e-04	-2.00e-02	0.00	0.00e+00	0.3000	8.33e-15	67
0.330	1.75e-05	0.0	1.32e-04	-1.00e-02	0.00	0.00e+00	0.3000	8.33e-15	67
0.330	1.75e-05	0.0	1.32e-04	3.47e-18	0.00	0.00e+00	0.3000	8.33e-15	67
0.330	1.75e-05	0.0	1.32e-04	1.00e-02	0.00	0.00e+00	0.3000	8.33e-15	67
0.330	1.75e-05	0.0	1.32e-04	2.00e-02	0.00	0.00e+00	0.3000	8.33e-15	67
0.330	1.75e-05	0.0	1.32e-04	3.00e-02	0.00	0.00e+00	0.3000	8.33e-15	67
0.330	1.75e-05	0.0	1.32e-04	4.00e-02	0.00	0.00e+00	0.3000	8.33e-15	67
0.320	3.07e-05	0.0	1.37e-04	-5.00e-02	0.00	0.00e+00	0.3000	8.33e-15	68
0.320	3.07e-05	0.0	1.37e-04	-4.00e-02	0.00	0.00e+00	0.3000	8.33e-15	68
0.320	3.07e-05	0.0	1.37e-04	-3.00e-02	0.00	0.00e+00	0.3000	8.33e-15	68
0.320	3.07e-05	0.0	1.37e-04	-2.00e-02	0.00	0.00e+00	0.3000	8.33e-15	68
0.320	3.07e-05	0.0	1.37e-04	-1.00e-02	0.00	0.00e+00	0.3000	8.33e-15	68
0.320	3.07e-05	0.0	1.37e-04	3.47e-18	0.00	0.00e+00	0.3000	8.33e-15	68
0.320	3.07e-05	0.0	1.37e-04	1.00e-02	0.00	0.00e+00	0.3000	8.33e-15	68
0.320	3.07e-05	0.0	1.37e-04	2.00e-02	0.00	0.00e+00	0.3000	8.33e-15	68
0.320	3.07e-05	0.0	1.37e-04	3.00e-02	0.00	0.00e+00	0.3000	8.33e-15	68
0.320	3.07e-05	0.0	1.37e-04	4.00e-02	0.00	0.00e+00	0.3000	8.33e-15	68
0.310	4.44e-05	0.0	1.40e-04	-5.00e-02	0.00	0.00e+00	0.3000	8.33e-15	69
0.310	4.44e-05	0.0	1.40e-04	-4.00e-02	0.00	0.00e+00	0.3000	8.33e-15	69
0.310	4.44e-05	0.0	1.40e-04	-3.00e-02	0.00	0.00e+00	0.3000	8.33e-15	69
0.310	4.44e-05	0.0	1.40e-04	-2.00e-02	0.00	0.00e+00	0.3000	8.33e-15	69
0.310	4.44e-05	0.0	1.40e-04	-1.00e-02	0.00	0.00e+00	0.3000	8.33e-15	69
0.310	4.44e-05	0.0	1.40e-04	3.47e-18	0.00	0.00e+00	0.3000	8.33e-15	69
0.310	4.44e-05	0.0	1.40e-04	1.00e-02	0.00	0.00e+00	0.3000	8.33e-15	69
0.310	4.44e-05	0.0	1.40e-04	2.00e-02	0.00	0.00e+00	0.3000	8.33e-15	69
0.310	4.44e-05	0.0	1.40e-04	3.00e-02	0.00	0.00e+00	0.3000	8.33e-15	69
0.310	4.44e-05	0.0	1.40e-04	4.00e-02	0.00	0.00e+00	0.3000	8.33e-15	69
0.300	5.84e-05	0.0	1.39e-04	-5.00e-02	0.00	0.00e+00	0.3000	8.33e-15	70
0.300	5.84e-05	0.0	1.39e-04	-4.00e-02	0.00	0.00e+00	0.3000	8.33e-15	70
0.300	5.84e-05	0.0	1.39e-04	-3.00e-02	0.00	0.00e+00	0.3000	8.33e-15	70
0.300	5.84e-05	0.0	1.39e-04	-2.00e-02	0.00	0.00e+00	0.3000	8.33e-15	70
0.300	5.84e-05	0.0	1.39e-04	-1.00e-02	0.00	0.00e+00	0.3000	8.33e-15	70
0.300	5.84e-05	0.0	1.39e-04	3.47e-18	0.00	0.00e+00	0.3000	8.33e-15	70
0.300	5.84e-05	0.0	1.39e-04	1.00e-02	0.00	0.00e+00	0.3000	8.33e-15	70
0.300	5.84e-05	0.0	1.39e-04	2.00e-02	0.00	0.00e+00	0.3000	8.33e-15	70
0.300	5.84e-05	0.0	1.39e-04	3.00e-02	0.00	0.00e+00	0.3000	8.33e-15	70
0.300	5.84e-05	0.0	1.39e-04	4.00e-02	0.00	0.00e+00	0.3000	8.33e-15	70
0.290	7.23e-05	0.0	1.33e-04	-5.00e-02	0.00	0.00e+00	0.3000	8.33e-15	71
0.290	7.23e-05	0.0	1.33e-04	-4.00e-02	0.00	0.00e+00	0.3000	8.33e-15	71
0.290	7.23e-05	0.0	1.33e-04	-3.00e-02	0.00	0.00e+00	0.3000	8.33e-15	71
0.290	7.23e-05	0.0	1.33e-04	-2.00e-02	0.00	0.00e+00	0.3000	8.33e-15	71
0.290	7.23e-05	0.0	1.33e-04	-1.00e-02	0.00	0.00e+00	0.3000	8.33e-15	71
0.290	7.23e-05	0.0	1.33e-04	3.47e-18	0.00	0.00e+00	0.3000	8.33e-15	71
0.290	7.23e-05	0.0	1.33e-04	1.00e-02	0.00	0.00e+00	0.3000	8.33e-15	71
0.290	7.23e-05	0.0	1.33e-04	2.00e-02	0.00	0.00e+00	0.3000	8.33e-15	71
0.290	7.23e-05	0.0	1.33e-04	3.00e-02	0.00	0.00e+00	0.3000	8.33e-15	71
0.290	7.23e-05	0.0	1.33e-04	4.00e-02	0.00	0.00e+00	0.3000	8.33e-15	71
0.280	8.56e-05	0.0	1.23e-04	-5.00e-02	0.00	0.00e+00	0.3000	8.33e-15	72
0.280	8.56e-05	0.0	1.23e-04	-4.00e-02	0.00	0.00e+00	0.3000	8.33e-15	72
0.280	8.56e-05	0.0	1.23e-04	-3.00e-02	0.00	0.00e+00	0.3000	8.33e-15	72
0.280	8.56e-05	0.0	1.23e-04	-2.00e-02	0.00	0.00e+00	0.3000	8.33e-15	72
0.280	8.56e-05	0.0	1.23e-04	-1.00e-02	0.00	0.00e+00	0.3000	8.33e-15	72
0.280	8.56e-05	0.0	1.23e-04	3.47e-18	0.00	0.00e+00	0.3000	8.33e-15	72
0.280	8.56e-05	0.0	1.23e-04	1.00e-02	0.00	0.00e+00	0.3000	8.33e-15	72
0.280	8.56e-05	0.0	1.23e-04	2.00e-02	0.00	0.00e+00	0.3000	8.33e-15	72
0.280	8.56e-05	0.0	1.23e-04	3.00e-02	0.00	0.00e+00	0.3000	8.33e-15	72
0.280	8.56e-05	0.0	1.23e-04	4.00e-02	0.00	0.00e+00	0.3000	8.33e-15	72
0.270	9.79e-05	0.0	1.08e-04	-5.00e-02	0.00	0.00e+00	0.3000	8.33e-15	73
0.270	9.79e-05	0.0	1.08e-04	-4.00e-02	0.00	0.00e+00	0.3000	8.33e-15	73
0.270	9.79e-05	0.0	1.08e-04	-3.00e-02	0.00	0.00e+00	0.3000	8.33e-15	73
0.270	9.79e-05	0.0	1.08e-04	-2.00e-02	0.00	0.00e+00	0.3000	8.33e-15	73
0.270	9.79e-05	0.0	1.08e-04	-1.00e-02	0.00	0.00e+00	0.3000	8.33e-15	73
0.270	9.79e-05	0.0	1.08e-04	3.47e-18	0.00	0.00e+00	0.3000	8.33e-15	73
0.270	9.79e-05	0.0	1.08e-04	1.00e-02	0.00	0.00e+00	0.3000	8.33e-15	73
0.270	9.79e-05	0.0	1.08e-04	2.00e-02	0.00	0.00e+00	0.3000	8.33e-15	73
0.270	9.79e-05	0.0	1.08e-04	3.00e-02	0.00	0.00e+00	0.3000	8.33e-15	73
0.270	9.79e-05	0.0	1.08e-04	4.00e-02	0.00	0.00e+00	0.3000	8.33e-15	73
0.260	1.09e-04	0.0	8.92e-05	-5.00e-02	0.00	0.00e+00	0.3000	8.33e-15	74
0.260	1.09e-04	0.0	8.92e-05	-4.00e-02	0.00	0.00e+00	0.3000	8.33e-15	74
0.260	1.09e-04	0.0	8.92e-05	-3.00e-02	0.00	0.00e+00	0.3000	8.33e-15	74
0.260	1.09e-04	0.0	8.92e-05	-2.00e-02	0.00	0.00e+00	0.3000	8.33e-15	74
0.260	1.09e-04	0.0	8.92e-05	-1.00e-02	0.00	0.00e+00	0.3000	8.33e-15	74
0.260	1.09e-04	0.0	8.92e-05	3.47e-18	0.00	0.00e+00	0.3000	8.33e-15	74
0.260	1.09e-04	0.0	8.92e-05	1.00e-02	0.00	0.00e+00	0.3000	8.33e-15	74
0.260	1.09e-04	0.0	8.92e-05	2.00e-02	0.00	0.00e+00	0.3000	8.33e-15	74
0.260	1.09e-04	0.0	8.92e-05	3.00e-02	0.00	0.00e+00	0.3000	8.33e-15	74
0.260	1.09e-04	0.0	8.92e-05	4.00e-02	0.00	0.00e+00	0.3000	8.33e-15	74
0.250	1.18e-04	0.0	6.56e-05	-5.00e-02	0.00	0.00e+00	0.3000	8.33e-15	75
0.250	1.18e-04	0.0	6.56e-05	-4.00e-02	0.00	0.00e+00	0.3000	8.33e-15	75
0.250	1.18e-04	0.0	6.56e-05	-3.00e-02	0.00	0.00e+00	0.3000	8.33e-15	75
0.250	1.18e-04	0.0	6.56e-05	-2.00e-02	0.00	0.00e+00	0.3000	8.33e-15	75
0.250	1.18e-04	0.0	6.56e-05	-1.00e-02	0.00	0.00e+00	0.3000	8.33e-15	75
0.250	1.18e-04	0.0	6.56e-05	3.47e-18	0.00	0.00e+00	0.3000	8.33e-15	75
0.250	1.18e-04	0.0	6.56e-05	1.00e-02	0.00	0.00e+00	0.3000	8.33e-15	75
0.250	1.18e-04	0.0	6.56e-05	2.00e-02	0.00	0.00e+00	0.3000	8.33e-15	75
0.250	1.18e-04	0.0	6.56e-05	3.00e-02	0.00	0.00e+00	0.3000	8.33e-15	75
0.250	1.18e-04	0.0	6.56e-05	4.00e-02	0.00	0.00e+00	0.3000	8.33e-15	75
0.240	1.24e-04	0.0	3.78e-05	-5.00e-02	0.00	0.00e+00	0.3000	8.33e-15	76
0.240	1.24e-04	0.0	3.78e-05	-4.00e-02	0.00	0.00e+00	0.3000	8.33e-15	76
0.240	1.24e-04	0.0	3.78e-05	-3.00e-02	0.00	0.00e+00	0.3000	8.33e-15	76
0.240	1.24e-04	0.0	3.78e-05	-2.00e-02	0.00	0.00e+00	0.3000	8.33e-15	76
0.240	1.24e-04	0.0	3.78e-05	-1.00e-02	0.00	0.00e+00	0.3000	8.33e-15	76
0.240	1.24e-04	0.0	3.78e-05	3.47e-18	0.00	0.00e+00	0.3000	8.33e-15	76
0.240	1.24e-04	0.0	3.78e-05	1.00e-02	0.00	0.00e+00	0.3000	8.33e-15	76
0.240	1.24e-04	0.0	3.78e-05	2.00e-02	0.00	0.00e+00	0.3000	8.33e-15	76
0.240	1.24e-04	0.0	3.78e-05	3.00e-02	0.00	0.00e+00	0.3000	8.33e-15	76
0.240	1.24e-04	0.0	3.78e-05	4.00e-02	0.00	0.00e+00	0.3000	8.33e-15	76
0.230	1.28e-04	0.0	6.27e-06	-5.00e-02	0.00	0.00e+00	0.3000	8.33e-15	77
0.230	1.28e-04	0.0	6.27e-06	-4.00e-02	0.00	0.00e+00	0.3000	8.33e-15	77
0.230	1.28e-04	0.0	6.27e-06	-3.00e-02	0.00	0.00e+00	0.3000	8.33e-15	77
0.230	1.28e-04	0.0	6.27e-06	-2.00e-02	0.00	0.00e+00	0.3000	8.33e-15	77
0.230	1.28e-04	0.0	6.27e-06	-1.00e-02	0.00	0.00e+00	0.3000	8.33e-15	77
0.230	1.28e-04	0.0	6.27e-06	3.47e-18	0.00	0.00e+00	0.3000	8.33e-15	77
0.230	1.28e-04	0.0	6.27e-06	1.00e-02	0.00	0.00e+00	0.3000	8.33e-15	77
0.230	1.28e-04	0.0	6.27e-06	2.00e-02	0.00	0.00e+00	0.3000	8.33e-15	77
0.230	1.28e-04	0.0	6.27e-06	3.00e-02	0.00	0.00e+00	0.3000	8.33e-15	77
0.230	1.28e-04	0.0	6.27e-06	4.00e-02	0.00	0.00e+00	0.3000	8.33e-15	77
0.220	1.29e-04	0.0	-2.83e-05	-5.00e-02	0.00	0.00e+00	0.3000	8.33e-15	78
0.220	1.29e-04	0.0	-2.83e-05	-4.00e-02	0.00	0.00e+00	0.3000	8.33e-15	78
0.220	1.29e-04	0.0	-2.83e-05	-3.00e-02	0.00	0.00e+00	0.3000	8.33e-15	78
0.220	1.29e-04	0.0	-2.83e-05	-2.00e-02	0.00	0.00e+00	0.3000	8.33e-15	78
0.220	1.29e-04	0.0	-2.83e-05	-1.00e-02	0.00	0.00e+00	0.3000	8.33e-15	78
0.220	1.29e-04	0.0	-2.83e-05	3.47e-18	0.00	0.00e+00	0.3000	8.33e-15	78
0.220	1.29e-04	0.0	-2.83e-05	1.00e-02	0.00	0.00e+00	0.3000	8.33e-15	78
0.220	1.29e-04	0.0	-2.83e-05	2.00e-02	0.00	0.00e+00	0.3000	8.33e-15	78
0.220	1.29e-04	0.0	-2.83e-05	3.00e-02	0.00	0.00e+00	0.3000	8.33e-15	78
0.220	1.29e-04	0.0	-2.83e-05	4.00e-02	0.00	0.00e+00	0.3000	8.33e-15	78
0.210	1.26e-04	0.0	-6.50e-05	-5.00e-02	0.00	0.00e+00	0.3000	8.33e-15	79
0.210	1.26e-04	0.0	-6.50e-05	-4.00e-02	0.00	0.00e+00	0.3000	8.33e-15	79
0.210	1.26e-04	0.0	-6.50e-05	-3.00e-02	0.00	0.00e+00	0.3000	8.33e-15	79
0.210	1.26e-04	0.0	-6.50e-05	-2.00e-02	0.00	0.00e+00	0.3000	8.33e-15	79
0.210	1.26e-04	0.0	-6.50e-05	-1.00e-02	0.00	0.00e+00	0.3000	8.33e-15	79
0.210	1.26e-04	0.0	-6.50e-05	3.47e-18	0.00	0.00e+00	0.3000	8.33e-15	79
0.210	1.26e-04	0.0	-6.50e-05	1.00e-02	0.00	0.00e+00	0.3000	8.33e-15	79
0.210	1.26e-04	0.0	-6.50e-05	2.00e-02	0.00	0.00e+00	0.3000	8.33e-15	79
0.210	1.26e-04	0.0	-6.50e-05	3.00e-02	0.00	0.00e+00	0.3000	8.33e-15	79
0.210	1.26e-04	0.0	-6.50e-05	4.00e-02	0.00	0.00e+00	0.3000	8.33e-15	79
0.200	1.19e-04	0.0	-1.03e-04	-5.00e-02	0.00	0.00e+00	0.3000	8.33e-15	80
0.200	1.19e-04	0.0	-1.03e-04	-4.00e-02	0.00	0.00e+00	0.3000	8.33e-15	80
0.200	1.19e-04	0.0	-1.03e-04	-3.00e-02	0.00	0.00e+00	0.3000	8.33e-15	80
0.200	1.19e-04	0.0	-1.03e-04	-2.00e-02	0.00	0.00e+00	0.3000	8.33e-15	80
0.200	1.19e-04	0.0	-1.03e-04	-1.00e-02	0.00	0.00e+00	0.3000	8.33e-15	80
0.200	1.19e-04	0.0	-1.03e-04	3.47e-18	0.00	0.00e+00	0.3000	8.33e-15	80
0.200	1.19e-04	0.0	-1.03e-04	1.00e-02	0.00	0.00e+00	0.3000	8.33e-15	80
0.200	1.19e-04	0.0	-1.03e-04	2.00e-02	0.00	0.00e+00	0.3000	8.33e-15	80
0.200	1.19e-04	0.0	-1.03e-04	3.00e-02	0.00	0.00e+00	0.3000	8.33e-15	80
0.200	1.19e-04	0.0	-1.03e-04	4.00e-02	0.00	0.00e+00	0.3000	8.33e-15	80
0.190	1.09e-04	0.0	-1.42e-04	-5.00e-02	0.00	0.00e+00	0.3000	8.33e-15	81
0.190	1.09e-04	0.0	-1.42e-04	-4.00e-02	0.00	0.00e+00	0.3000	8.33e-15	81
0.190	1.09e-04	0.0	-1.42e-04	-3.00e-02	0.00	0.00e+00	0.3000	8.33e-15	81
0.190	1.09e-04	0.0	-1.42e-04	-2.00e-02	0.00	0.00e+00	0.3000	8.33e-15	81
0.190	1.09e-04	0.0	-1.42e-04	-1.00e-02	0.00	0.00e+00	0.3000	8.33e-15	81
0.190	1.09e-04	0.0	-1.42e-04	3.47e-18	0.00	0.00e+00	0.3000	8.33e-15	81
0.190	1.09e-04	0.0	-1.42e-04	1.00e-02	0.00	0.00e+00	0.3000	8.33e-15	81
0.190	1.09e-04	0.0	-1.42e-04	2.00e-02	0.00	0.00e+00	0.3000	8.33e-15	81
0.190	1.09e-04	0.0	-1.42e-04	3.00e-02	0.00	0.00e+00	0.3000	8.33e-15	81
0.190	1.09e-04	0.0	-1.42e-04	4.00e-02	0.00	0.00e+00	0.3000	8.33e-15	81
0.180	9.48e-05	0.0	-1.79e-04	-5.00e-02	0.00	0.00e+00	0.3000	8.33e-15	82
0.180	9.48e-05	0.0	-1.79e-04	-4.00e-02	0.00	0.00e+00	0.3000	8.33e-15	82
0.180	9.48e-05	0.0	-1.79e-04	-3.00e-02	0.00	0.00e+00	0.3000	8.33e-15	82
0.180	9.48e-05	0.0	-1.79e-04	-2.00e-02	0.00	0.00e+00	0.3000	8.33e-15	82
0.180	9.48e-05	0.0	-1.79e-04	-1.00e-02	0.00	0.00e+00	0.3000	8.33e-15	82
0.180	9.48e-05	0.0	-1.79e-04	3.47e-18	0.00	0.00e+00	0.3000	8.33e-15	82
0.180	9.48e-05	0.0	-1.79e-04	1.00e-02	0.00	0.00e+00	0.3000	8.33e-15	82
0.180	9.48e-05	0.0	-1.79e-04	2.00e-02	0.00	0.00e+00	0.3000	8.33e-15	82
0.180	9.48e-05	0.0	-1.79e-04	3.00e-02	0.00	0.00e+00	0.3000	8.33e-15	82
0.180	9.48e-05	0.0	-1.79e-04	4.00e-02	0.00	0.00e+00	0.3000	8.33e-15	82
0.170	7.69e-05	0.0	-2.14e-04	-5.00e-02	0.00	0.00e+00	0.3000	8.33e-15	83
0.170	7.69e-05	0.0	-2.14e-04	-4.00e-02	0.00	0.00e+00	0.3000	8.33e-15	83
0.170	7.69e-05	0.0	-2.14e-04	-3.00e-02	0.00	0.00e+00	0.3000	8.33e-15	83
0.170	7.69e-05	0.0	-2.14e-04	-2.00e-02	0.00	0.00e+00	0.3000	8.33e-15	83
0.170	7.69e-05	0.0	-2.14e-04	-1.00e-02	0.00	0.00e+00	0.3000	8.33e-15	83
0.170	7.69e-05	0.0	-2.14e-04	3.47e-18	0.00	0.00e+00	0.3000	8.33e-15	83
0.170	7.69e-05	0.0	-2.14e-04	1.00e-02	0.00	0.00e+00	0.3000	8.33e-15	83
0.170	7.69e-05	0.0	-2.14e-04	2.00e-02	0.00	0.00e+00	0.3000	8.33e-15	83
0.170	7.69e-05	0.0	-2.14e-04	3.00e-02	0.00	0.00e+00	0.3000	8.33e-15	83
0.170	7.69e-05	0.0	-2.14e-04	4.00e-02	0.00	0.00e+00	0.3000	8.33e-15	83
0.160	5.55e-05	0.0	-2.46e-04	-5.00e-02	0.00	0.00e+00	0.3000	8.33e-15	84
0.160	5.55e-05	0.0	-2.46e-04	-4.00e-02	0.00	0.00e+00	0.3000	8.33e-15	84
0.160	5.55e-05	0.0	-2.46e-04	-3.00e-02	0.00	0.00e+00	0.3000	8.33e-15	84
0.160	5.55e-05	0.0	-2.46e-04	-2.00e-02	0.00	0.00e+00	0.3000	8.33e-15	84
0.160	5.55e-05	0.0	-2.46e-04	-1.00e-02	0.00	0.00e+00	0.3000	8.33e-15	84
0.160	5.55e-05	0.0	-2.46e-04	3.47e-18	0.00	0.00e+00	0.3000	8.33e-15	84
0.160	5.55e-05	0.0	-2.46e-04	1.00e-02	0.00	0.00e+00	0.3000	8.33e-15	84
0.160	5.55e-05	0.0	-2.46e-04	2.00e-02	0.00	0.00e+00	0.3000	8.33e-15	84
0.160	5.55e-05	0.0	-2.46e-04	3.00e-02	0.00	0.00e+00	0.3000	8.33e-15	84
0.160	5.55e-05	0.0	-2.46e-04	4.00e-02	0.00	0.00e+00	0.3000	8.33e-15	84
0.150	3.08e-05	0.0	-2.74e-04	-5.00e-02	0.00	0.00e+00	0.3000	8.33e-15	85
0.150	3.08e-05	0.0	-2.74e-04	-4.00e-02	0.00	0.00e+00	0.3000	8.33e-15	85
0.150	3.08e-05	0.0	-2.74e-04	-3.00e-02	0.00	0.00e+00	0.3000	8.33e-15	85
0.150	3.08e-05	0.0	-2.74e-04	-2.00e-02	0.00	0.00e+00	0.3000	8.33e-15	85
0.150	3.08e-05	0.0	-2.74e-04	-1.00e-02	0.00	0.00e+00	0.3000	8.33e-15	85
0.150	3.08e-05	0.0	-2.74e-04	3.47e-18	0.00	0.00e+00	0.3000	8.33e-15	85
0.150	3.08e-05	0.0	-2.74e-04	1.00e-02	0.00	0.00e+00	0.3000	8.33e-15	85
0.150	3.08e-05	0.0	-2.74e-04	2.00e-02	0.00	0.00e+00	0.3000	8.33e-15	85
0.150	3.08e-05	0.0	-2.74e-04	3.00e-02	0.00	0.00e+00	0.3000	8.33e-15	85
0.150	3.08e-05	0.0	-2.74e-04	4.00e-02	0.00	0.00e+00	0.3000	8.33e-15	85
0.140	3.49e-06	0.0	-2.95e-04	-5.00e-02	0.00	0.00e+00	0.3000	8.33e-15	86
0.140	3.49e-06	0.0	-2.95e-04	-4.00e-02	0.00	0.00e+00	0.3000	8.33e-15	86
0.140	3.49e-06	0.0	-2.95e-04	-3.00e-02	0.00	0.00e+00	0.3000	8.33e-15	86
0.140	3.49e-06	0.0	-2.95e-04	-2.00e-02	0.00	0.00e+00	0.3000	8.33e-15	86
0.140	3.49e-06	0.0	-2.95e-04	-1.00e-02	0.00	0.00e+00	0.3000	8.33e-15	86
0.140	3.49e-06	0.0	-2.95e-04	3.47e-18	0.00	0.00e+00	0.3000	8.33e-15	86
0.140	3.49e-06	0.0	-2.95e-04	1.00e-02	0.00	0.00e+00	0.3000	8.33e-15	86
0.140	3.49e-06	0.0	-2.95e-04	2.00e-02	0.00	0.00e+00	0.3000	8.33e-15	86
0.140	3.49e-06	0.0	-2.95e-04	3.00e-02	0.00	0.00e+00	0.3000	8.33e-15	86
0.140	3.49e-06	0.0	-2.95e-04	4.00e-02	0.00	0.00e+00	0.3000	8.33e-15	86
0.130	-2.60e-05	0.0	-3.09e-04	-5.00e-02	0.00	0.00e+00	0.3000	8.33e-15	87
0.130	-2.60e-05	0.0	-3.09e-04	-4.00e-02	0.00	0.00e+00	0.3000	8.33e-15	87
0.130	-2.60e-05	0.0	-3.09e-04	-3.00e-02	0.00	0.00e+00	0.3000	8.33e-15	87
0.130	-2.60e-05	0.0	-3.09e-04	-2.00e-02	0.00	0.00e+00	0.3000	8.33e-15	87
0.130	-2.60e-05	0.0	-3.09e-04	-1.00e-02	0.00	0.00e+00	0.3000	8.33e-15	87
0.130	-2.60e-05	0.0	-3.09e-04	3.47e-18	0.00	0.00e+00	0.3000	8.33e-15	87
0.130	-2.60e-05	0.0	-3.09e-04	1.00e-02	0.00	0.00e+00	0.3000	8.33e-15	87
0.130	-2.60e-05	0.0	-3.09e-04	2.00e-02	0.00	0.00e+00	0.3000	8.33e-15	87
0.130	-2.60e-05	0.0	-3.09e-04	3.00e-02	0.00	0.00e+00	0.3000	8.33e-15	87
0.130	-2.60e-05	0.0	-3.09e-04	4.00e-02	0.00	0.00e+00	0.3000	8.33e-15	87
0.120	-5.69e-05	0.0	-3.15e-04	-5.00e-02	0.00	0.00e+00	0.3000	8.33e-15	88
0.120	-5.69e-05	0.0	-3.15e-04	-4.00e-02	0.00	0.00e+00	0.3000	8.33e-15	88
0.120	-5.69e-05	0.0	-3.15e-04	-3.00e-02	0.00	0.00e+00	0.3000	8.33e-15	88
0.120	-5.69e-05	0.0	-3.15e-04	-2.00e-02	0.00	0.00e+00	0.3000	8.33e-15	88
0.120	-5.69e-05	0.0	-3.15e-04	-1.00e-02	0.00	0.00e+00	0.3000	8.33e-15	88
0.120	-5.69e-05	0.0	-3.15e-04	3.47e-18	0.00	0.00e+00	0.3000	8.33e-15	88
0.120	-5.69e-05	0.0	-3.15e-04	1.00e-02	0.00	0.00e+00	0.3000	8.33e-15	88
0.120	-5.69e-05	0.0	-3.15e-04	2.00e-02	0.00	0.00e+00	0.3000	8.33e-15	88
0.120	-5.69e-05	0.0	-3.15e-04	3.00e-02	0.00	0.00e+00	0.3000	8.33e-15	88
0.120	-5.69e-05	0.0	-3.15e-04	4.00e-02	0.00	0.00e+00	0.3000	8.33e-15	88
0.110	-8.84e-05	0.0	-3.12e-04	-5.00e-02	0.00	0.00e+00	0.3000	8.33e-15	89
0.110	-8.84e-05	0.0	-3.12e-04	-4.00e-02	0.00	0.00e+00	0.3000	8.33e-15	89
0.110	-8.84e-05	0.0	-3.12e-04	-3.00e-02	0.00	0.00e+00	0.3000	8.33e-15	89
0.110	-8.84e-05	0.0	-3.12e-04	-2.00e-02	0.00	0.00e+00	0.3000	8.33e-15	89
0.110	-8.84e-05	0.0	-3.12e-04	-1.00e-02	0.00	0.00e+00	0.3000	8.33e-15	89
0.110	-8.84e-05	0.0	-3.12e-04	3.47e-18	0.00	0.00e+00	0.3000	8.33e-15	89
0.110	-8.84e-05	0.0	-3.12e-04	1.00e-02	0.00	0.00e+00	0.3000	8.33e-15	89
0.110	-8.84e-05	0.0	-3.12e-04	2.00e-02	0.00	0.00e+00	0.3000	8.33e-15	89
0.110	-8.84e-05	0.0	-3.12e-04	3.00e-02	0.00	0.00e+00	0.3000	8.33e-15	89
0.110	-8.84e-05	0.0	-3.12e-04	4.00e-02	0.00	0.00e+00	0.3000	8.33e-15	89
0.100	-1.20e-04	0.0	-3.00e-04	-5.00e-02	0.00	0.00e+00	0.3000	8.33e-15	90
0.100	-1.20e-04	0.0	-3.00e-04	-4.00e-02	0.00	0.00e+00	0.3000	8.33e-15	90
0.100	-1.20e-04	0.0	-3.00e-04	-3.00e-02	0.00	0.00e+00	0.3000	8.33e-15	90
0.100	-1.20e-04	0.0	-3.00e-04	-2.00e-02	0.00	0.00e+00	0.3000	8.33e-15	90
0.100	-1.20e-04	0.0	-3.00e-04	-1.00e-02	0.00	0.00e+00	0.3000	8.33e-15	90
0.100	-1.20e-04	0.0	-3.00e-04	3.47e-18	0.00	0.00e+00	0.3000	8.33e-15	90
0.100	-1.20e-04	0.0	-3.00e-04	1.00e-02	0.00	0.00e+00	0.3000	8.33e-15	90
0.100	-1.20e-04	0.0	-3.00e-04	2.00e-02	0.00	0.00e+00	0.3000	8.33e-15	90
0.100	-1.20e-04	0.0	-3.00e-04	3.00e-02	0.00	0.00e+00	0.3000	8.33e-15	90
0.100	-1.20e-04	0.0	-3.00e-04	4.00e-02	0.00	0.00e+00	0.3000	8.33e-15	90
0.090	-1.50e-04	0.0	-2.77e-04	-5.00e-02	0.00	0.00e+00	0.3000	8.33e-15	91
0.090	-1.50e-04	0.0	-2.77e-04	-4.00e-02	0.00	0.00e+00	0.3000	8.33e-15	91
0.090	-1.50e-04	0.0	-2.77e-04	-3.00e-02	0.00	0.00e+00	0.3000	8.33e-15	91
0.090	-1.50e-04	0.0	-2.77e-04	-2.00e-02	0.00	0.00e+00	0.3000	8.33e-15	91
0.090	-1.50e-04	0.0	-2.77e-04	-1.00e-02	0.00	0.00e+00	0.3000	8.33e-15	91
0.090	-1.50e-04	0.0	-2.77e-04	3.47e-18	0.00	0.00e+00	0.3000	8.33e-15	91
0.090	-1.50e-04	0.0	-2.77e-04	1.00e-02	0.00	0.00e+00	0.3000	8.33e-15	91
0.090	-1.50e-04	0.0	-2.77e-04	2.00e-02	0.00	0.00e+00	0.3000	8.33e-15	91
0.090	-1.50e-04	0.0	-2.77e-04	3.00e-02	0.00	0.00e+00	0.3000	8.33e-15	91
0.090	-1.50e-04	0.0	-2.77e-04	4.00e-02	0.00	0.00e+00	0.3000	8.33e-15	91
0.080	-1.77e-04	0.0	-2.44e-04	-5.00e-02	0.00	0.00e+00	0.3000	8.33e-15	92
0.080	-1.77e-04	0.0	-2.44e-04	-4.00e-02	0.00	0.00e+00	0.3000	8.33e-15	92
0.080	-1.77e-04	0.0	-2.44e-04	-3.00e-02	0.00	0.00e+00	0.3000	8.33e-15	92
0.080	-1.77e-04	0.0	-2.44e-04	-2.00e-02	0.00	0.00e+00	0.3000	8.33e-15	92
0.080	-1.77e-04	0.0	-2.44e-04	-1.00e-02	0.00	0.00e+00	0.3000	8.33e-15	92
0.080	-1.77e-04	0.0	-2.44e-04	3.47e-18	0.00	0.00e+00	0.3000	8.33e-15	92
0.080	-1.77e-04	0.0	-2.44e-04	1.00e-02	0.00	0.00e+00	0.3000	8.33e-15	92
0.080	-1.77e-04	0.0	-2.44e-04	2.00e-02	0.00	0.00e+00	0.3000	8.33e-15	92
0.080	-1.77e-04	0.0	-2.44e-04	3.00e-02	0.00	0.00e+00	0.3000	8.33e-15	92
0.080	-1.77e-04	0.0	-2.44e-04	4.00e-02	0.00	0.00e+00	0.3000	8.33e-15	92
0.070	-2.02e-04	0.0	-2.02e-04	-5.00e-02	0.00	0.00e+00	0.3000	8.33e-15	93
0.070	-2.02e-04	0.0	-2.02e-04	-4.00e-02	0.00	0.00e+00	0.3000	8.33e-15	93
0.070	-2.02e-04	0.0	-2.02e-04	-3.00e-02	0.00	0.00e+00	0.3000	8.33e-15	93
0.070	-2.02e-04	0.0	-2.02e-04	-2.00e-02	0.00	0.00e+00	0.3000	8.33e-15	93
0.070	-2.02e-04	0.0	-2.02e-04	-1.00e-02	0.00	0.00e+00	0.3000	8.33e-15	93
0.070	-2.02e-04	0.0	-2.02e-04	3.47e-18	0.00	0.00e+00	0.3000	8.33e-15	93
0.070	-2.02e-04	0.0	-2.02e-04	1.00e-02	0.00	0.00e+00	0.3000	8.33e-15	93
0.070	-2.02e-04	0.0	-2.02e-04	2.00e-02	0.00	0.00e+00	0.3000	8.33e-15	93
0.070	-2.02e-04	0.0	-2.02e-04	3.00e-02	0.00	0.00e+00	0.3000	8.33e-15	93
0.070	-2.02e-04	0.0	-2.02e-04	4.00e-02	0.00	0.00e+00	0.3000	8.33e-15	93
0.060	-2.22e-04	0.0	-1.50e-04	-5.00e-02	0.00	0.00e+00	0.3000	8.33e-15	94
0.060	-2.22e-04	0.0	-1.50e-04	-4.00e-02	0.00	0.00e+00	0.3000	8.33e-15	94
0.060	-2.22e-04	0.0	-1.50e-04	-3.00e-02	0.00	0.00e+00	0.3000	8.33e-15	94
0.060	-2.22e-04	0.0	-1.50e-04	-2.00e-02	0.00	0.00e+00	0.3000	8.33e-15	94
0.060	-2.22e-04	0.0	-1.50e-04	-1.00e-02	0.00	0.00e+00	0.3000	8.33e-15	94
0.060	-2.22e-04	0.0	-1.50e-04	3.47e-18	0.00	0.00e+00	0.3000	8.33e-15	94
0.060	-2.22e-04	0.0	-1.50e-04	1.00e-02	0.00	0.00e+00	0.3000	8.33e-15	94
0.060	-2.22e-04	0.0	-1.50e-04	2.00e-02	0.00	0.00e+00	0.3000	8.33e-15	94
0.060	-2.22e-04	0.0	-1.50e-04	3.00e-02	0.00	0.00e+00	0.3000	8.33e-15	94
0.060	-2.22e-04	0.0	-1.50e-04	4.00e-02	0.00	0.00e+00	0.3000	8.33e-15	94
0.050	-2.37e-04	0.0	-8.94e-05	-5.00e-02	0.00	0.00e+00	0.3000	8.33e-15	95
0.050	-2.37e-04	0.0	-8.94e-05	-4.00e-02	0.00	0.00e+00	0.3000	8.33e-15	95
0.050	-2.37e-04	0.0	-8.94e-05	-3.00e-02	0.00	0.00e+00	0.3000	8.33e-15	95
0.050	-2.37e-04	0.0	-8.94e-05	-2.00e-02	0.00	0.00e+00	0.3000	8.33e-15	95
0.050	-2.37e-04	0.0	-8.94e-05	-1.00e-02	0.00	0.00e+00	0.3000	8.33e-15	95
0.050	-2.37e-04	0.0	-8.94e-05	3.47e-18	0.00	0.00e+00	0.3000	8.33e-15	95
0.050	-2.37e-04	0.0	-8.94e-05	1.00e-02	0.00	0.00e+00	0.3000	8.33e-15	95
0.050	-2.37e-04	0.0	-8.94e-05	2.00e-02	0.00	0.00e+00	0.3000	8.33e-15	95
0.050	-2.37e-04	0.0	-8.94e-05	3.00e-02	0.00	0.00e+00	0.3000	8.33e-15	95
0.050	-2.37e-04	0.0	-8.94e-05	4.00e-02	0.00	0.00e+00	0.3000	8.33e-15	95
0.040	-2.46e-04	0.0	-2.16e-05	-5.00e-02	0.00	0.00e+00	0.3000	8.33e-15	96
0.040	-2.46e-04	0.0	-2.16e-05	-4.00e-02	0.00	0.00e+00	0.3000	8.33e-15	96
0.040	-2.46e-04	0.0	-2.16e-05	-3.00e-02	0.00	0.00e+00	0.3000	8.33e-15	96
0.040	-2.46e-04	0.0	-2.16e-05	-2.00e-02	0.00	0.00e+00	0.3000	8.33e-15	96
0.040	-2.46e-04	0.0	-2.16e-05	-1.00e-02	0.00	0.00e+00	0.3000	8.33e-15	96
0.040	-2.46e-04	0.0	-2.16e-05	3.47e-18	0.00	0.00e+00	0.3000	8.33e-15	96
0.040	-2.46e-04	0.0	-2.16e-05	1.00e-02	0.00	0.00e+00	0.3000	8.33e-15	96
0.040	-2.46e-04	0.0	-2.16e-05	2.00e-02	0.00	0.00e+00	0.3000	8.33e-15	96
0.040	-2.46e-04	0.0	-2.16e-05	3.00e-02	0.00	0.00e+00	0.3000	8.33e-15	96
0.040	-2.46e-04	0.0	-2.16e-05	4.00e-02	0.00	0.00e+00	0.3000	8.33e-15	96
0.030	-2.48e-04	0.0	5.19e-05	-5.00e-02	0.00	0.00e+00	0.3000	8.33e-15	97
0.030	-2.48e-04	0.0	5.19e-05	-4.00e-02	0.00	0.00e+00	0.3000	8.33e-15	97
0.030	-2.48e-04	0.0	5.19e-05	-3.00e-02	0.00	0.00e+00	0.3000	8.33e-15	97
0.030	-2.48e-04	0.0	5.19e-05	-2.00e-02	0.00	0.00e+00	0.3000	8.33e-15	97
0.030	-2.48e-04	0.0	5.19e-05	-1.00e-02	0.00	0.00e+00	0.3000	8.33e-15	97
0.030	-2.48e-04	0.0	5.19e-05	3.47e-18	0.00	0.00e+00	0.3000	8.33e-15	97
0.030	-2.48e-04	0.0	5.19e-05	1.00e-02	0.00	0.00e+00	0.3000	8.33e-15	97
0.030	-2.48e-04	0.0	5.19e-05	2.00e-02	0.00	0.00e+00	0.3000	8.33e-15	97
0.030	-2.48e-04	0.0	5.19e-05	3.00e-02	0.00	0.00e+00	0.3000	8.33e-15	97
0.030	-2.48e-04	0.0	5.19e-05	4.00e-02	0.00	0.00e+00	0.3000	8.33e-15	97
0.020	-2.43e-04	0.0	1.29e-04	-5.00e-02	0.00	0.00e+00	0.3000	8.33e-15	98
0.020	-2.43e-04	0.0	1.29e-04	-4.00e-02	0.00	0.00e+00	0.3000	8.33e-15	98
0.020	-2.43e-04	0.0	1.29e-04	-3.00e-02	0.00	0.00e+00	0.3000	8.33e-15	98
0.020	-2.43e-04	0.0	1.29e-04	-2.00e-02	0.00	0.00e+00	0.3000	8.33e-15	98
0.020	-2.43e-04	0.0	1.29e-04	-1.00e-02	0.00	0.00e+00	0.3000	8.33e-15	98
0.020	-2.43e-04	0.0	1.29e-04	3.47e-18	0.00	0.00e+00	0.3000	8.33e-15	98
0.020	-2.43e-04	0.0	1.29e-04	1.00e-02	0.00	0.00e+00	0.3000	8.33e-15	98
0.020	-2.43e-04	0.0	1.29e-04	2.00e-02	0.00	0.00e+00	0.3000	8.33e-15	98
0.020	-2.43e-04	0.0	1.29e-04	3.00e-02	0.00	0.00e+00	0.3000	8.33e-15	98
0.020	-2.43e-04	0.0	1.29e-04	4.00e-02	0.00	0.00e+00	0.3000	8.33e-15	98
0.010	-2.30e-04	0.0	2.13e-04	-5.00e-02	0.00	0.00e+00	0.3000	8.33e-15	99
0.010	-2.30e-04	0.0	2.13e-04	-4.00e-02	0.00	0.00e+00	0.3000	8.33e-15	99
0.010	-2.30e-04	0.0	2.13e-04	-3.00e-02	0.00	0.00e+00	0.3000	8.33e-15	99
0.010	-2.30e-04	0.0	2.13e-04	-2.00e-02	0.00	0.00e+00	0.3000	8.33e-15	99
0.010	-2.30e-04	0.0	2.13e-04	-1.00e-02	0.00	0.00e+00	0.3000	8.33e-15	99
0.010	-2.30e-04	0.0	2.13e-04	3.47e-18	0.00	0.00e+00	0.3000	8.33e-15	99
0.010	-2.30e-04	0.0	2.13e-04	1.00e-02	0.00	0.00e+00	0.3000	8.33e-15	99
0.010	-2.30e-04	0.0	2.13e-04	2.00e-02	0.00	0.00e+00	0.3000	8.33e-15	99
0.010	-2.30e-04	0.0	2.13e-04	3.00e-02	0.00	0.00e+00	0.3000	8.33e-15	99
0.010	-2.30e-04	0.0	2.13e-04	4.00e-02	0.00	0.00e+00	0.3000	8.33e-15	99
