1.000	0.00e+00	0.0	0.00e+00	-5.00e-04	0.00	-0.00e+00	4.6314	8.33e-17	0
0.981	-6.71e-05	0.0	-1.75e-12	-5.00e-04	0.00	-0.00e+00	4.6314	8.33e-17	19
0.962	-2.76e-04	0.0	-3.51e-12	-5.00e-04	0.00	-0.00e+00	4.6314	8.33e-17	38
0.943	-6.27e-04	0.0	-5.27e-12	-5.00e-04	0.00	-0.00e+00	4.6314	8.33e-17	57
0.924	-1.12e-03	0.0	-7.03e-12	-5.00e-04	0.00	-0.00e+00	4.6314	8.33e-17	76
0.905	-1.76e-03	0.0	-8.79e-12	-5.00e-04	0.00	-0.00e+00	4.6314	8.33e-17	95
0.886	-2.54e-03	0.0	-1.06e-11	-5.00e-04	0.00	-0.00e+00	4.6314	8.33e-17	114
0.867	-3.46e-03	0.0	-1.23e-11	-5.00e-04	0.00	-0.00e+00	4.6314	8.33e-17	133
0.848	-4.53e-03	0.0	-1.41e-11	-5.00e-04	0.00	-0.00e+00	4.6314	8.33e-17	152
0.829	-5.74e-03	0.0	-1.59e-11	-5.00e-04	0.00	-0.00e+00	4.6314	8.33e-17	171
0.810	-7.09e-03	0.0	-1.77e-11	-5.00e-04	0.00	-0.00e+00	4.6314	8.33e-17	190
0.791	-8.59e-03	0.0	-1.95e-11	-5.00e-04	0.00	-0.00e+00	4.6314	8.33e-17	209
0.772	-1.02e-02	0.0	-2.13e-11	-5.00e-04	0.00	-0.00e+00	4.6314	8.33e-17	228
0.753	-1.20e-02	0.0	-2.30e-11	-5.00e-04	0.00	-0.00e+00	4.6314	8.33e-17	247
0.734	-1.40e-02	0.0	-2.48e-11	-5.00e-04	0.00	-0.00e+00	4.6314	8.33e-17	266
0.715	-1.60e-02	0.0	-2.66e-11	-5.00e-04	0.00	-0.00e+00	4.6314	8.33e-17	285
0.696	-1.83e-02	0.0	-2.84e-11	-5.00e-04	0.00	-0.00e+00	4.6314	8.33e-17	304
0.677	-2.06e-02	0.0	-3.03e-11	-5.00e-04	0.00	-0.00e+00	4.6314	8.33e-17	323
0.658	-2.31e-02	0.0	-3.21e-11	-5.00e-04	0.00	-0.00e+00	4.6314	8.33e-17	342
0.639	-2.58e-02	0.0	-3.39e-11	-5.00e-04	0.00	-0.00e+00	4.6314	8.33e-17	361
0.620	-2.86e-02	0.0	-3.57e-11	-5.00e-04	0.00	-0.00e+00	4.6314	8.33e-17	380
0.601	-3.16e-02	0.0	-3.75e-11	-5.00e-04	0.00	-0.00e+00	4.6314	8.33e-17	399
0.582	-3.47e-02	0.0	-3.93e-11	-5.00e-04	0.00	-0.00e+00	4.6314	8.33e-17	418
0.563	-3.79e-02	0.0	-4.12e-11	-5.00e-04	0.00	-0.00e+00	4.6314	8.33e-17	437
0.544	-4.13e-02	0.0	-4.30e-11	-5.00e-04	0.00	-0.00e+00	4.6314	8.33e-17	456
0.525	-4.49e-02	0.0	-4.48e-11	-5.00e-04	0.00	-0.00e+00	4.6314	8.33e-17	475
0.506	-4.86e-02	0.0	-4.67e-11	-5.00e-04	0.00	-0.00e+00	4.6314	8.33e-17	494
0.487	-5.24e-02	0.0	-4.85e-11	-5.00e-04	0.00	-0.00e+00	4.6314	8.33e-17	513
0.468	-5.64e-02	0.0	-5.04e-11	-5.00e-04	0.00	-0.00e+00	4.6314	8.33e-17	532
0.449	-6.06e-02	0.0	-5.22e-11	-5.00e-04	0.00	-0.00e+00	4.6314	8.33e-17	551
0.430	-6.49e-02	0.0	-5.41e-11	-5.00e-04	0.00	-0.00e+00	4.6314	8.33e-17	570
0.411	-6.93e-02	0.0	-5.59e-11	-5.00e-04	0.00	-0.00e+00	4.6314	8.33e-17	589
0.392	-7.39e-02	0.0	-5.78e-11	-5.00e-04	0.00	-0.00e+00	4.6314	8.33e-17	608
0.373	-7.87e-02	0.0	-5.96e-11	-5.00e-04	0.00	-0.00e+00	4.6314	8.33e-17	627
0.354	-8.36e-02	0.0	-6.15e-11	-5.00e-04	0.00	-0.00e+00	4.6314	8.33e-17	646
0.335	-8.86e-02	0.0	-6.34e-11	-5.00e-04	0.00	-0.00e+00	4.6314	8.33e-17	665
0.316	-9.38e-02	0.0	-6.52e-11	-5.00e-04	0.00	-0.00e+00	4.6314	8.33e-17	684
0.297	-9.92e-02	0.0	-6.71e-11	-5.00e-04	0.00	-0.00e+00	4.6314	8.33e-17	703
0.278	-1.05e-01	0.0	-6.90e-11	-5.00e-04	0.00	-0.00e+00	4.6314	8.33e-17	722
0.259	-1.10e-01	0.0	-7.09e-11	-5.00e-04	0.00	-0.00e+00	4.6314	8.33e-17	741
0.240	-1.16e-01	0.0	-7.28e-11	-5.00e-04	0.00	-0.00e+00	4.6314	8.33e-17	760
0.221	-1.22e-01	0.0	-7.46e-11	-5.00e-04	0.00	-0.00e+00	4.6314	8.33e-17	779
0.202	-1.28e-01	0.0	-7.65e-11	-5.00e-04	0.00	-0.00e+00	4.6314	8.33e-17	798
0.183	-1.34e-01	0.0	-7.84e-11	-5.00e-04	0.00	-0.00e+00	4.6314	8.33e-17	817
0.164	-1.41e-01	0.0	-8.03e-11	-5.00e-04	0.00	-0.00e+00	4.6314	8.33e-17	836
0.145	-1.47e-01	0.0	-8.22e-11	-5.00e-04	0.00	-0.00e+00	4.6314	8.33e-17	855
0.126	-1.54e-01	0.0	-8.41e-11	-5.00e-04	0.00	-0.00e+00	4.6314	8.33e-17	874
0.107	-1.61e-01	0.0	-8.61e-11	-5.00e-04	0.00	-0.00e+00	4.6314	8.33e-17	893
0.088	-1.68e-01	0.0	-8.80e-11	-5.00e-04	0.00	-0.00e+00	4.6314	8.33e-17	912
0.069	-1.75e-01	0.0	-8.99e-11	-5.00e-04	0.00	-0.00e+00	4.6314	8.33e-17	931
0.050	-1.83e-01	0.0	-9.18e-11	-5.00e-04	0.00	-0.00e+00	4.6314	8.33e-17	950
0.031	-1.90e-01	0.0	-9.37e-11	-5.00e-04	0.00	-0.00e+00	4.6314	8.33e-17	969
0.012	-1.98e-01	0.0	-9.57e-11	-5.00e-04	0.00	-0.00e+00	4.6314	8.33e-17	988
