1.000	0.00e+00	0.0	0.00e+00	-5.00e-04	0.00	-9.77e+00	2.4900	8.33e-17	0
0.981	-2.61e-02	0.0	-3.42e-10	-5.00e-04	0.00	-0.00e+00	2.4900	8.33e-17	19
0.962	-5.38e-02	0.0	-3.43e-10	-5.00e-04	0.00	-0.00e+00	2.4900	8.33e-17	38
0.943	-8.17e-02	0.0	-3.45e-10	-5.00e-04	0.00	-0.00e+00	2.4900	8.33e-17	57
0.924	-1.10e-01	0.0	-3.47e-10	-5.00e-04	0.00	-0.00e+00	2.4900	8.33e-17	76
0.905	-1.38e-01	0.0	-3.49e-10	-5.00e-04	0.00	-0.00e+00	2.4900	8.33e-17	95
0.886	-1.66e-01	0.0	-3.50e-10	-5.00e-04	0.00	-0.00e+00	2.4900	8.33e-17	114
0.867	-1.94e-01	0.0	-3.52e-10	-5.00e-04	0.00	-0.00e+00	2.4900	8.33e-17	133
0.848	-2.23e-01	0.0	-3.54e-10	-5.00e-04	0.00	-0.00e+00	2.4900	8.33e-17	152
0.829	-2.52e-01	0.0	-3.55e-10	-5.00e-04	0.00	-0.00e+00	2.4900	8.33e-17	171
0.810	-2.81e-01	0.0	-3.57e-10	-5.00e-04	0.00	-0.00e+00	2.4900	8.33e-17	190
0.791	-3.10e-01	0.0	-3.59e-10	-5.00e-04	0.00	-0.00e+00	2.4900	8.33e-17	209
0.772	-3.39e-01	0.0	-3.61e-10	-5.00e-04	0.00	-0.00e+00	2.4900	8.33e-17	228
0.753	-3.68e-01	0.0	-3.62e-10	-5.00e-04	0.00	-0.00e+00	2.4900	8.33e-17	247
0.734	-3.97e-01	0.0	-3.64e-10	-5.00e-04	0.00	-0.00e+00	2.4900	8.33e-17	266
0.715	-4.27e-01	0.0	-3.66e-10	-5.00e-04	0.00	-0.00e+00	2.4900	8.33e-17	285
0.696	-4.57e-01	0.0	-3.68e-10	-5.00e-04	0.00	-0.00e+00	2.4900	8.33e-17	304
0.677	-4.86e-01	0.0	-3.69e-10	-5.00e-04	0.00	-0.00e+00	2.4900	8.33e-17	323
0.658	-5.16e-01	0.0	-3.71e-10	-5.00e-04	0.00	-0.00e+00	2.4900	8.33e-17	342
0.639	-5.46e-01	0.0	-3.73e-10	-5.00e-04	0.00	-0.00e+00	2.4900	8.33e-17	361
0.620	-5.77e-01	0.0	-3.75e-10	-5.00e-04	0.00	-0.00e+00	2.4900	8.33e-17	380
0.601	-6.07e-01	0.0	-3.76e-10	-5.00e-04	0.00	-0.00e+00	2.4900	8.33e-17	399
0.582	-6.38e-01	0.0	-3.78e-10	-5.00e-04	0.00	-0.00e+00	2.4900	8.33e-17	418
0.563	-6.68e-01	0.0	-3.80e-10	-5.00e-04	0.00	-0.00e+00	2.4900	8.33e-17	437
0.544	-6.99e-01	0.0	-3.82e-10	-5.00e-04	0.00	-0.00e+00	2.4900	8.33e-17	456
0.525	-7.30e-01	0.0	-3.83e-10	-5.00e-04	0.00	-0.00e+00	2.4900	8.33e-17	475
0.506	-7.61e-01	0.0	-3.85e-10	-5.00e-04	0.00	-0.00e+00	2.4900	8.33e-17	494
0.487	-7.92e-01	0.0	-3.87e-10	-5.00e-04	0.00	-0.00e+00	2.4900	8.33e-17	513
0.468	-8.24e-01	0.0	-3.88e-10	-5.00e-04	0.00	-0.00e+00	2.4900	8.33e-17	532
0.449	-8.55e-01	0.0	-3.90e-10	-5.00e-04	0.00	-0.00e+00	2.4900	8.33e-17	551
0.430	-8.87e-01	0.0	-3.92e-10	-5.00e-04	0.00	-0.00e+00	2.4900	8.33e-17	570
0.411	-9.19e-01	0.0	-3.94e-10	-5.00e-04	0.00	-0.00e+00	2.4900	8.33e-17	589
0.392	-9.50e-01	0.0	-3.95e-10	-5.00e-04	0.00	-0.00e+00	2.4900	8.33e-17	608
0.373	-9.83e-01	0.0	-3.97e-10	-5.00e-04	0.00	-0.00e+00	2.4900	8.33e-17	627
0.354	-1.01e+00	0.0	-3.99e-10	-5.00e-04	0.00	-0.00e+00	2.4900	8.33e-17	646
0.335	-1.05e+00	0.0	-4.01e-10	-5.00e-04	0.00	-0.00e+00	2.4900	8.33e-17	665
0.316	-1.08e+00	0.0	-4.02e-10	-5.00e-04	0.00	-0.00e+00	2.4900	8.33e-17	684
0.297	-1.11e+00	0.0	-4.04e-10	-5.00e-04	0.00	-0.00e+00	2.4900	8.33e-17	703
0.278	-1.14e+00	0.0	-4.06e-10	-5.00e-04	0.00	-0.00e+00	2.4900	8.33e-17	722
0.259	-1.18e+00	0.0	-4.07e-10	-5.00e-04	0.00	-0.00e+00	2.4900	8.33e-17	741
0.240	-1.21e+00	0.0	-4.09e-10	-5.00e-04	0.00	-0.00e+00	2.4900	8.33e-17	760
0.221	-1.24e+00	0.0	-4.11e-10	-5.00e-04	0.00	-0.00e+00	2.4900	8.33e-17	779
0.202	-1.28e+00	0.0	-4.13e-10	-5.00e-04	0.00	-0.00e+00	2.4900	8.33e-17	798
0.183	-1.31e+00	0.0	-4.14e-10	-5.00e-04	0.00	-0.00e+00	2.4900	8.33e-17	817
0.164	-1.34e+00	0.0	-4.16e-10	-5.00e-04	0.00	-0.00e+00	2.4900	8.33e-17	836
0.145	-1.38e+00	0.0	-4.18e-10	-5.00e-04	0.00	-0.00e+00	2.4900	8.33e-17	855
0.126	-1.41e+00	0.0	-4.19e-10	-5.00e-04	0.00	-0.00e+00	2.4900	8.33e-17	874
0.107	-1.45e+00	0.0	-4.21e-10	-5.00e-04	0.00	-0.00e+00	2.4900	8.33e-17	893
0.088	-1.48e+00	0.0	-4.23e-10	-5.00e-04	0.00	-0.00e+00	2.4900	8.33e-17	912
0.069	-1.51e+00	0.0	-4.25e-10	-5.00e-04	0.00	-0.00e+00	2.4900	8.33e-17	931
0.050	-1.55e+00	0.0	-4.26e-10	-5.00e-04	0.00	-0.00e+00	2.4900	8.33e-17	950
0.031	-1.58e+00	0.0	-4.28e-10	-5.00e-04	0.00	-0.00e+00	2.4900	8.33e-17	969
0.012	-1.62e+00	0.0	-4.30e-10	-5.00e-04	0.00	-0.00e+00	2.4900	8.33e-17	988
