1.000	0.00e+00	0.0	0.00e+00	-5.00e-04	0.00	-1.85e+00	3.4362	8.33e-17	0
0.981	-5.01e-03	0.0	-6.63e-11	-5.00e-04	0.00	-0.00e+00	3.4362	8.33e-17	19
0.962	-1.04e-02	0.0	-6.80e-11	-5.00e-04	0.00	-0.00e+00	3.4362	8.33e-17	38
0.943	-1.60e-02	0.0	-6.98e-11	-5.00e-04	0.00	-0.00e+00	3.4362	8.33e-17	57
0.924	-2.17e-02	0.0	-7.15e-11	-5.00e-04	0.00	-0.00e+00	3.4362	8.33e-17	76
0.905	-2.76e-02	0.0	-7.33e-11	-5.00e-04	0.00	-0.00e+00	3.4362	8.33e-17	95
0.886	-3.36e-02	0.0	-7.51e-11	-5.00e-04	0.00	-0.00e+00	3.4362	8.33e-17	114
0.867	-3.97e-02	0.0	-7.68e-11	-5.00e-04	0.00	-0.00e+00	3.4362	8.33e-17	133
0.848	-4.60e-02	0.0	-7.86e-11	-5.00e-04	0.00	-0.00e+00	3.4362	8.33e-17	152
0.829	-5.24e-02	0.0	-8.04e-11	-5.00e-04	0.00	-0.00e+00	3.4362	8.33e-17	171
0.810	-5.90e-02	0.0	-8.22e-11	-5.00e-04	0.00	-0.00e+00	3.4362	8.33e-17	190
0.791	-6.57e-02	0.0	-8.40e-11	-5.00e-04	0.00	-0.00e+00	3.4362	8.33e-17	209
0.772	-7.26e-02	0.0	-8.58e-11	-5.00e-04	0.00	-0.00e+00	3.4362	8.33e-17	228
0.753	-7.96e-02	0.0	-8.76e-11	-5.00e-04	0.00	-0.00e+00	3.4362	8.33e-17	247
0.734	-8.68e-02	0.0	-8.94e-11	-5.00e-04	0.00	-0.00e+00	3.4362	8.33e-17	266
0.715	-9.41e-02	0.0	-9.12e-11	-5.00e-04	0.00	-0.00e+00	3.4362	8.33e-17	285
0.696	-1.02e-01	0.0	-9.30e-11	-5.00e-04	0.00	-0.00e+00	3.4362	8.33e-17	304
0.677	-1.09e-01	0.0	-9.48e-11	-5.00e-04	0.00	-0.00e+00	3.4362	8.33e-17	323
0.658	-1.17e-01	0.0	-9.66e-11	-5.00e-04	0.00	-0.00e+00	3.4362	8.33e-17	342
0.639	-1.25e-01	0.0	-9.84e-11	-5.00e-04	0.00	-0.00e+00	3.4362	8.33e-17	361
0.620	-1.33e-01	0.0	-1.00e-10	-5.00e-04	0.00	-0.00e+00	3.4362	8.33e-17	380
0.601	-1.41e-01	0.0	-1.02e-10	-5.00e-04	0.00	-0.00e+00	3.4362	8.33e-17	399
0.582	-1.49e-01	0.0	-1.04e-10	-5.00e-04	0.00	-0.00e+00	3.4362	8.33e-17	418
0.563	-1.58e-01	0.0	-1.06e-10	-5.00e-04	0.00	-0.00e+00	3.4362	8.33e-17	437
0.544	-1.66e-01	0.0	-1.08e-10	-5.00e-04	0.00	-0.00e+00	3.4362	8.33e-17	456
0.525	-1.75e-01	0.0	-1.09e-10	-5.00e-04	0.00	-0.00e+00	3.4362	8.33e-17	475
0.506	-1.84e-01	0.0	-1.11e-10	-5.00e-04	0.00	-0.00e+00	3.4362	8.33e-17	494
0.487	-1.93e-01	0.0	-1.13e-10	-5.00e-04	0.00	-0.00e+00	3.4362	8.33e-17	513
0.468	-2.02e-01	0.0	-1.15e-10	-5.00e-04	0.00	-0.00e+00	3.4362	8.33e-17	532
0.449	-2.12e-01	0.0	-1.17e-10	-5.00e-04	0.00	-0.00e+00	3.4362	8.33e-17	551
0.430	-2.21e-01	0.0	-1.19e-10	-5.00e-04	0.00	-0.00e+00	3.4362	8.33e-17	570
0.411	-2.31e-01	0.0	-1.20e-10	-5.00e-04	0.00	-0.00e+00	3.4362	8.33e-17	589
0.392	-2.41e-01	0.0	-1.22e-10	-5.00e-04	0.00	-0.00e+00	3.4362	8.33e-17	608
0.373	-2.51e-01	0.0	-1.24e-10	-5.00e-04	0.00	-0.00e+00	3.4362	8.33e-17	627
0.354	-2.61e-01	0.0	-1.26e-10	-5.00e-04	0.00	-0.00e+00	3.4362	8.33e-17	646
0.335	-2.71e-01	0.0	-1.28e-10	-5.00e-04	0.00	-0.00e+00	3.4362	8.33e-17	665
0.316	-2.82e-01	0.0	-1.30e-10	-5.00e-04	0.00	-0.00e+00	3.4362	8.33e-17	684
0.297	-2.92e-01	0.0	-1.32e-10	-5.00e-04	0.00	-0.00e+00	3.4362	8.33e-17	703
0.278	-3.03e-01	0.0	-1.34e-10	-5.00e-04	0.00	-0.00e+00	3.4362	8.33e-17	722
0.259	-3.14e-01	0.0	-1.35e-10	-5.00e-04	0.00	-0.00e+00	3.4362	8.33e-17	741
0.240	-3.25e-01	0.0	-1.37e-10	-5.00e-04	0.00	-0.00e+00	3.4362	8.33e-17	760
0.221	-3.36e-01	0.0	-1.39e-10	-5.00e-04	0.00	-0.00e+00	3.4362	8.33e-17	779
0.202	-3.47e-01	0.0	-1.41e-10	-5.00e-04	0.00	-0.00e+00	3.4362	8.33e-17	798
0.183	-3.59e-01	0.0	-1.43e-10	-5.00e-04	0.00	-0.00e+00	3.4362	8.33e-17	817
0.164	-3.70e-01	0.0	-1.45e-10	-5.00e-04	0.00	-0.00e+00	3.4362	8.33e-17	836
0.145	-3.82e-01	0.0	-1.47e-10	-5.00e-04	0.00	-0.00e+00	3.4362	8.33e-17	855
0.126	-3.94e-01	0.0	-1.49e-10	-5.00e-04	0.00	-0.00e+00	3.4362	8.33e-17	874
0.107	-4.06e-01	0.0	-1.51e-10	-5.00e-04	0.00	-0.00e+00	3.4362	8.33e-17	893
0.088	-4.19e-01	0.0	-1.53e-10	-5.00e-04	0.00	-0.00e+00	3.4362	8.33e-17	912
0.069	-4.31e-01	0.0	-1.54e-10	-5.00e-04	0.00	-0.00e+00	3.4362	8.33e-17	931
0.050	-4.44e-01	0.0	-1.56e-10	-5.00e-04	0.00	-0.00e+00	3.4362	8.33e-17	950
0.031	-4.56e-01	0.0	-1.58e-10	-5.00e-04	0.00	-0.00e+00	3.4362	8.33e-17	969
0.012	-4.69e-01	0.0	-1.60e-10	-5.00e-04	0.00	-0.00e+00	3.4362	8.33e-17	988
