1.000	0.00e+00	0.0	0.00e+00	-5.00e-02	0.00	0.00e+00	1.6000	8.33e-15	0
1.000	0.00e+00	0.0	0.00e+00	-4.00e-02	0.00	0.00e+00	1.6000	8.33e-15	0
1.000	0.00e+00	0.0	0.00e+00	-3.00e-02	0.00	0.00e+00	1.6000	8.33e-15	0
1.000	0.00e+00	0.0	0.00e+00	-2.00e-02	0.00	0.00e+00	1.6000	8.33e-15	0
1.000	0.00e+00	0.0	0.00e+00	-1.00e-02	0.00	0.00e+00	1.6000	8.33e-15	0
1.000	0.00e+00	0.0	0.00e+00	3.47e-18	0.00	0.00e+00	1.6000	8.33e-15	0
1.000	0.00e+00	0.0	0.00e+00	1.00e-02	0.00	0.00e+00	1.6000	8.33e-15	0
1.000	0.00e+00	0.0	0.00e+00	2.00e-02	0.00	0.00e+00	1.6000	8.33e-15	0
1.000	0.00e+00	0.0	0.00e+00	3.00e-02	0.00	0.00e+00	1.6000	8.33e-15	0
1.000	0.00e+00	0.0	0.00e+00	4.00e-02	0.00	0.00e+00	1.6000	8.33e-15	0
0.990	0.00e+00	0.0	4.56e-07	-5.00e-02	0.00	0.00e+00	1.6000	8.33e-15	1
0.990	0.00e+00	0.0	4.56e-07	-4.00e-02	0.00	0.00e+00	1.6000	8.33e-15	1
0.990	0.00e+00	0.0	4.56e-07	-3.00e-02	0.00	0.00e+00	1.6000	8.33e-15	1
0.990	0.00e+00	0.0	4.56e-07	-2.00e-02	0.00	0.00e+00	1.6000	8.33e-15	1
0.990	0.00e+00	0.0	4.56e-07	-1.00e-02	0.00	0.00e+00	1.6000	8.33e-15	1
0.990	0.00e+00	0.0	4.56e-07	3.47e-18	0.00	0.00e+00	1.6000	8.33e-15	1
0.990	0.00e+00	0.0	4.56e-07	1.00e-02	0.00	0.00e+00	1.6000	8.33e-15	1
0.990	0.00e+00	0.0	4.56e-07	2.00e-02	0.00	0.00e+00	1.6000	8.33e-15	1
0.990	0.00e+00	0.0	4.56e-07	3.00e-02	0.00	0.00e+00	1.6000	8.33e-15	1
0.990	0.00e+00	0.0	4.56e-07	4.00e-02	0.00	0.00e+00	1.6000	8.33e-15	1
0.980	4.56e-08	0.0	9.21e-07	-5.00e-02	0.00	0.00e+00	1.6000	8.33e-15	2
0.980	4.56e-08	0.0	9.21e-07	-4.00e-02	0.00	0.00e+00	1.6000	8.33e-15	2
0.980	4.56e-08	0.0	9.21e-07	-3.00e-02	0.00	0.00e+00	1.6000	8.33e-15	2
0.980	4.56e-08	0.0	9.21e-07	-2.00e-02	0.00	0.00e+00	1.6000	8.33e-15	2
0.980	4.56e-08	0.0	9.21e-07	-1.00e-02	0.00	0.00e+00	1.6000	8.33e-15	2
0.980	4.56e-08	0.0	9.21e-07	3.47e-18	0.00	0.00e+00	1.6000	8.33e-15	2
0.980	4.56e-08	0.0	9.21e-07	1.00e-02	0.00	0.00e+00	1.6000	8.33e-15	2
0.980	4.56e-08	0.0	9.21e-07	2.00e-02	0.00	0.00e+00	1.6000	8.33e-15	2
0.980	4.56e-08	0.0	9.21e-07	3.00e-02	0.00	0.00e+00	1.6000	8.33e-15	2
0.980	4.56e-08	0.0	9.21e-07	4.00e-02	0.00	0.00e+00	1.6000	8.33e-15	2
0.970	1.38e-07	0.0	1.38e-06	-5.00e-02	0.00	0.00e+00	1.6000	8.33e-15	3
0.970	1.38e-07	0.0	1.38e-06	-4.00e-02	0.00	0.00e+00	1.6000	8.33e-15	3
0.970	1.38e-07	0.0	1.38e-06	-3.00e-02	0.00	0.00e+00	1.6000	8.33e-15	3
0.970	1.38e-07	0.0	1.38e-06	-2.00e-02	0.00	0.00e+00	1.6000	8.33e-15	3
0.970	1.38e-07	0.0	1.38e-06	-1.00e-02	0.00	0.00e+00	1.6000	8.33e-15	3
0.970	1.38e-07	0.0	1.38e-06	3.47e-18	0.00	0.00e+00	1.6000	8.33e-15	3
0.970	1.38e-07	0.0	1.38e-06	1.00e-02	0.00	0.00e+00	1.6000	8.33e-15	3
0.970	1.38e-07	0.0	1.38e-06	2.00e-02	0.00	0.00e+00	1.6000	8.33e-15	3
0.970	1.38e-07	0.0	1.38e-06	3.00e-02	0.00	0.00e+00	1.6000	8.33e-15	3
0.970	1.38e-07	0.0	1.38e-06	4.00e-02	0.00	0.00e+00	1.6000	8.33e-15	3
0.960	2.76e-07	0.0	1.84e-06	-5.00e-02	0.00	0.00e+00	1.6000	8.33e-15	4
0.960	2.76e-07	0.0	1.84e-06	-4.00e-02	0.00	0.00e+00	1.6000	8.33e-15	4
0.960	2.76e-07	0.0	1.84e-06	-3.00e-02	0.00	0.00e+00	1.6000	8.33e-15	4
0.960	2.76e-07	0.0	1.84e-06	-2.00e-02	0.00	0.00e+00	1.6000	8.33e-15	4
0.960	2.76e-07	0.0	1.84e-06	-1.00e-02	0.00	0.00e+00	1.6000	8.33e-15	4
0.960	2.76e-07	0.0	1.84e-06	3.47e-18	0.00	0.00e+00	1.6000	8.33e-15	4
0.960	2.76e-07	0.0	1.84e-06	1.00e-02	0.00	0.00e+00	1.6000	8.33e-15	4
0.960	2.76e-07	0.0	1.84e-06	2.00e-02	0.00	0.00e+00	1.6000	8.33e-15	4
0.960	2.76e-07	0.0	1.84e-06	3.00e-02	0.00	0.00e+00	1.6000	8.33e-15	4
0.960	2.76e-07	0.0	1.84e-06	4.00e-02	0.00	0.00e+00	1.6000	8.33e-15	4
0.950	4.60e-07	0.0	2.30e-06	-5.00e-02	0.00	0.00e+00	1.6000	8.33e-15	5
0.950	4.60e-07	0.0	2.30e-06	-4.00e-02	0.00	0.00e+00	1.6000	8.33e-15	5
0.950	4.60e-07	0.0	2.30e-06	-3.00e-02	0.00	0.00e+00	1.6000	8.33e-15	5
0.950	4.60e-07	0.0	2.30e-06	-2.00e-02	0.00	0.00e+00	1.6000	8.33e-15	5
0.950	4.60e-07	0.0	2.30e-06	-1.00e-02	0.00	0.00e+00	1.6000	8.33e-15	5
0.950	4.60e-07	0.0	2.30e-06	3.47e-18	0.00	0.00e+00	1.6000	8.33e-15	5
0.950	4.60e-07	0.0	2.30e-06	1.00e-02	0.00	0.00e+00	1.6000	8.33e-15	5
0.950	4.60e-07	0.0	2.30e-06	2.00e-02	0.00	0.00e+00	1.6000	8.33e-15	5
0.950	4.60e-07	0.0	2.30e-06	3.00e-02	0.00	0.00e+00	1.6000	8.33e-15	5
0.950	4.60e-07	0.0	2.30e-06	4.00e-02	0.00	0.00e+00	1.6000	8.33e-15	5
0.940	6.91e-07	0.0	2.76e-06	-5.00e-02	0.00	0.00e+00	1.6000	8.33e-15	6
0.940	6.91e-07	0.0	2.76e-06	-4.00e-02	0.00	0.00e+00	1.6000	8.33e-15	6
0.940	6.91e-07	0.0	2.76e-06	-3.00e-02	0.00	0.00e+00	1.6000	8.33e-15	6
0.940	6.91e-07	0.0	2.76e-06	-2.00e-02	0.00	0.00e+00	1.6000	8.33e-15	6
0.940	6.91e-07	0.0	2.76e-06	-1.00e-02	0.00	0.00e+00	1.6000	8.33e-15	6
0.940	6.91e-07	0.0	2.76e-06	3.47e-18	0.00	0.00e+00	1.6000	8.33e-15	6
0.940	6.91e-07	0.0	2.76e-06	1.00e-02	0.00	0.00e+00	1.6000	8.33e-15	6
0.940	6.91e-07	0.0	2.76e-06	2.00e-02	0.00	0.00e+00	1.6000	8.33e-15	6
0.940	6.91e-07	0.0	2.76e-06	3.00e-02	0.00	0.00e+00	1.6000	8.33e-15	6
0.940	6.91e-07	0.0	2.76e-06	4.00e-02	0.00	0.00e+00	1.6000	8.33e-15	6
0.930	9.67e-07	0.0	3.22e-06	-5.00e-02	0.00	0.00e+00	1.6000	8.33e-15	7
0.930	9.67e-07	0.0	3.22e-06	-4.00e-02	0.00	0.00e+00	1.6000	8.33e-15	7
0.930	9.67e-07	0.0	3.22e-06	-3.00e-02	0.00	0.00e+00	1.6000	8.33e-15	7
0.930	9.67e-07	0.0	3.22e-06	-2.00e-02	0.00	0.00e+00	1.6000	8.33e-15	7
0.930	9.67e-07	0.0	3.22e-06	-1.00e-02	0.00	0.00e+00	1.6000	8.33e-15	7
0.930	9.67e-07	0.0	3.22e-06	3.47e-18	0.00	0.00e+00	1.6000	8.33e-15	7
0.930	9.67e-07	0.0	3.22e-06	1.00e-02	0.00	0.00e+00	1.6000	8.33e-15	7
0.930	9.67e-07	0.0	3.22e-06	2.00e-02	0.00	0.00e+00	1.6000	8.33e-15	7
0.930	9.67e-07	0.0	3.22e-06	3.00e-02	0.00	0.00e+00	1.6000	8.33e-15	7
0.930	9.67e-07	0.0	3.22e-06	4.00e-02	0.00	0.00e+00	1.6000	8.33e-15	7
0.920	1.29e-06	0.0	3.69e-06	-5.00e-02	0.00	0.00e+00	1.6000	8.33e-15	8
0.920	1.29e-06	0.0	3.69e-06	-4.00e-02	0.00	0.00e+00	1.6000	8.33e-15	8
0.920	1.29e-06	0.0	3.69e-06	-3.00e-02	0.00	0.00e+00	1.6000	8.33e-15	8
0.920	1.29e-06	0.0	3.69e-06	-2.00e-02	0.00	0.00e+00	1.6000	8.33e-15	8
0.920	1.29e-06	0.0	3.69e-06	-1.00e-02	0.00	0.00e+00	1.6000	8.33e-15	8
0.920	1.29e-06	0.0	3.69e-06	3.47e-18	0.00	0.00e+00	1.6000	8.33e-15	8
0.920	1.29e-06	0.0	3.69e-06	1.00e-02	0.00	0.00e+00	1.6000	8.33e-15	8
0.920	1.29e-06	0.0	3.69e-06	2.00e-02	0.00	0.00e+00	1.6000	8.33e-15	8
0.920	1.29e-06	0.0	3.69e-06	3.00e-02	0.00	0.00e+00	1.6000	8.33e-15	8
0.920	1.29e-06	0.0	3.69e-06	4.00e-02	0.00	0.00e+00	1.6000	8.33e-15	8
0.910	1.66e-06	0.0	4.15e-06	-5.00e-02	0.00	0.00e+00	1.6000	8.33e-15	9
0.910	1.66e-06	0.0	4.15e-06	-4.00e-02	0.00	0.00e+00	1.6000	8.33e-15	9
0.910	1.66e-06	0.0	4.15e-06	-3.00e-02	0.00	0.00e+00	1.6000	8.33e-15	9
0.910	1.66e-06	0.0	4.15e-06	-2.00e-02	0.00	0.00e+00	1.6000	8.33e-15	9
0.910	1.66e-06	0.0	4.15e-06	-1.00e-02	0.00	0.00e+00	1.6000	8.33e-15	9
0.910	1.66e-06	0.0	4.15e-06	3.47e-18	0.00	0.00e+00	1.6000	8.33e-15	9
0.910	1.66e-06	0.0	4.15e-06	1.00e-02	0.00	0.00e+00	1.6000	8.33e-15	9
0.910	1.66e-06	0.0	4.15e-06	2.00e-02	0.00	0.00e+00	1.6000	8.33e-15	9
0.910	1.66e-06	0.0	4.15e-06	3.00e-02	0.00	0.00e+00	1.6000	8.33e-15	9
0.910	1.66e-06	0.0	4.15e-06	4.00e-02	0.00	0.00e+00	1.6000	8.33e-15	9
0.900	2.07e-06	0.0	4.61e-06	-5.00e-02	0.00	0.00e+00	1.6000	8.33e-15	10
0.900	2.07e-06	0.0	4.61e-06	-4.00e-02	0.00	0.00e+00	1.6000	8.33e-15	10
0.900	2.07e-06	0.0	4.61e-06	-3.00e-02	0.00	0.00e+00	1.6000	8.33e-15	10
0.900	2.07e-06	0.0	4.61e-06	-2.00e-02	0.00	0.00e+00	1.6000	8.33e-15	10
0.900	2.07e-06	0.0	4.61e-06	-1.00e-02	0.00	0.00e+00	1.6000	8.33e-15	10
0.900	2.07e-06	0.0	4.61e-06	3.47e-18	0.00	0.00e+00	1.6000	8.33e-15	10
0.900	2.07e-06	0.0	4.61e-06	1.00e-02	0.00	0.00e+00	1.6000	8.33e-15	10
0.900	2.07e-06	0.0	4.61e-06	2.00e-02	0.00	0.00e+00	1.6000	8.33e-15	10
0.900	2.07e-06	0.0	4.61e-06	3.00e-02	0.00	0.00e+00	1.6000	8.33e-15	10
0.900	2.07e-06	0.0	4.61e-06	4.00e-02	0.00	0.00e+00	1.6000	8.33e-15	10
0.890	2.53e-06	0.0	5.07e-06	-5.00e-02	0.00	0.00e+00	1.6000	8.33e-15	11
0.890	2.53e-06	0.0	5.07e-06	-4.00e-02	0.00	0.00e+00	1.6000	8.33e-15	11
0.890	2.53e-06	0.0	5.07e-06	-3.00e-02	0.00	0.00e+00	1.6000	8.33e-15	11
0.890	2.53e-06	0.0	5.07e-06	-2.00e-02	0.00	0.00e+00	1.6000	8.33e-15	11
0.890	2.53e-06	0.0	5.07e-06	-1.00e-02	0.00	0.00e+00	1.6000	8.33e-15	11
0.890	2.53e-06	0.0	5.07e-06	3.47e-18	0.00	0.00e+00	1.6000	8.33e-15	11
0.890	2.53e-06	0.0	5.07e-06	1.00e-02	0.00	0.00e+00	1.6000	8.33e-15	11
0.890	2.53e-06	0.0	5.07e-06	2.00e-02	0.00	0.00e+00	1.6000	8.33e-15	11
0.890	2.53e-06	0.0	5.07e-06	3.00e-02	0.00	0.00e+00	1.6000	8.33e-15	11
0.890	2.53e-06	0.0	5.07e-06	4.00e-02	0.00	0.00e+00	1.6000	8.33e-15	11
0.880	3.04e-06	0.0	5.53e-06	-5.00e-02	0.00	0.00e+00	1.6000	8.33e-15	12
0.880	3.04e-06	0.0	5.53e-06	-4.00e-02	0.00	0.00e+00	1.6000	8.33e-15	12
0.880	3.04e-06	0.0	5.53e-06	-3.00e-02	0.00	0.00e+00	1.6000	8.33e-15	12
0.880	3.04e-06	0.0	5.53e-06	-2.00e-02	0.00	0.00e+00	1.6000	8.33e-15	12
0.880	3.04e-06	0.0	5.53e-06	-1.00e-02	0.00	0.00e+00	1.6000	8.33e-15	12
0.880	3.04e-06	0.0	5.53e-06	3.47e-18	0.00	0.00e+00	1.6000	8.33e-15	12
0.880	3.04e-06	0.0	5.53e-06	1.00e-02	0.00	0.00e+00	1.6000	8.33e-15	12
0.880	3.04e-06	0.0	5.53e-06	2.00e-02	0.00	0.00e+00	1.6000	8.33e-15	12
0.880	3.04e-06	0.0	5.53e-06	3.00e-02	0.00	0.00e+00	1.6000	8.33e-15	12
0.880	3.04e-06	0.0	5.53e-06	4.00e-02	0.00	0.00e+00	1.6000	8.33e-15	12
0.870	3.59e-06	0.0	5.99e-06	-5.00e-02	0.00	0.00e+00	1.6000	8.33e-15	13
0.870	3.59e-06	0.0	5.99e-06	-4.00e-02	0.00	0.00e+00	1.6000	8.33e-15	13
0.870	3.59e-06	0.0	5.99e-06	-3.00e-02	0.00	0.00e+00	1.6000	8.33e-15	13
0.870	3.59e-06	0.0	5.99e-06	-2.00e-02	0.00	0.00e+00	1.6000	8.33e-15	13
0.870	3.59e-06	0.0	5.99e-06	-1.00e-02	0.00	0.00e+00	1.6000	8.33e-15	13
0.870	3.59e-06	0.0	5.99e-06	3.47e-18	0.00	0.00e+00	1.6000	8.33e-15	13
0.870	3.59e-06	0.0	5.99e-06	1.00e-02	0.00	0.00e+00	1.6000	8.33e-15	13
0.870	3.59e-06	0.0	5.99e-06	2.00e-02	0.00	0.00e+00	1.6000	8.33e-15	13
0.870	3.59e-06	0.0	5.99e-06	3.00e-02	0.00	0.00e+00	1.6000	8.33e-15	13
0.870	3.59e-06	0.0	5.99e-06	4.00e-02	0.00	0.00e+00	1.6000	8.33e-15	13
0.860	4.19e-06	0.0	6.45e-06	-5.00e-02	0.00	0.00e+00	1.6000	8.33e-15	14
0.860	4.19e-06	0.0	6.45e-06	-4.00e-02	0.00	0.00e+00	1.6000	8.33e-15	14
0.860	4.19e-06	0.0	6.45e-06	-3.00e-02	0.00	0.00e+00	1.6000	8.33e-15	14
0.860	4.19e-06	0.0	6.45e-06	-2.00e-02	0.00	0.00e+00	1.6000	8.33e-15	14
0.860	4.19e-06	0.0	6.45e-06	-1.00e-02	0.00	0.00e+00	1.6000	8.33e-15	14
0.860	4.19e-06	0.0	6.45e-06	3.47e-18	0.00	0.00e+00	1.6000	8.33e-15	14
0.860	4.19e-06	0.0	6.45e-06	1.00e-02	0.00	0.00e+00	1.6000	8.33e-15	14
0.860	4.19e-06	0.0	6.45e-06	2.00e-02	0.00	0.00e+00	1.6000	8.33e-15	14
0.860	4.19e-06	0.0	6.45e-06	3.00e-02	0.00	0.00e+00	1.6000	8.33e-15	14
0.860	4.19e-06	0.0	6.45e-06	4.00e-02	0.00	0.00e+00	1.6000	8.33e-15	14
0.850	4.84e-06	0.0	6.91e-06	-5.00e-02	0.00	0.00e+00	1.6000	8.33e-15	15
0.850	4.84e-06	0.0	6.91e-06	-4.00e-02	0.00	0.00e+00	1.6000	8.33e-15	15
0.850	4.84e-06	0.0	6.91e-06	-3.00e-02	0.00	0.00e+00	1.6000	8.33e-15	15
0.850	4.84e-06	0.0	6.91e-06	-2.00e-02	0.00	0.00e+00	1.6000	8.33e-15	15
0.850	4.84e-06	0.0	6.91e-06	-1.00e-02	0.00	0.00e+00	1.6000	8.33e-15	15
0.850	4.84e-06	0.0	6.91e-06	3.47e-18	0.00	0.00e+00	1.6000	8.33e-15	15
0.850	4.84e-06	0.0	6.91e-06	1.00e-02	0.00	0.00e+00	1.6000	8.33e-15	15
0.850	4.84e-06	0.0	6.91e-06	2.00e-02	0.00	0.00e+00	1.6000	8.33e-15	15
0.850	4.84e-06	0.0	6.91e-06	3.00e-02	0.00	0.00e+00	1.6000	8.33e-15	15
0.850	4.84e-06	0.0	6.91e-06	4.00e-02	0.00	0.00e+00	1.6000	8.33e-15	15
0.840	5.53e-06	0.0	7.37e-06	-5.00e-02	0.00	0.00e+00	1.6000	8.33e-15	16
0.840	5.53e-06	0.0	7.37e-06	-4.00e-02	0.00	0.00e+00	1.6000	8.33e-15	16
0.840	5.53e-06	0.0	7.37e-06	-3.00e-02	0.00	0.00e+00	1.6000	8.33e-15	16
0.840	5.53e-06	0.0	7.37e-06	-2.00e-02	0.00	0.00e+00	1.6000	8.33e-15	16
0.840	5.53e-06	0.0	7.37e-06	-1.00e-02	0.00	0.00e+00	1.6000	8.33e-15	16
0.840	5.53e-06	0.0	7.37e-06	3.47e-18	0.00	0.00e+00	1.6000	8.33e-15	16
0.840	5.53e-06	0.0	7.37e-06	1.00e-02	0.00	0.00e+00	1.6000	8.33e-15	16
0.840	5.53e-06	0.0	7.37e-06	2.00e-02	0.00	0.00e+00	1.6000	8.33e-15	16
0.840	5.53e-06	0.0	7.37e-06	3.00e-02	0.00	0.00e+00	1.6000	8.33e-15	16
0.840	5.53e-06	0.0	7.37e-06	4.00e-02	0.00	0.00e+00	1.6000	8.33e-15	16
0.830	6.26e-06	0.0	7.83e-06	-5.00e-02	0.00	0.00e+00	1.6000	8.33e-15	17
0.830	6.26e-06	0.0	7.83e-06	-4.00e-02	0.00	0.00e+00	1.6000	8.33e-15	17
0.830	6.26e-06	0.0	7.83e-06	-3.00e-02	0.00	0.00e+00	1.6000	8.33e-15	17
0.830	6.26e-06	0.0	7.83e-06	-2.00e-02	0.00	0.00e+00	1.6000	8.33e-15	17
0.830	6.26e-06	0.0	7.83e-06	-1.00e-02	0.00	0.00e+00	1.6000	8.33e-15	17
0.830	6.26e-06	0.0	7.83e-06	3.47e-18	0.00	0.00e+00	1.6000	8.33e-15	17
0.830	6.26e-06	0.0	7.83e-06	1.00e-02	0.00	0.00e+00	1.6000	8.33e-15	17
0.830	6.26e-06	0.0	7.83e-06	2.00e-02	0.00	0.00e+00	1.6000	8.33e-15	17
0.830	6.26e-06	0.0	7.83e-06	3.00e-02	0.00	0.00e+00	1.6000	8.33e-15	17
0.830	6.26e-06	0.0	7.83e-06	4.00e-02	0.00	0.00e+00	1.6000	8.33e-15	17
0.820	7.05e-06	0.0	8.29e-06	-5.00e-02	0.00	0.00e+00	1.6000	8.33e-15	18
0.820	7.05e-06	0.0	8.29e-06	-4.00e-02	0.00	0.00e+00	1.6000	8.33e-15	18
0.820	7.05e-06	0.0	8.29e-06	-3.00e-02	0.00	0.00e+00	1.6000	8.33e-15	18
0.820	7.05e-06	0.0	8.29e-06	-2.00e-02	0.00	0.00e+00	1.6000	8.33e-15	18
0.820	7.05e-06	0.0	8.29e-06	-1.00e-02	0.00	0.00e+00	1.6000	8.33e-15	18
0.820	7.05e-06	0.0	8.29e-06	3.47e-18	0.00	0.00e+00	1.6000	8.33e-15	18
0.820	7.05e-06	0.0	8.29e-06	1.00e-02	0.00	0.00e+00	1.6000	8.33e-15	18
0.820	7.05e-06	0.0	8.29e-06	2.00e-02	0.00	0.00e+00	1.6000	8.33e-15	18
0.820	7.05e-06	0.0	8.29e-06	3.00e-02	0.00	0.00e+00	1.6000	8.33e-15	18
0.820	7.05e-06	0.0	8.29e-06	4.00e-02	0.00	0.00e+00	1.6000	8.33e-15	18
0.810	7.88e-06	0.0	8.75e-06	-5.00e-02	0.00	0.00e+00	1.6000	8.33e-15	19
0.810	7.88e-06	0.0	8.75e-06	-4.00e-02	0.00	0.00e+00	1.6000	8.33e-15	19
0.810	7.88e-06	0.0	8.75e-06	-3.00e-02	0.00	0.00e+00	1.6000	8.33e-15	19
0.810	7.88e-06	0.0	8.75e-06	-2.00e-02	0.00	0.00e+00	1.6000	8.33e-15	19
0.810	7.88e-06	0.0	8.75e-06	-1.00e-02	0.00	0.00e+00	1.6000	8.33e-15	19
0.810	7.88e-06	0.0	8.75e-06	3.47e-18	0.00	0.00e+00	1.6000	8.33e-15	19
0.810	7.88e-06	0.0	8.75e-06	1.00e-02	0.00	0.00e+00	1.6000	8.33e-15	19
0.810	7.88e-06	0.0	8.75e-06	2.00e-02	0.00	0.00e+00	1.6000	8.33e-15	19
0.810	7.88e-06	0.0	8.75e-06	3.00e-02	0.00	0.00e+00	1.6000	8.33e-15	19
0.810	7.88e-06	0.0	8.75e-06	4.00e-02	0.00	0.00e+00	1.6000	8.33e-15	19
0.800	8.75e-06	0.0	9.21e-06	-5.00e-02	0.00	0.00e+00	1.6000	8.33e-15	20
0.800	8.75e-06	0.0	9.21e-06	-4.00e-02	0.00	0.00e+00	1.6000	8.33e-15	20
0.800	8.75e-06	0.0	9.21e-06	-3.00e-02	0.00	0.00e+00	1.6000	8.33e-15	20
0.800	8.75e-06	0.0	9.21e-06	-2.00e-02	0.00	0.00e+00	1.6000	8.33e-15	20
0.800	8.75e-06	0.0	9.21e-06	-1.00e-02	0.00	0.00e+00	1.6000	8.33e-15	20
0.800	8.75e-06	0.0	9.21e-06	3.47e-18	0.00	0.00e+00	1.6000	8.33e-15	20
0.800	8.75e-06	0.0	9.21e-06	1.00e-02	0.00	0.00e+00	1.6000	8.33e-15	20
0.800	8.75e-06	0.0	9.21e-06	2.00e-02	0.00	0.00e+00	1.6000	8.33e-15	20
0.800	8.75e-06	0.0	9.21e-06	3.00e-02	0.00	0.00e+00	1.6000	8.33e-15	20
0.800	8.75e-06	0.0	9.21e-06	4.00e-02	0.00	0.00e+00	1.6000	8.33e-15	20
0.790	9.67e-06	0.0	9.67e-06	-5.00e-02	0.00	0.00e+00	1.6000	8.33e-15	21
0.790	9.67e-06	0.0	9.67e-06	-4.00e-02	0.00	0.00e+00	1.6000	8.33e-15	21
0.790	9.67e-06	0.0	9.67e-06	-3.00e-02	0.00	0.00e+00	1.6000	8.33e-15	21
0.790	9.67e-06	0.0	9.67e-06	-2.00e-02	0.00	0.00e+00	1.6000	8.33e-15	21
0.790	9.67e-06	0.0	9.67e-06	-1.00e-02	0.00	0.00e+00	1.6000	8.33e-15	21
0.790	9.67e-06	0.0	9.67e-06	3.47e-18	0.00	0.00e+00	1.6000	8.33e-15	21
0.790	9.67e-06	0.0	9.67e-06	1.00e-02	0.00	0.00e+00	1.6000	8.33e-15	21
0.790	9.67e-06	0.0	9.67e-06	2.00e-02	0.00	0.00e+00	1.6000	8.33e-15	21
0.790	9.67e-06	0.0	9.67e-06	3.00e-02	0.00	0.00e+00	1.6000	8.33e-15	21
0.790	9.67e-06	0.0	9.67e-06	4.00e-02	0.00	0.00e+00	1.6000	8.33e-15	21
0.780	1.06e-05	0.0	1.01e-05	-5.00e-02	0.00	0.00e+00	1.6000	8.33e-15	22
0.780	1.06e-05	0.0	1.01e-05	-4.00e-02	0.00	0.00e+00	1.6000	8.33e-15	22
0.780	1.06e-05	0.0	1.01e-05	-3.00e-02	0.00	0.00e+00	1.6000	8.33e-15	22
0.780	1.06e-05	0.0	1.01e-05	-2.00e-02	0.00	0.00e+00	1.6000	8.33e-15	22
0.780	1.06e-05	0.0	1.01e-05	-1.00e-02	0.00	0.00e+00	1.6000	8.33e-15	22
0.780	1.06e-05	0.0	1.01e-05	3.47e-18	0.00	0.00e+00	1.6000	8.33e-15	22
0.780	1.06e-05	0.0	1.01e-05	1.00e-02	0.00	0.00e+00	1.6000	8.33e-15	22
0.780	1.06e-05	0.0	1.01e-05	2.00e-02	0.00	0.00e+00	1.6000	8.33e-15	22
0.780	1.06e-05	0.0	1.01e-05	3.00e-02	0.00	0.00e+00	1.6000	8.33e-15	22
0.780	1.06e-05	0.0	1.01e-05	4.00e-02	0.00	0.00e+00	1.6000	8.33e-15	22
0.770	1.17e-05	0.0	1.06e-05	-5.00e-02	0.00	0.00e+00	1.6000	8.33e-15	23
0.770	1.17e-05	0.0	1.06e-05	-4.00e-02	0.00	0.00e+00	1.6000	8.33e-15	23
0.770	1.17e-05	0.0	1.06e-05	-3.00e-02	0.00	0.00e+00	1.6000	8.33e-15	23
0.770	1.17e-05	0.0	1.06e-05	-2.00e-02	0.00	0.00e+00	1.6000	8.33e-15	23
0.770	1.17e-05	0.0	1.06e-05	-1.00e-02	0.00	0.00e+00	1.6000	8.33e-15	23
0.770	1.17e-05	0.0	1.06e-05	3.47e-18	0.00	0.00e+00	1.6000	8.33e-15	23
0.770	1.17e-05	0.0	1.06e-05	1.00e-02	0.00	0.00e+00	1.6000	8.33e-15	23
0.770	1.17e-05	0.0	1.06e-05	2.00e-02	0.00	0.00e+00	1.6000	8.33e-15	23
0.770	1.17e-05	0.0	1.06e-05	3.00e-02	0.00	0.00e+00	1.6000	8.33e-15	23
0.770	1.17e-05	0.0	1.06e-05	4.00e-02	0.00	0.00e+00	1.6000	8.33e-15	23
0.760	1.27e-05	0.0	1.11e-05	-5.00e-02	0.00	0.00e+00	1.6000	8.33e-15	24
0.760	1.27e-05	0.0	1.11e-05	-4.00e-02	0.00	0.00e+00	1.6000	8.33e-15	24
0.760	1.27e-05	0.0	1.11e-05	-3.00e-02	0.00	0.00e+00	1.6000	8.33e-15	24
0.760	1.27e-05	0.0	1.11e-05	-2.00e-02	0.00	0.00e+00	1.6000	8.33e-15	24
0.760	1.27e-05	0.0	1.11e-05	-1.00e-02	0.00	0.00e+00	1.6000	8.33e-15	24
0.760	1.27e-05	0.0	1.11e-05	3.47e-18	0.00	0.00e+00	1.6000	8.33e-15	24
0.760	1.27e-05	0.0	1.11e-05	1.00e-02	0.00	0.00e+00	1.6000	8.33e-15	24
0.760	1.27e-05	0.0	1.11e-05	2.00e-02	0.00	0.00e+00	1.6000	8.33e-15	24
0.760	1.27e-05	0.0	1.11e-05	3.00e-02	0.00	0.00e+00	1.6000	8.33e-15	24
0.760	1.27e-05	0.0	1.11e-05	4.00e-02	0.00	0.00e+00	1.6000	8.33e-15	24
0.750	1.38e-05	0.0	1.15e-05	-5.00e-02	0.00	0.00e+00	1.6000	8.33e-15	25
0.750	1.38e-05	0.0	1.15e-05	-4.00e-02	0.00	0.00e+00	1.6000	8.33e-15	25
0.750	1.38e-05	0.0	1.15e-05	-3.00e-02	0.00	0.00e+00	1.6000	8.33e-15	25
0.750	1.38e-05	0.0	1.15e-05	-2.00e-02	0.00	0.00e+00	1.6000	8.33e-15	25
0.750	1.38e-05	0.0	1.15e-05	-1.00e-02	0.00	0.00e+00	1.6000	8.33e-15	25
0.750	1.38e-05	0.0	1.15e-05	3.47e-18	0.00	0.00e+00	1.6000	8.33e-15	25
0.750	1.38e-05	0.0	1.15e-05	1.00e-02	0.00	0.00e+00	1.6000	8.33e-15	25
0.750	1.38e-05	0.0	1.15e-05	2.00e-02	0.00	0.00e+00	1.6000	8.33e-15	25
0.750	1.38e-05	0.0	1.15e-05	3.00e-02	0.00	0.00e+00	1.6000	8.33e-15	25
0.750	1.38e-05	0.0	1.15e-05	4.00e-02	0.00	0.00e+00	1.6000	8.33e-15	25
0.740	1.50e-05	0.0	1.20e-05	-5.00e-02	0.00	0.00e+00	1.6000	8.33e-15	26
0.740	1.50e-05	0.0	1.20e-05	-4.00e-02	0.00	0.00e+00	1.6000	8.33e-15	26
0.740	1.50e-05	0.0	1.20e-05	-3.00e-02	0.00	0.00e+00	1.6000	8.33e-15	26
0.740	1.50e-05	0.0	1.20e-05	-2.00e-02	0.00	0.00e+00	1.6000	8.33e-15	26
0.740	1.50e-05	0.0	1.20e-05	-1.00e-02	0.00	0.00e+00	1.6000	8.33e-15	26
0.740	1.50e-05	0.0	1.20e-05	3.47e-18	0.00	0.00e+00	1.6000	8.33e-15	26
0.740	1.50e-05	0.0	1.20e-05	1.00e-02	0.00	0.00e+00	1.6000	8.33e-15	26
0.740	1.50e-05	0.0	1.20e-05	2.00e-02	0.00	0.00e+00	1.6000	8.33e-15	26
0.740	1.50e-05	0.0	1.20e-05	3.00e-02	0.00	0.00e+00	1.6000	8.33e-15	26
0.740	1.50e-05	0.0	1.20e-05	4.00e-02	0.00	0.00e+00	1.6000	8.33e-15	26
0.730	1.62e-05	0.0	1.24e-05	-5.00e-02	0.00	0.00e+00	1.6000	8.33e-15	27
0.730	1.62e-05	0.0	1.24e-05	-4.00e-02	0.00	0.00e+00	1.6000	8.33e-15	27
0.730	1.62e-05	0.0	1.24e-05	-3.00e-02	0.00	0.00e+00	1.6000	8.33e-15	27
0.730	1.62e-05	0.0	1.24e-05	-2.00e-02	0.00	0.00e+00	1.6000	8.33e-15	27
0.730	1.62e-05	0.0	1.24e-05	-1.00e-02	0.00	0.00e+00	1.6000	8.33e-15	27
0.730	1.62e-05	0.0	1.24e-05	3.47e-18	0.00	0.00e+00	1.6000	8.33e-15	27
0.730	1.62e-05	0.0	1.24e-05	1.00e-02	0.00	0.00e+00	1.6000	8.33e-15	27
0.730	1.62e-05	0.0	1.24e-05	2.00e-02	0.00	0.00e+00	1.6000	8.33e-15	27
0.730	1.62e-05	0.0	1.24e-05	3.00e-02	0.00	0.00e+00	1.6000	8.33e-15	27
0.730	1.62e-05	0.0	1.24e-05	4.00e-02	0.00	0.00e+00	1.6000	8.33e-15	27
0.720	1.74e-05	0.0	1.29e-05	-5.00e-02	0.00	0.00e+00	1.6000	8.33e-15	28
0.720	1.74e-05	0.0	1.29e-05	-4.00e-02	0.00	0.00e+00	1.6000	8.33e-15	28
0.720	1.74e-05	0.0	1.29e-05	-3.00e-02	0.00	0.00e+00	1.6000	8.33e-15	28
0.720	1.74e-05	0.0	1.29e-05	-2.00e-02	0.00	0.00e+00	1.6000	8.33e-15	28
0.720	1.74e-05	0.0	1.29e-05	-1.00e-02	0.00	0.00e+00	1.6000	8.33e-15	28
0.720	1.74e-05	0.0	1.29e-05	3.47e-18	0.00	0.00e+00	1.6000	8.33e-15	28
0.720	1.74e-05	0.0	1.29e-05	1.00e-02	0.00	0.00e+00	1.6000	8.33e-15	28
0.720	1.74e-05	0.0	1.29e-05	2.00e-02	0.00	0.00e+00	1.6000	8.33e-15	28
0.720	1.74e-05	0.0	1.29e-05	3.00e-02	0.00	0.00e+00	1.6000	8.33e-15	28
0.720	1.74e-05	0.0	1.29e-05	4.00e-02	0.00	0.00e+00	1.6000	8.33e-15	28
0.710	1.87e-05	0.0	1.34e-05	-5.00e-02	0.00	0.00e+00	1.6000	8.33e-15	29
0.710	1.87e-05	0.0	1.34e-05	-4.00e-02	0.00	0.00e+00	1.6000	8.33e-15	29
0.710	1.87e-05	0.0	1.34e-05	-3.00e-02	0.00	0.00e+00	1.6000	8.33e-15	29
0.710	1.87e-05	0.0	1.34e-05	-2.00e-02	0.00	0.00e+00	1.6000	8.33e-15	29
0.710	1.87e-05	0.0	1.34e-05	-1.00e-02	0.00	0.00e+00	1.6000	8.33e-15	29
0.710	1.87e-05	0.0	1.34e-05	3.47e-18	0.00	0.00e+00	1.6000	8.33e-15	29
0.710	1.87e-05	0.0	1.34e-05	1.00e-02	0.00	0.00e+00	1.6000	8.33e-15	29
0.710	1.87e-05	0.0	1.34e-05	2.00e-02	0.00	0.00e+00	1.6000	8.33e-15	29
0.710	1.87e-05	0.0	1.34e-05	3.00e-02	0.00	0.00e+00	1.6000	8.33e-15	29
0.710	1.87e-05	0.0	1.34e-05	4.00e-02	0.00	0.00e+00	1.6000	8.33e-15	29
0.700	2.00e-05	0.0	1.38e-05	-5.00e-02	0.00	0.00e+00	1.6000	8.33e-15	30
0.700	2.00e-05	0.0	1.38e-05	-4.00e-02	0.00	0.00e+00	1.6000	8.33e-15	30
0.700	2.00e-05	0.0	1.38e-05	-3.00e-02	0.00	0.00e+00	1.6000	8.33e-15	30
0.700	2.00e-05	0.0	1.38e-05	-2.00e-02	0.00	0.00e+00	1.6000	8.33e-15	30
0.700	2.00e-05	0.0	1.38e-05	-1.00e-02	0.00	0.00e+00	1.6000	8.33e-15	30
0.700	2.00e-05	0.0	1.38e-05	3.47e-18	0.00	0.00e+00	1.6000	8.33e-15	30
0.700	2.00e-05	0.0	1.38e-05	1.00e-02	0.00	0.00e+00	1.6000	8.33e-15	30
0.700	2.00e-05	0.0	1.38e-05	2.00e-02	0.00	0.00e+00	1.6000	8.33e-15	30
0.700	2.00e-05	0.0	1.38e-05	3.00e-02	0.00	0.00e+00	1.6000	8.33e-15	30
0.700	2.00e-05	0.0	1.38e-05	4.00e-02	0.00	0.00e+00	1.6000	8.33e-15	30
0.690	2.14e-05	0.0	1.43e-05	-5.00e-02	0.00	0.00e+00	1.6000	8.33e-15	31
0.690	2.14e-05	0.0	1.43e-05	-4.00e-02	0.00	0.00e+00	1.6000	8.33e-15	31
0.690	2.14e-05	0.0	1.43e-05	-3.00e-02	0.00	0.00e+00	1.6000	8.33e-15	31
0.690	2.14e-05	0.0	1.43e-05	-2.00e-02	0.00	0.00e+00	1.6000	8.33e-15	31
0.690	2.14e-05	0.0	1.43e-05	-1.00e-02	0.00	0.00e+00	1.6000	8.33e-15	31
0.690	2.14e-05	0.0	1.43e-05	3.47e-18	0.00	0.00e+00	1.6000	8.33e-15	31
0.690	2.14e-05	0.0	1.43e-05	1.00e-02	0.00	0.00e+00	1.6000	8.33e-15	31
0.690	2.14e-05	0.0	1.43e-05	2.00e-02	0.00	0.00e+00	1.6000	8.33e-15	31
0.690	2.14e-05	0.0	1.43e-05	3.00e-02	0.00	0.00e+00	1.6000	8.33e-15	31
0.690	2.14e-05	0.0	1.43e-05	4.00e-02	0.00	0.00e+00	1.6000	8.33e-15	31
0.680	2.28e-05	0.0	1.47e-05	-5.00e-02	0.00	0.00e+00	1.6000	8.33e-15	32
0.680	2.28e-05	0.0	1.47e-05	-4.00e-02	0.00	0.00e+00	1.6000	8.33e-15	32
0.680	2.28e-05	0.0	1.47e-05	-3.00e-02	0.00	0.00e+00	1.6000	8.33e-15	32
0.680	2.28e-05	0.0	1.47e-05	-2.00e-02	0.00	0.00e+00	1.6000	8.33e-15	32
0.680	2.28e-05	0.0	1.47e-05	-1.00e-02	0.00	0.00e+00	1.6000	8.33e-15	32
0.680	2.28e-05	0.0	1.47e-05	3.47e-18	0.00	0.00e+00	1.6000	8.33e-15	32
0.680	2.28e-05	0.0	1.47e-05	1.00e-02	0.00	0.00e+00	1.6000	8.33e-15	32
0.680	2.28e-05	0.0	1.47e-05	2.00e-02	0.00	0.00e+00	1.6000	8.33e-15	32
0.680	2.28e-05	0.0	1.47e-05	3.00e-02	0.00	0.00e+00	1.6000	8.33e-15	32
0.680	2.28e-05	0.0	1.47e-05	4.00e-02	0.00	0.00e+00	1.6000	8.33e-15	32
0.670	2.43e-05	0.0	1.52e-05	-5.00e-02	0.00	0.00e+00	1.6000	8.33e-15	33
0.670	2.43e-05	0.0	1.52e-05	-4.00e-02	0.00	0.00e+00	1.6000	8.33e-15	33
0.670	2.43e-05	0.0	1.52e-05	-3.00e-02	0.00	0.00e+00	1.6000	8.33e-15	33
0.670	2.43e-05	0.0	1.52e-05	-2.00e-02	0.00	0.00e+00	1.6000	8.33e-15	33
0.670	2.43e-05	0.0	1.52e-05	-1.00e-02	0.00	0.00e+00	1.6000	8.33e-15	33
0.670	2.43e-05	0.0	1.52e-05	3.47e-18	0.00	0.00e+00	1.6000	8.33e-15	33
0.670	2.43e-05	0.0	1.52e-05	1.00e-02	0.00	0.00e+00	1.6000	8.33e-15	33
0.670	2.43e-05	0.0	1.52e-05	2.00e-02	0.00	0.00e+00	1.6000	8.33e-15	33
0.670	2.43e-05	0.0	1.52e-05	3.00e-02	0.00	0.00e+00	1.6000	8.33e-15	33
0.670	2.43e-05	0.0	1.52e-05	4.00e-02	0.00	0.00e+00	1.6000	8.33e-15	33
0.660	2.58e-05	0.0	1.57e-05	-5.00e-02	0.00	0.00e+00	1.6000	8.33e-15	34
0.660	2.58e-05	0.0	1.57e-05	-4.00e-02	0.00	0.00e+00	1.6000	8.33e-15	34
0.660	2.58e-05	0.0	1.57e-05	-3.00e-02	0.00	0.00e+00	1.6000	8.33e-15	34
0.660	2.58e-05	0.0	1.57e-05	-2.00e-02	0.00	0.00e+00	1.6000	8.33e-15	34
0.660	2.58e-05	0.0	1.57e-05	-1.00e-02	0.00	0.00e+00	1.6000	8.33e-15	34
0.660	2.58e-05	0.0	1.57e-05	3.47e-18	0.00	0.00e+00	1.6000	8.33e-15	34
0.660	2.58e-05	0.0	1.57e-05	1.00e-02	0.00	0.00e+00	1.6000	8.33e-15	34
0.660	2.58e-05	0.0	1.57e-05	2.00e-02	0.00	0.00e+00	1.6000	8.33e-15	34
0.660	2.58e-05	0.0	1.57e-05	3.00e-02	0.00	0.00e+00	1.6000	8.33e-15	34
0.660	2.58e-05	0.0	1.57e-05	4.00e-02	0.00	0.00e+00	1.6000	8.33e-15	34
0.650	2.74e-05	0.0	1.61e-05	-5.00e-02	0.00	0.00e+00	1.6000	8.33e-15	35
0.650	2.74e-05	0.0	1.61e-05	-4.00e-02	0.00	0.00e+00	1.6000	8.33e-15	35
0.650	2.74e-05	0.0	1.61e-05	-3.00e-02	0.00	0.00e+00	1.6000	8.33e-15	35
0.650	2.74e-05	0.0	1.61e-05	-2.00e-02	0.00	0.00e+00	1.6000	8.33e-15	35
0.650	2.74e-05	0.0	1.61e-05	-1.00e-02	0.00	0.00e+00	1.6000	8.33e-15	35
0.650	2.74e-05	0.0	1.61e-05	3.47e-18	0.00	0.00e+00	1.6000	8.33e-15	35
0.650	2.74e-05	0.0	1.61e-05	1.00e-02	0.00	0.00e+00	1.6000	8.33e-15	35
0.650	2.74e-05	0.0	1.61e-05	2.00e-02	0.00	0.00e+00	1.6000	8.33e-15	35
0.650	2.74e-05	0.0	1.61e-05	3.00e-02	0.00	0.00e+00	1.6000	8.33e-15	35
0.650	2.74e-05	0.0	1.61e-05	4.00e-02	0.00	0.00e+00	1.6000	8.33e-15	35
0.640	2.90e-05	0.0	1.66e-05	-5.00e-02	0.00	0.00e+00	1.6000	8.33e-15	36
0.640	2.90e-05	0.0	1.66e-05	-4.00e-02	0.00	0.00e+00	1.6000	8.33e-15	36
0.640	2.90e-05	0.0	1.66e-05	-3.00e-02	0.00	0.00e+00	1.6000	8.33e-15	36
0.640	2.90e-05	0.0	1.66e-05	-2.00e-02	0.00	0.00e+00	1.6000	8.33e-15	36
0.640	2.90e-05	0.0	1.66e-05	-1.00e-02	0.00	0.00e+00	1.6000	8.33e-15	36
0.640	2.90e-05	0.0	1.66e-05	3.47e-18	0.00	0.00e+00	1.6000	8.33e-15	36
0.640	2.90e-05	0.0	1.66e-05	1.00e-02	0.00	0.00e+00	1.6000	8.33e-15	36
0.640	2.90e-05	0.0	1.66e-05	2.00e-02	0.00	0.00e+00	1.6000	8.33e-15	36
0.640	2.90e-05	0.0	1.66e-05	3.00e-02	0.00	0.00e+00	1.6000	8.33e-15	36
0.640	2.90e-05	0.0	1.66e-05	4.00e-02	0.00	0.00e+00	1.6000	8.33e-15	36
0.630	3.07e-05	0.0	1.71e-05	-5.00e-02	0.00	0.00e+00	1.6000	8.33e-15	37
0.630	3.07e-05	0.0	1.71e-05	-4.00e-02	0.00	0.00e+00	1.6000	8.33e-15	37
0.630	3.07e-05	0.0	1.71e-05	-3.00e-02	0.00	0.00e+00	1.6000	8.33e-15	37
0.630	3.07e-05	0.0	1.71e-05	-2.00e-02	0.00	0.00e+00	1.6000	8.33e-15	37
0.630	3.07e-05	0.0	1.71e-05	-1.00e-02	0.00	0.00e+00	1.6000	8.33e-15	37
0.630	3.07e-05	0.0	1.71e-05	3.47e-18	0.00	0.00e+00	1.6000	8.33e-15	37
0.630	3.07e-05	0.0	1.71e-05	1.00e-02	0.00	0.00e+00	1.6000	8.33e-15	37
0.630	3.07e-05	0.0	1.71e-05	2.00e-02	0.00	0.00e+00	1.6000	8.33e-15	37
0.630	3.07e-05	0.0	1.71e-05	3.00e-02	0.00	0.00e+00	1.6000	8.33e-15	37
0.630	3.07e-05	0.0	1.71e-05	4.00e-02	0.00	0.00e+00	1.6000	8.33e-15	37
0.620	3.24e-05	0.0	1.75e-05	-5.00e-02	0.00	0.00e+00	1.6000	8.33e-15	38
0.620	3.24e-05	0.0	1.75e-05	-4.00e-02	0.00	0.00e+00	1.6000	8.33e-15	38
0.620	3.24e-05	0.0	1.75e-05	-3.00e-02	0.00	0.00e+00	1.6000	8.33e-15	38
0.620	3.24e-05	0.0	1.75e-05	-2.00e-02	0.00	0.00e+00	1.6000	8.33e-15	38
0.620	3.24e-05	0.0	1.75e-05	-1.00e-02	0.00	0.00e+00	1.6000	8.33e-15	38
0.620	3.24e-05	0.0	1.75e-05	3.47e-18	0.00	0.00e+00	1.6000	8.33e-15	38
0.620	3.24e-05	0.0	1.75e-05	1.00e-02	0.00	0.00e+00	1.6000	8.33e-15	38
0.620	3.24e-05	0.0	1.75e-05	2.00e-02	0.00	0.00e+00	1.6000	8.33e-15	38
0.620	3.24e-05	0.0	1.75e-05	3.00e-02	0.00	0.00e+00	1.6000	8.33e-15	38
0.620	3.24e-05	0.0	1.75e-05	4.00e-02	0.00	0.00e+00	1.6000	8.33e-15	38
0.610	3.41e-05	0.0	1.80e-05	-5.00e-02	0.00	0.00e+00	1.6000	8.33e-15	39
0.610	3.41e-05	0.0	1.80e-05	-4.00e-02	0.00	0.00e+00	1.6000	8.33e-15	39
0.610	3.41e-05	0.0	1.80e-05	-3.00e-02	0.00	0.00e+00	1.6000	8.33e-15	39
0.610	3.41e-05	0.0	1.80e-05	-2.00e-02	0.00	0.00e+00	1.6000	8.33e-15	39
0.610	3.41e-05	0.0	1.80e-05	-1.00e-02	0.00	0.00e+00	1.6000	8.33e-15	39
0.610	3.41e-05	0.0	1.80e-05	3.47e-18	0.00	0.00e+00	1.6000	8.33e-15	39
0.610	3.41e-05	0.0	1.80e-05	1.00e-02	0.00	0.00e+00	1.6000	8.33e-15	39
0.610	3.41e-05	0.0	1.80e-05	2.00e-02	0.00	0.00e+00	1.6000	8.33e-15	39
0.610	3.41e-05	0.0	1.80e-05	3.00e-02	0.00	0.00e+00	1.6000	8.33e-15	39
0.610	3.41e-05	0.0	1.80e-05	4.00e-02	0.00	0.00e+00	1.6000	8.33e-15	39
0.600	3.59e-05	0.0	1.85e-05	-5.00e-02	0.00	0.00e+00	1.6000	8.33e-15	40
0.600	3.59e-05	0.0	1.85e-05	-4.00e-02	0.00	0.00e+00	1.6000	8.33e-15	40
0.600	3.59e-05	0.0	1.85e-05	-3.00e-02	0.00	0.00e+00	1.6000	8.33e-15	40
0.600	3.59e-05	0.0	1.85e-05	-2.00e-02	0.00	0.00e+00	1.6000	8.33e-15	40
0.600	3.59e-05	0.0	1.85e-05	-1.00e-02	0.00	0.00e+00	1.6000	8.33e-15	40
0.600	3.59e-05	0.0	1.85e-05	3.47e-18	0.00	0.00e+00	1.6000	8.33e-15	40
0.600	3.59e-05	0.0	1.85e-05	1.00e-02	0.00	0.00e+00	1.6000	8.33e-15	40
0.600	3.59e-05	0.0	1.85e-05	2.00e-02	0.00	0.00e+00	1.6000	8.33e-15	40
0.600	3.59e-05	0.0	1.85e-05	3.00e-02	0.00	0.00e+00	1.6000	8.33e-15	40
0.600	3.59e-05	0.0	1.85e-05	4.00e-02	0.00	0.00e+00	1.6000	8.33e-15	40
0.590	3.78e-05	0.0	1.90e-05	-5.00e-02	0.00	0.00e+00	1.6000	8.33e-15	41
0.590	3.78e-05	0.0	1.90e-05	-4.00e-02	0.00	0.00e+00	1.6000	8.33e-15	41
0.590	3.78e-05	0.0	1.90e-05	-3.00e-02	0.00	0.00e+00	1.6000	8.33e-15	41
0.590	3.78e-05	0.0	1.90e-05	-2.00e-02	0.00	0.00e+00	1.6000	8.33e-15	41
0.590	3.78e-05	0.0	1.90e-05	-1.00e-02	0.00	0.00e+00	1.6000	8.33e-15	41
0.590	3.78e-05	0.0	1.90e-05	3.47e-18	0.00	0.00e+00	1.6000	8.33e-15	41
0.590	3.78e-05	0.0	1.90e-05	1.00e-02	0.00	0.00e+00	1.6000	8.33e-15	41
0.590	3.78e-05	0.0	1.90e-05	2.00e-02	0.00	0.00e+00	1.6000	8.33e-15	41
0.590	3.78e-05	0.0	1.90e-05	3.00e-02	0.00	0.00e+00	1.6000	8.33e-15	41
0.590	3.78e-05	0.0	1.90e-05	4.00e-02	0.00	0.00e+00	1.6000	8.33e-15	41
0.580	3.97e-05	0.0	1.95e-05	-5.00e-02	0.00	0.00e+00	1.6000	8.33e-15	42
0.580	3.97e-05	0.0	1.95e-05	-4.00e-02	0.00	0.00e+00	1.6000	8.33e-15	42
0.580	3.97e-05	0.0	1.95e-05	-3.00e-02	0.00	0.00e+00	1.6000	8.33e-15	42
0.580	3.97e-05	0.0	1.95e-05	-2.00e-02	0.00	0.00e+00	1.6000	8.33e-15	42
0.580	3.97e-05	0.0	1.95e-05	-1.00e-02	0.00	0.00e+00	1.6000	8.33e-15	42
0.580	3.97e-05	0.0	1.95e-05	3.47e-18	0.00	0.00e+00	1.6000	8.33e-15	42
0.580	3.97e-05	0.0	1.95e-05	1.00e-02	0.00	0.00e+00	1.6000	8.33e-15	42
0.580	3.97e-05	0.0	1.95e-05	2.00e-02	0.00	0.00e+00	1.6000	8.33e-15	42
0.580	3.97e-05	0.0	1.95e-05	3.00e-02	0.00	0.00e+00	1.6000	8.33e-15	42
0.580	3.97e-05	0.0	1.95e-05	4.00e-02	0.00	0.00e+00	1.6000	8.33e-15	42
0.570	4.16e-05	0.0	2.01e-05	-5.00e-02	0.00	0.00e+00	1.6000	8.33e-15	43
0.570	4.16e-05	0.0	2.01e-05	-4.00e-02	0.00	0.00e+00	1.6000	8.33e-15	43
0.570	4.16e-05	0.0	2.01e-05	-3.00e-02	0.00	0.00e+00	1.6000	8.33e-15	43
0.570	4.16e-05	0.0	2.01e-05	-2.00e-02	0.00	0.00e+00	1.6000	8.33e-15	43
0.570	4.16e-05	0.0	2.01e-05	-1.00e-02	0.00	0.00e+00	1.6000	8.33e-15	43
0.570	4.16e-05	0.0	2.01e-05	3.47e-18	0.00	0.00e+00	1.6000	8.33e-15	43
0.570	4.16e-05	0.0	2.01e-05	1.00e-02	0.00	0.00e+00	1.6000	8.33e-15	43
0.570	4.16e-05	0.0	2.01e-05	2.00e-02	0.00	0.00e+00	1.6000	8.33e-15	43
0.570	4.16e-05	0.0	2.01e-05	3.00e-02	0.00	0.00e+00	1.6000	8.33e-15	43
0.570	4.16e-05	0.0	2.01e-05	4.00e-02	0.00	0.00e+00	1.6000	8.33e-15	43
0.560	4.36e-05	0.0	2.07e-05	-5.00e-02	0.00	0.00e+00	1.6000	8.33e-15	44
0.560	4.36e-05	0.0	2.07e-05	-4.00e-02	0.00	0.00e+00	1.6000	8.33e-15	44
0.560	4.36e-05	0.0	2.07e-05	-3.00e-02	0.00	0.00e+00	1.6000	8.33e-15	44
0.560	4.36e-05	0.0	2.07e-05	-2.00e-02	0.00	0.00e+00	1.6000	8.33e-15	44
0.560	4.36e-05	0.0	2.07e-05	-1.00e-02	0.00	0.00e+00	1.6000	8.33e-15	44
0.560	4.36e-05	0.0	2.07e-05	3.47e-18	0.00	0.00e+00	1.6000	8.33e-15	44
0.560	4.36e-05	0.0	2.07e-05	1.00e-02	0.00	0.00e+00	1.6000	8.33e-15	44
0.560	4.36e-05	0.0	2.07e-05	2.00e-02	0.00	0.00e+00	1.6000	8.33e-15	44
0.560	4.36e-05	0.0	2.07e-05	3.00e-02	0.00	0.00e+00	1.6000	8.33e-15	44
0.560	4.36e-05	0.0	2.07e-05	4.00e-02	0.00	0.00e+00	1.6000	8.33e-15	44
0.550	4.57e-05	0.0	2.15e-05	-5.00e-02	0.00	0.00e+00	1.6000	8.33e-15	45
0.550	4.57e-05	0.0	2.15e-05	-4.00e-02	0.00	0.00e+00	1.6000	8.33e-15	45
0.550	4.57e-05	0.0	2.15e-05	-3.00e-02	0.00	0.00e+00	1.6000	8.33e-15	45
0.550	4.57e-05	0.0	2.15e-05	-2.00e-02	0.00	0.00e+00	1.6000	8.33e-15	45
0.550	4.57e-05	0.0	2.15e-05	-1.00e-02	0.00	0.00e+00	1.6000	8.33e-15	45
0.550	4.57e-05	0.0	2.15e-05	3.47e-18	0.00	0.00e+00	1.6000	8.33e-15	45
0.550	4.57e-05	0.0	2.15e-05	1.00e-02	0.00	0.00e+00	1.6000	8.33e-15	45
0.550	4.57e-05	0.0	2.15e-05	2.00e-02	0.00	0.00e+00	1.6000	8.33e-15	45
0.550	4.57e-05	0.0	2.15e-05	3.00e-02	0.00	0.00e+00	1.6000	8.33e-15	45
0.550	4.57e-05	0.0	2.15e-05	4.00e-02	0.00	0.00e+00	1.6000	8.33e-15	45
0.540	4.79e-05	0.0	2.24e-05	-5.00e-02	0.00	0.00e+00	1.6000	8.33e-15	46
0.540	4.79e-05	0.0	2.24e-05	-4.00e-02	0.00	0.00e+00	1.6000	8.33e-15	46
0.540	4.79e-05	0.0	2.24e-05	-3.00e-02	0.00	0.00e+00	1.6000	8.33e-15	46
0.540	4.79e-05	0.0	2.24e-05	-2.00e-02	0.00	0.00e+00	1.6000	8.33e-15	46
0.540	4.79e-05	0.0	2.24e-05	-1.00e-02	0.00	0.00e+00	1.6000	8.33e-15	46
0.540	4.79e-05	0.0	2.24e-05	3.47e-18	0.00	0.00e+00	1.6000	8.33e-15	46
0.540	4.79e-05	0.0	2.24e-05	1.00e-02	0.00	0.00e+00	1.6000	8.33e-15	46
0.540	4.79e-05	0.0	2.24e-05	2.00e-02	0.00	0.00e+00	1.6000	8.33e-15	46
0.540	4.79e-05	0.0	2.24e-05	3.00e-02	0.00	0.00e+00	1.6000	8.33e-15	46
0.540	4.79e-05	0.0	2.24e-05	4.00e-02	0.00	0.00e+00	1.6000	8.33e-15	46
0.530	5.01e-05	0.0	2.35e-05	-5.00e-02	0.00	0.00e+00	1.6000	8.33e-15	47
0.530	5.01e-05	0.0	2.35e-05	-4.00e-02	0.00	0.00e+00	1.6000	8.33e-15	47
0.530	5.01e-05	0.0	2.35e-05	-3.00e-02	0.00	0.00e+00	1.6000	8.33e-15	47
0.530	5.01e-05	0.0	2.35e-05	-2.00e-02	0.00	0.00e+00	1.6000	8.33e-15	47
0.530	5.01e-05	0.0	2.35e-05	-1.00e-02	0.00	0.00e+00	1.6000	8.33e-15	47
0.530	5.01e-05	0.0	2.35e-05	3.47e-18	0.00	0.00e+00	1.6000	8.33e-15	47
0.530	5.01e-05	0.0	2.35e-05	1.00e-02	0.00	0.00e+00	1.6000	8.33e-15	47
0.530	5.01e-05	0.0	2.35e-05	2.00e-02	0.00	0.00e+00	1.6000	8.33e-15	47
0.530	5.01e-05	0.0	2.35e-05	3.00e-02	0.00	0.00e+00	1.6000	8.33e-15	47
0.530	5.01e-05	0.0	2.35e-05	4.00e-02	0.00	0.00e+00	1.6000	8.33e-15	47
0.520	5.25e-05	0.0	2.50e-05	-5.00e-02	0.00	0.00e+00	1.6000	8.33e-15	48
0.520	5.25e-05	0.0	2.50e-05	-4.00e-02	0.00	0.00e+00	1.6000	8.33e-15	48
0.520	5.25e-05	0.0	2.50e-05	-3.00e-02	0.00	0.00e+00	1.6000	8.33e-15	48
0.520	5.25e-05	0.0	2.50e-05	-2.00e-02	0.00	0.00e+00	1.6000	8.33e-15	48
0.520	5.25e-05	0.0	2.50e-05	-1.00e-02	0.00	0.00e+00	1.6000	8.33e-15	48
0.520	5.25e-05	0.0	2.50e-05	3.47e-18	0.00	0.00e+00	1.6000	8.33e-15	48
0.520	5.25e-05	0.0	2.50e-05	1.00e-02	0.00	0.00e+00	1.6000	8.33e-15	48
0.520	5.25e-05	0.0	2.50e-05	2.00e-02	0.00	0.00e+00	1.6000	8.33e-15	48
0.520	5.25e-05	0.0	2.50e-05	3.00e-02	0.00	0.00e+00	1.6000	8.33e-15	48
0.520	5.25e-05	0.0	2.50e-05	4.00e-02	0.00	0.00e+00	1.6000	8.33e-15	48
0.510	5.50e-05	0.0	2.70e-05	-5.00e-02	0.00	0.00e+00	1.6000	8.33e-15	49
0.510	5.50e-05	0.0	2.70e-05	-4.00e-02	0.00	0.00e+00	1.6000	8.33e-15	49
0.510	5.50e-05	0.0	2.70e-05	-3.00e-02	0.00	0.00e+00	1.6000	8.33e-15	49
0.510	5.50e-05	0.0	2.70e-05	-2.00e-02	0.00	0.00e+00	1.6000	8.33e-15	49
0.510	5.50e-05	0.0	2.70e-05	-1.00e-02	0.00	0.00e+00	1.6000	8.33e-15	49
0.510	5.50e-05	0.0	2.70e-05	3.47e-18	0.00	0.00e+00	1.6000	8.33e-15	49
0.510	5.50e-05	0.0	2.70e-05	1.00e-02	0.00	0.00e+00	1.6000	8.33e-15	49
0.510	5.50e-05	0.0	2.70e-05	2.00e-02	0.00	0.00e+00	1.6000	8.33e-15	49
0.510	5.50e-05	0.0	2.70e-05	3.00e-02	0.00	0.00e+00	1.6000	8.33e-15	49
0.510	5.50e-05	0.0	2.70e-05	4.00e-02	0.00	0.00e+00	1.6000	8.33e-15	49
0.500	5.77e-05	0.0	2.97e-05	-5.00e-02	0.00	0.00e+00	1.6000	8.33e-15	50
0.500	5.77e-05	0.0	2.97e-05	-4.00e-02	0.00	0.00e+00	1.6000	8.33e-15	50
0.500	5.77e-05	0.0	2.97e-05	-3.00e-02	0.00	0.00e+00	1.6000	8.33e-15	50
0.500	5.77e-05	0.0	2.97e-05	-2.00e-02	0.00	0.00e+00	1.6000	8.33e-15	50
0.500	5.77e-05	0.0	2.97e-05	-1.00e-02	0.00	0.00e+00	1.6000	8.33e-15	50
0.500	5.77e-05	0.0	2.97e-05	3.47e-18	0.00	0.00e+00	1.6000	8.33e-15	50
0.500	5.77e-05	0.0	2.97e-05	1.00e-02	0.00	0.00e+00	1.6000	8.33e-15	50
0.500	5.77e-05	0.0	2.97e-05	2.00e-02	0.00	0.00e+00	1.6000	8.33e-15	50
0.500	5.77e-05	0.0	2.97e-05	3.00e-02	0.00	0.00e+00	1.6000	8.33e-15	50
0.500	5.77e-05	0.0	2.97e-05	4.00e-02	0.00	0.00e+00	1.6000	8.33e-15	50
0.490	6.06e-05	0.0	3.33e-05	-5.00e-02	0.00	0.00e+00	1.6000	8.33e-15	51
0.490	6.06e-05	0.0	3.33e-05	-4.00e-02	0.00	0.00e+00	1.6000	8.33e-15	51
0.490	6.06e-05	0.0	3.33e-05	-3.00e-02	0.00	0.00e+00	1.6000	8.33e-15	51
0.490	6.06e-05	0.0	3.33e-05	-2.00e-02	0.00	0.00e+00	1.6000	8.33e-15	51
0.490	6.06e-05	0.0	3.33e-05	-1.00e-02	0.00	0.00e+00	1.6000	8.33e-15	51
0.490	6.06e-05	0.0	3.33e-05	3.47e-18	0.00	0.00e+00	1.6000	8.33e-15	51
0.490	6.06e-05	0.0	3.33e-05	1.00e-02	0.00	0.00e+00	1.6000	8.33e-15	51
0.490	6.06e-05	0.0	3.33e-05	2.00e-02	0.00	0.00e+00	1.6000	8.33e-15	51
0.490	6.06e-05	0.0	3.33e-05	3.00e-02	0.00	0.00e+00	1.6000	8.33e-15	51
0.490	6.06e-05	0.0	3.33e-05	4.00e-02	0.00	0.00e+00	1.6000	8.33e-15	51
0.480	6.40e-05	0.0	3.83e-05	-5.00e-02	0.00	0.00e+00	1.6000	8.33e-15	52
0.480	6.40e-05	0.0	3.83e-05	-4.00e-02	0.00	0.00e+00	1.6000	8.33e-15	52
0.480	6.40e-05	0.0	3.83e-05	-3.00e-02	0.00	0.00e+00	1.6000	8.33e-15	52
0.480	6.40e-05	0.0	3.83e-05	-2.00e-02	0.00	0.00e+00	1.6000	8.33e-15	52
0.480	6.40e-05	0.0	3.83e-05	-1.00e-02	0.00	0.00e+00	1.6000	8.33e-15	52
0.480	6.40e-05	0.0	3.83e-05	3.47e-18	0.00	0.00e+00	1.6000	8.33e-15	52
0.480	6.40e-05	0.0	3.83e-05	1.00e-02	0.00	0.00e+00	1.6000	8.33e-15	52
0.480	6.40e-05	0.0	3.83e-05	2.00e-02	0.00	0.00e+00	1.6000	8.33e-15	52
0.480	6.40e-05	0.0	3.83e-05	3.00e-02	0.00	0.00e+00	1.6000	8.33e-15	52
0.480	6.40e-05	0.0	3.83e-05	4.00e-02	0.00	0.00e+00	1.6000	8.33e-15	52
0.470	6.78e-05	0.0	4.50e-05	-5.00e-02	0.00	0.00e+00	1.6000	8.33e-15	53
0.470	6.78e-05	0.0	4.50e-05	-4.00e-02	0.00	0.00e+00	1.6000	8.33e-15	53
0.470	6.78e-05	0.0	4.50e-05	-3.00e-02	0.00	0.00e+00	1.6000	8.33e-15	53
0.470	6.78e-05	0.0	4.50e-05	-2.00e-02	0.00	0.00e+00	1.6000	8.33e-15	53
0.470	6.78e-05	0.0	4.50e-05	-1.00e-02	0.00	0.00e+00	1.6000	8.33e-15	53
0.470	6.78e-05	0.0	4.50e-05	3.47e-18	0.00	0.00e+00	1.6000	8.33e-15	53
0.470	6.78e-05	0.0	4.50e-05	1.00e-02	0.00	0.00e+00	1.6000	8.33e-15	53
0.470	6.78e-05	0.0	4.50e-05	2.00e-02	0.00	0.00e+00	1.6000	8.33e-15	53
0.470	6.78e-05	0.0	4.50e-05	3.00e-02	0.00	0.00e+00	1.6000	8.33e-15	53
0.470	6.78e-05	0.0	4.50e-05	4.00e-02	0.00	0.00e+00	1.6000	8.33e-15	53
0.460	7.23e-05	0.0	5.41e-05	-5.00e-02	0.00	0.00e+00	1.6000	8.33e-15	54
0.460	7.23e-05	0.0	5.41e-05	-4.00e-02	0.00	0.00e+00	1.6000	8.33e-15	54
0.460	7.23e-05	0.0	5.41e-05	-3.00e-02	0.00	0.00e+00	1.6000	8.33e-15	54
0.460	7.23e-05	0.0	5.41e-05	-2.00e-02	0.00	0.00e+00	1.6000	8.33e-15	54
0.460	7.23e-05	0.0	5.41e-05	-1.00e-02	0.00	0.00e+00	1.6000	8.33e-15	54
0.460	7.23e-05	0.0	5.41e-05	3.47e-18	0.00	0.00e+00	1.6000	8.33e-15	54
0.460	7.23e-05	0.0	5.41e-05	1.00e-02	0.00	0.00e+00	1.6000	8.33e-15	54
0.460	7.23e-05	0.0	5.41e-05	2.00e-02	0.00	0.00e+00	1.6000	8.33e-15	54
0.460	7.23e-05	0.0	5.41e-05	3.00e-02	0.00	0.00e+00	1.6000	8.33e-15	54
0.460	7.23e-05	0.0	5.41e-05	4.00e-02	0.00	0.00e+00	1.6000	8.33e-15	54
0.450	7.77e-05	0.0	6.63e-05	-5.00e-02	0.00	0.00e+00	1.6000	8.33e-15	55
0.450	7.77e-05	0.0	6.63e-05	-4.00e-02	0.00	0.00e+00	1.6000	8.33e-15	55
0.450	7.77e-05	0.0	6.63e-05	-3.00e-02	0.00	0.00e+00	1.6000	8.33e-15	55
0.450	7.77e-05	0.0	6.63e-05	-2.00e-02	0.00	0.00e+00	1.6000	8.33e-15	55
0.450	7.77e-05	0.0	6.63e-05	-1.00e-02	0.00	0.00e+00	1.6000	8.33e-15	55
0.450	7.77e-05	0.0	6.63e-05	3.47e-18	0.00	0.00e+00	1.6000	8.33e-15	55
0.450	7.77e-05	0.0	6.63e-05	1.00e-02	0.00	0.00e+00	1.6000	8.33e-15	55
0.450	7.77e-05	0.0	6.63e-05	2.00e-02	0.00	0.00e+00	1.6000	8.33e-15	55
0.450	7.77e-05	0.0	6.63e-05	3.00e-02	0.00	0.00e+00	1.6000	8.33e-15	55
0.450	7.77e-05	0.0	6.63e-05	4.00e-02	0.00	0.00e+00	1.6000	8.33e-15	55
0.440	8.43e-05	0.0	8.24e-05	-5.00e-02	0.00	0.00e+00	1.6000	8.33e-15	56
0.440	8.43e-05	0.0	8.24e-05	-4.00e-02	0.00	0.00e+00	1.6000	8.33e-15	56
0.440	8.43e-05	0.0	8.24e-05	-3.00e-02	0.00	0.00e+00	1.6000	8.33e-15	56
0.440	8.43e-05	0.0	8.24e-05	-2.00e-02	0.00	0.00e+00	1.6000	8.33e-15	56
0.440	8.43e-05	0.0	8.24e-05	-1.00e-02	0.00	0.00e+00	1.6000	8.33e-15	56
0.440	8.43e-05	0.0	8.24e-05	3.47e-18	0.00	0.00e+00	1.6000	8.33e-15	56
0.440	8.43e-05	0.0	8.24e-05	1.00e-02	0.00	0.00e+00	1.6000	8.33e-15	56
0.440	8.43e-05	0.0	8.24e-05	2.00e-02	0.00	0.00e+00	1.6000	8.33e-15	56
0.440	8.43e-05	0.0	8.24e-05	3.00e-02	0.00	0.00e+00	1.6000	8.33e-15	56
0.440	8.43e-05	0.0	8.24e-05	4.00e-02	0.00	0.00e+00	1.6000	8.33e-15	56
0.430	9.26e-05	0.0	1.04e-04	-5.00e-02	0.00	0.00e+00	1.6000	8.33e-15	57
0.430	9.26e-05	0.0	1.04e-04	-4.00e-02	0.00	0.00e+00	1.6000	8.33e-15	57
0.430	9.26e-05	0.0	1.04e-04	-3.00e-02	0.00	0.00e+00	1.6000	8.33e-15	57
0.430	9.26e-05	0.0	1.04e-04	-2.00e-02	0.00	0.00e+00	1.6000	8.33e-15	57
0.430	9.26e-05	0.0	1.04e-04	-1.00e-02	0.00	0.00e+00	1.6000	8.33e-15	57
0.430	9.26e-05	0.0	1.04e-04	3.47e-18	0.00	0.00e+00	1.6000	8.33e-15	57
0.430	9.26e-05	0.0	1.04e-04	1.00e-02	0.00	0.00e+00	1.6000	8.33e-15	57
0.430	9.26e-05	0.0	1.04e-04	2.00e-02	0.00	0.00e+00	1.6000	8.33e-15	57
0.430	9.26e-05	0.0	1.04e-04	3.00e-02	0.00	0.00e+00	1.6000	8.33e-15	57
0.430	9.26e-05	0.0	1.04e-04	4.00e-02	0.00	0.00e+00	1.6000	8.33e-15	57
0.420	1.03e-04	0.0	1.31e-04	-5.00e-02	0.00	0.00e+00	1.6000	8.33e-15	58
0.420	1.03e-04	0.0	1.31e-04	-4.00e-02	0.00	0.00e+00	1.6000	8.33e-15	58
0.420	1.03e-04	0.0	1.31e-04	-3.00e-02	0.00	0.00e+00	1.6000	8.33e-15	58
0.420	1.03e-04	0.0	1.31e-04	-2.00e-02	0.00	0.00e+00	1.6000	8.33e-15	58
0.420	1.03e-04	0.0	1.31e-04	-1.00e-02	0.00	0.00e+00	1.6000	8.33e-15	58
0.420	1.03e-04	0.0	1.31e-04	3.47e-18	0.00	0.00e+00	1.6000	8.33e-15	58
0.420	1.03e-04	0.0	1.31e-04	1.00e-02	0.00	0.00e+00	1.6000	8.33e-15	58
0.420	1.03e-04	0.0	1.31e-04	2.00e-02	0.00	0.00e+00	1.6000	8.33e-15	58
0.420	1.03e-04	0.0	1.31e-04	3.00e-02	0.00	0.00e+00	1.6000	8.33e-15	58
0.420	1.03e-04	0.0	1.31e-04	4.00e-02	0.00	0.00e+00	1.6000	8.33e-15	58
0.410	1.16e-04	0.0	1.67e-04	-5.00e-02	0.00	0.00e+00	1.6000	8.33e-15	59
0.410	1.16e-04	0.0	1.67e-04	-4.00e-02	0.00	0.00e+00	1.6000	8.33e-15	59
0.410	1.16e-04	0.0	1.67e-04	-3.00e-02	0.00	0.00e+00	1.6000	8.33e-15	59
0.410	1.16e-04	0.0	1.67e-04	-2.00e-02	0.00	0.00e+00	1.6000	8.33e-15	59
0.410	1.16e-04	0.0	1.67e-04	-1.00e-02	0.00	0.00e+00	1.6000	8.33e-15	59
0.410	1.16e-04	0.0	1.67e-04	3.47e-18	0.00	0.00e+00	1.6000	8.33e-15	59
0.410	1.16e-04	0.0	1.67e-04	1.00e-02	0.00	0.00e+00	1.6000	8.33e-15	59
0.410	1.16e-04	0.0	1.67e-04	2.00e-02	0.00	0.00e+00	1.6000	8.33e-15	59
0.410	1.16e-04	0.0	1.67e-04	3.00e-02	0.00	0.00e+00	1.6000	8.33e-15	59
0.410	1.16e-04	0.0	1.67e-04	4.00e-02	0.00	0.00e+00	1.6000	8.33e-15	59
0.400	1.33e-04	0.0	2.13e-04	-5.00e-02	0.00	0.00e+00	1.6000	8.33e-15	60
0.400	1.33e-04	0.0	2.13e-04	-4.00e-02	0.00	0.00e+00	1.6000	8.33e-15	60
0.400	1.33e-04	0.0	2.13e-04	-3.00e-02	0.00	0.00e+00	1.6000	8.33e-15	60
0.400	1.33e-04	0.0	2.13e-04	-2.00e-02	0.00	0.00e+00	1.6000	8.33e-15	60
0.400	1.33e-04	0.0	2.13e-04	-1.00e-02	0.00	0.00e+00	1.6000	8.33e-15	60
0.400	1.33e-04	0.0	2.13e-04	3.47e-18	0.00	0.00e+00	1.6000	8.33e-15	60
0.400	1.33e-04	0.0	2.13e-04	1.00e-02	0.00	0.00e+00	1.6000	8.33e-15	60
0.400	1.33e-04	0.0	2.13e-04	2.00e-02	0.00	0.00e+00	1.6000	8.33e-15	60
0.400	1.33e-04	0.0	2.13e-04	3.00e-02	0.00	0.00e+00	1.6000	8.33e-15	60
0.400	1.33e-04	0.0	2.13e-04	4.00e-02	0.00	0.00e+00	1.6000	8.33e-15	60
0.390	1.54e-04	0.0	2.70e-04	-5.00e-02	0.00	0.00e+00	1.6000	8.33e-15	61
0.390	1.54e-04	0.0	2.70e-04	-4.00e-02	0.00	0.00e+00	1.6000	8.33e-15	61
0.390	1.54e-04	0.0	2.70e-04	-3.00e-02	0.00	0.00e+00	1.6000	8.33e-15	61
0.390	1.54e-04	0.0	2.70e-04	-2.00e-02	0.00	0.00e+00	1.6000	8.33e-15	61
0.390	1.54e-04	0.0	2.70e-04	-1.00e-02	0.00	0.00e+00	1.6000	8.33e-15	61
0.390	1.54e-04	0.0	2.70e-04	3.47e-18	0.00	0.00e+00	1.6000	8.33e-15	61
0.390	1.54e-04	0.0	2.70e-04	1.00e-02	0.00	0.00e+00	1.6000	8.33e-15	61
0.390	1.54e-04	0.0	2.70e-04	2.00e-02	0.00	0.00e+00	1.6000	8.33e-15	61
0.390	1.54e-04	0.0	2.70e-04	3.00e-02	0.00	0.00e+00	1.6000	8.33e-15	61
0.390	1.54e-04	0.0	2.70e-04	4.00e-02	0.00	0.00e+00	1.6000	8.33e-15	61
0.380	1.81e-04	0.0	3.42e-04	-5.00e-02	0.00	0.00e+00	1.6000	8.33e-15	62
0.380	1.81e-04	0.0	3.42e-04	-4.00e-02	0.00	0.00e+00	1.6000	8.33e-15	62
0.380	1.81e-04	0.0	3.42e-04	-3.00e-02	0.00	0.00e+00	1.6000	8.33e-15	62
0.380	1.81e-04	0.0	3.42e-04	-2.00e-02	0.00	0.00e+00	1.6000	8.33e-15	62
0.380	1.81e-04	0.0	3.42e-04	-1.00e-02	0.00	0.00e+00	1.6000	8.33e-15	62
0.380	1.81e-04	0.0	3.42e-04	3.47e-18	0.00	0.00e+00	1.6000	8.33e-15	62
0.380	1.81e-04	0.0	3.42e-04	1.00e-02	0.00	0.00e+00	1.6000	8.33e-15	62
0.380	1.81e-04	0.0	3.42e-04	2.00e-02	0.00	0.00e+00	1.6000	8.33e-15	62
0.380	1.81e-04	0.0	3.42e-04	3.00e-02	0.00	0.00e+00	1.6000	8.33e-15	62
0.380	1.81e-04	0.0	3.42e-04	4.00e-02	0.00	0.00e+00	1.6000	8.33e-15	62
0.370	2.15e-04	0.0	4.30e-04	-5.00e-02	0.00	0.00e+00	1.6000	8.33e-15	63
0.370	2.15e-04	0.0	4.30e-04	-4.00e-02	0.00	0.00e+00	1.6000	8.33e-15	63
0.370	2.15e-04	0.0	4.30e-04	-3.00e-02	0.00	0.00e+00	1.6000	8.33e-15	63
0.370	2.15e-04	0.0	4.30e-04	-2.00e-02	0.00	0.00e+00	1.6000	8.33e-15	63
0.370	2.15e-04	0.0	4.30e-04	-1.00e-02	0.00	0.00e+00	1.6000	8.33e-15	63
0.370	2.15e-04	0.0	4.30e-04	3.47e-18	0.00	0.00e+00	1.6000	8.33e-15	63
0.370	2.15e-04	0.0	4.30e-04	1.00e-02	0.00	0.00e+00	1.6000	8.33e-15	63
0.370	2.15e-04	0.0	4.30e-04	2.00e-02	0.00	0.00e+00	1.6000	8.33e-15	63
0.370	2.15e-04	0.0	4.30e-04	3.00e-02	0.00	0.00e+00	1.6000	8.33e-15	63
0.370	2.15e-04	0.0	4.30e-04	4.00e-02	0.00	0.00e+00	1.6000	8.33e-15	63
0.360	2.58e-04	0.0	5.38e-04	-5.00e-02	0.00	0.00e+00	1.6000	8.33e-15	64
0.360	2.58e-04	0.0	5.38e-04	-4.00e-02	0.00	0.00e+00	1.6000	8.33e-15	64
0.360	2.58e-04	0.0	5.38e-04	-3.00e-02	0.00	0.00e+00	1.6000	8.33e-15	64
0.360	2.58e-04	0.0	5.38e-04	-2.00e-02	0.00	0.00e+00	1.6000	8.33e-15	64
0.360	2.58e-04	0.0	5.38e-04	-1.00e-02	0.00	0.00e+00	1.6000	8.33e-15	64
0.360	2.58e-04	0.0	5.38e-04	3.47e-18	0.00	0.00e+00	1.6000	8.33e-15	64
0.360	2.58e-04	0.0	5.38e-04	1.00e-02	0.00	0.00e+00	1.6000	8.33e-15	64
0.360	2.58e-04	0.0	5.38e-04	2.00e-02	0.00	0.00e+00	1.6000	8.33e-15	64
0.360	2.58e-04	0.0	5.38e-04	3.00e-02	0.00	0.00e+00	1.6000	8.33e-15	64
0.360	2.58e-04	0.0	5.38e-04	4.00e-02	0.00	0.00e+00	1.6000	8.33e-15	64
0.350	3.12e-04	0.0	6.68e-04	-5.00e-02	0.00	0.00e+00	1.6000	8.33e-15	65
0.350	3.12e-04	0.0	6.68e-04	-4.00e-02	0.00	0.00e+00	1.6000	8.33e-15	65
0.350	3.12e-04	0.0	6.68e-04	-3.00e-02	0.00	0.00e+00	1.6000	8.33e-15	65
0.350	3.12e-04	0.0	6.68e-04	-2.00e-02	0.00	0.00e+00	1.6000	8.33e-15	65
0.350	3.12e-04	0.0	6.68e-04	-1.00e-02	0.00	0.00e+00	1.6000	8.33e-15	65
0.350	3.12e-04	0.0	6.68e-04	3.47e-18	0.00	0.00e+00	1.6000	8.33e-15	65
0.350	3.12e-04	0.0	6.68e-04	1.00e-02	0.00	0.00e+00	1.6000	8.33e-15	65
0.350	3.12e-04	0.0	6.68e-04	2.00e-02	0.00	0.00e+00	1.6000	8.33e-15	65
0.350	3.12e-04	0.0	6.68e-04	3.00e-02	0.00	0.00e+00	1.6000	8.33e-15	65
0.350	3.12e-04	0.0	6.68e-04	4.00e-02	0.00	0.00e+00	1.6000	8.33e-15	65
0.340	3.79e-04	0.0	8.22e-04	-5.00e-02	0.00	0.00e+00	1.6000	8.33e-15	66
0.340	3.79e-04	0.0	8.22e-04	-4.00e-02	0.00	0.00e+00	1.6000	8.33e-15	66
0.340	3.79e-04	0.0	8.22e-04	-3.00e-02	0.00	0.00e+00	1.6000	8.33e-15	66
0.340	3.79e-04	0.0	8.22e-04	-2.00e-02	0.00	0.00e+00	1.6000	8.33e-15	66
0.340	3.79e-04	0.0	8.22e-04	-1.00e-02	0.00	0.00e+00	1.6000	8.33e-15	66
0.340	3.79e-04	0.0	8.22e-04	3.47e-18	0.00	0.00e+00	1.6000	8.33e-15	66
0.340	3.79e-04	0.0	8.22e-04	1.00e-02	0.00	0.00e+00	1.6000	8.33e-15	66
0.340	3.79e-04	0.0	8.22e-04	2.00e-02	0.00	0.00e+00	1.6000	8.33e-15	66
0.340	3.79e-04	0.0	8.22e-04	3.00e-02	0.00	0.00e+00	1.6000	8.33e-15	66
0.340	3.79e-04	0.0	8.22e-04	4.00e-02	0.00	0.00e+00	1.6000	8.33e-15	66
0.330	4.61e-04	0.0	1.00e-03	-5.00e-02	0.00	0.00e+00	1.6000	8.33e-15	67
0.330	4.61e-04	0.0	1.00e-03	-4.00e-02	0.00	0.00e+00	1.6000	8.33e-15	67
0.330	4.61e-04	0.0	1.00e-03	-3.00e-02	0.00	0.00e+00	1.6000	8.33e-15	67
0.330	4.61e-04	0.0	1.00e-03	-2.00e-02	0.00	0.00e+00	1.6000	8.33e-15	67
0.330	4.61e-04	0.0	1.00e-03	-1.00e-02	0.00	0.00e+00	1.6000	8.33e-15	67
0.330	4.61e-04	0.0	1.00e-03	3.47e-18	0.00	0.00e+00	1.6000	8.33e-15	67
0.330	4.61e-04	0.0	1.00e-03	1.00e-02	0.00	0.00e+00	1.6000	8.33e-15	67
0.330	4.61e-04	0.0	1.00e-03	2.00e-02	0.00	0.00e+00	1.6000	8.33e-15	67
0.330	4.61e-04	0.0	1.00e-03	3.00e-02	0.00	0.00e+00	1.6000	8.33e-15	67
0.330	4.61e-04	0.0	1.00e-03	4.00e-02	0.00	0.00e+00	1.6000	8.33e-15	67
0.320	5.61e-04	0.0	1.21e-03	-5.00e-02	0.00	0.00e+00	1.6000	8.33e-15	68
0.320	5.61e-04	0.0	1.21e-03	-4.00e-02	0.00	0.00e+00	1.6000	8.33e-15	68
0.320	5.61e-04	0.0	1.21e-03	-3.00e-02	0.00	0.00e+00	1.6000	8.33e-15	68
0.320	5.61e-04	0.0	1.21e-03	-2.00e-02	0.00	0.00e+00	1.6000	8.33e-15	68
0.320	5.61e-04	0.0	1.21e-03	-1.00e-02	0.00	0.00e+00	1.6000	8.33e-15	68
0.320	5.61e-04	0.0	1.21e-03	3.47e-18	0.00	0.00e+00	1.6000	8.33e-15	68
0.320	5.61e-04	0.0	1.21e-03	1.00e-02	0.00	0.00e+00	1.6000	8.33e-15	68
0.320	5.61e-04	0.0	1.21e-03	2.00e-02	0.00	0.00e+00	1.6000	8.33e-15	68
0.320	5.61e-04	0.0	1.21e-03	3.00e-02	0.00	0.00e+00	1.6000	8.33e-15	68
0.320	5.61e-04	0.0	1.21e-03	4.00e-02	0.00	0.00e+00	1.6000	8.33e-15	68
0.310	6.83e-04	0.0	1.45e-03	-5.00e-02	0.00	0.00e+00	1.6000	8.33e-15	69
0.310	6.83e-04	0.0	1.45e-03	-4.00e-02	0.00	0.00e+00	1.6000	8.33e-15	69
0.310	6.83e-04	0.0	1.45e-03	-3.00e-02	0.00	0.00e+00	1.6000	8.33e-15	69
0.310	6.83e-04	0.0	1.45e-03	-2.00e-02	0.00	0.00e+00	1.6000	8.33e-15	69
0.310	6.83e-04	0.0	1.45e-03	-1.00e-02	0.00	0.00e+00	1.6000	8.33e-15	69
0.310	6.83e-04	0.0	1.45e-03	3.47e-18	0.00	0.00e+00	1.6000	8.33e-15	69
0.310	6.83e-04	0.0	1.45e-03	1.00e-02	0.00	0.00e+00	1.6000	8.33e-15	69
0.310	6.83e-04	0.0	1.45e-03	2.00e-02	0.00	0.00e+00	1.6000	8.33e-15	69
0.310	6.83e-04	0.0	1.45e-03	3.00e-02	0.00	0.00e+00	1.6000	8.33e-15	69
0.310	6.83e-04	0.0	1.45e-03	4.00e-02	0.00	0.00e+00	1.6000	8.33e-15	69
0.300	8.27e-04	0.0	1.72e-03	-5.00e-02	0.00	0.00e+00	1.6000	8.33e-15	70
0.300	8.27e-04	0.0	1.72e-03	-4.00e-02	0.00	0.00e+00	1.6000	8.33e-15	70
0.300	8.27e-04	0.0	1.72e-03	-3.00e-02	0.00	0.00e+00	1.6000	8.33e-15	70
0.300	8.27e-04	0.0	1.72e-03	-2.00e-02	0.00	0.00e+00	1.6000	8.33e-15	70
0.300	8.27e-04	0.0	1.72e-03	-1.00e-02	0.00	0.00e+00	1.6000	8.33e-15	70
0.300	8.27e-04	0.0	1.72e-03	3.47e-18	0.00	0.00e+00	1.6000	8.33e-15	70
0.300	8.27e-04	0.0	1.72e-03	1.00e-02	0.00	0.00e+00	1.6000	8.33e-15	70
0.300	8.27e-04	0.0	1.72e-03	2.00e-02	0.00	0.00e+00	1.6000	8.33e-15	70
0.300	8.27e-04	0.0	1.72e-03	3.00e-02	0.00	0.00e+00	1.6000	8.33e-15	70
0.300	8.27e-04	0.0	1.72e-03	4.00e-02	0.00	0.00e+00	1.6000	8.33e-15	70
0.290	9.99e-04	0.0	2.01e-03	-5.00e-02	0.00	0.00e+00	1.6000	8.33e-15	71
0.290	9.99e-04	0.0	2.01e-03	-4.00e-02	0.00	0.00e+00	1.6000	8.33e-15	71
0.290	9.99e-04	0.0	2.01e-03	-3.00e-02	0.00	0.00e+00	1.6000	8.33e-15	71
0.290	9.99e-04	0.0	2.01e-03	-2.00e-02	0.00	0.00e+00	1.6000	8.33e-15	71
0.290	9.99e-04	0.0	2.01e-03	-1.00e-02	0.00	0.00e+00	1.6000	8.33e-15	71
0.290	9.99e-04	0.0	2.01e-03	3.47e-18	0.00	0.00e+00	1.6000	8.33e-15	71
0.290	9.99e-04	0.0	2.01e-03	1.00e-02	0.00	0.00e+00	1.6000	8.33e-15	71
0.290	9.99e-04	0.0	2.01e-03	2.00e-02	0.00	0.00e+00	1.6000	8.33e-15	71
0.290	9.99e-04	0.0	2.01e-03	3.00e-02	0.00	0.00e+00	1.6000	8.33e-15	71
0.290	9.99e-04	0.0	2.01e-03	4.00e-02	0.00	0.00e+00	1.6000	8.33e-15	71
0.280	1.20e-03	0.0	2.32e-03	-5.00e-02	0.00	0.00e+00	1.6000	8.33e-15	72
0.280	1.20e-03	0.0	2.32e-03	-4.00e-02	0.00	0.00e+00	1.6000	8.33e-15	72
0.280	1.20e-03	0.0	2.32e-03	-3.00e-02	0.00	0.00e+00	1.6000	8.33e-15	72
0.280	1.20e-03	0.0	2.32e-03	-2.00e-02	0.00	0.00e+00	1.6000	8.33e-15	72
0.280	1.20e-03	0.0	2.32e-03	-1.00e-02	0.00	0.00e+00	1.6000	8.33e-15	72
0.280	1.20e-03	0.0	2.32e-03	3.47e-18	0.00	0.00e+00	1.6000	8.33e-15	72
0.280	1.20e-03	0.0	2.32e-03	1.00e-02	0.00	0.00e+00	1.6000	8.33e-15	72
0.280	1.20e-03	0.0	2.32e-03	2.00e-02	0.00	0.00e+00	1.6000	8.33e-15	72
0.280	1.20e-03	0.0	2.32e-03	3.00e-02	0.00	0.00e+00	1.6000	8.33e-15	72
0.280	1.20e-03	0.0	2.32e-03	4.00e-02	0.00	0.00e+00	1.6000	8.33e-15	72
0.270	1.43e-03	0.0	2.66e-03	-5.00e-02	0.00	0.00e+00	1.6000	8.33e-15	73
0.270	1.43e-03	0.0	2.66e-03	-4.00e-02	0.00	0.00e+00	1.6000	8.33e-15	73
0.270	1.43e-03	0.0	2.66e-03	-3.00e-02	0.00	0.00e+00	1.6000	8.33e-15	73
0.270	1.43e-03	0.0	2.66e-03	-2.00e-02	0.00	0.00e+00	1.6000	8.33e-15	73
0.270	1.43e-03	0.0	2.66e-03	-1.00e-02	0.00	0.00e+00	1.6000	8.33e-15	73
0.270	1.43e-03	0.0	2.66e-03	3.47e-18	0.00	0.00e+00	1.6000	8.33e-15	73
0.270	1.43e-03	0.0	2.66e-03	1.00e-02	0.00	0.00e+00	1.6000	8.33e-15	73
0.270	1.43e-03	0.0	2.66e-03	2.00e-02	0.00	0.00e+00	1.6000	8.33e-15	73
0.270	1.43e-03	0.0	2.66e-03	3.00e-02	0.00	0.00e+00	1.6000	8.33e-15	73
0.270	1.43e-03	0.0	2.66e-03	4.00e-02	0.00	0.00e+00	1.6000	8.33e-15	73
0.260	1.70e-03	0.0	2.99e-03	-5.00e-02	0.00	0.00e+00	1.6000	8.33e-15	74
0.260	1.70e-03	0.0	2.99e-03	-4.00e-02	0.00	0.00e+00	1.6000	8.33e-15	74
0.260	1.70e-03	0.0	2.99e-03	-3.00e-02	0.00	0.00e+00	1.6000	8.33e-15	74
0.260	1.70e-03	0.0	2.99e-03	-2.00e-02	0.00	0.00e+00	1.6000	8.33e-15	74
0.260	1.70e-03	0.0	2.99e-03	-1.00e-02	0.00	0.00e+00	1.6000	8.33e-15	74
0.260	1.70e-03	0.0	2.99e-03	3.47e-18	0.00	0.00e+00	1.6000	8.33e-15	74
0.260	1.70e-03	0.0	2.99e-03	1.00e-02	0.00	0.00e+00	1.6000	8.33e-15	74
0.260	1.70e-03	0.0	2.99e-03	2.00e-02	0.00	0.00e+00	1.6000	8.33e-15	74
0.260	1.70e-03	0.0	2.99e-03	3.00e-02	0.00	0.00e+00	1.6000	8.33e-15	74
0.260	1.70e-03	0.0	2.99e-03	4.00e-02	0.00	0.00e+00	1.6000	8.33e-15	74
0.250	2.00e-03	0.0	3.32e-03	-5.00e-02	0.00	0.00e+00	1.6000	8.33e-15	75
0.250	2.00e-03	0.0	3.32e-03	-4.00e-02	0.00	0.00e+00	1.6000	8.33e-15	75
0.250	2.00e-03	0.0	3.32e-03	-3.00e-02	0.00	0.00e+00	1.6000	8.33e-15	75
0.250	2.00e-03	0.0	3.32e-03	-2.00e-02	0.00	0.00e+00	1.6000	8.33e-15	75
0.250	2.00e-03	0.0	3.32e-03	-1.00e-02	0.00	0.00e+00	1.6000	8.33e-15	75
0.250	2.00e-03	0.0	3.32e-03	3.47e-18	0.00	0.00e+00	1.6000	8.33e-15	75
0.250	2.00e-03	0.0	3.32e-03	1.00e-02	0.00	0.00e+00	1.6000	8.33e-15	75
0.250	2.00e-03	0.0	3.32e-03	2.00e-02	0.00	0.00e+00	1.6000	8.33e-15	75
0.250	2.00e-03	0.0	3.32e-03	3.00e-02	0.00	0.00e+00	1.6000	8.33e-15	75
0.250	2.00e-03	0.0	3.32e-03	4.00e-02	0.00	0.00e+00	1.6000	8.33e-15	75
0.240	2.33e-03	0.0	3.63e-03	-5.00e-02	0.00	0.00e+00	1.6000	8.33e-15	76
0.240	2.33e-03	0.0	3.63e-03	-4.00e-02	0.00	0.00e+00	1.6000	8.33e-15	76
0.240	2.33e-03	0.0	3.63e-03	-3.00e-02	0.00	0.00e+00	1.6000	8.33e-15	76
0.240	2.33e-03	0.0	3.63e-03	-2.00e-02	0.00	0.00e+00	1.6000	8.33e-15	76
0.240	2.33e-03	0.0	3.63e-03	-1.00e-02	0.00	0.00e+00	1.6000	8.33e-15	76
0.240	2.33e-03	0.0	3.63e-03	3.47e-18	0.00	0.00e+00	1.6000	8.33e-15	76
0.240	2.33e-03	0.0	3.63e-03	1.00e-02	0.00	0.00e+00	1.6000	8.33e-15	76
0.240	2.33e-03	0.0	3.63e-03	2.00e-02	0.00	0.00e+00	1.6000	8.33e-15	76
0.240	2.33e-03	0.0	3.63e-03	3.00e-02	0.00	0.00e+00	1.6000	8.33e-15	76
0.240	2.33e-03	0.0	3.63e-03	4.00e-02	0.00	0.00e+00	1.6000	8.33e-15	76
0.230	2.69e-03	0.0	3.88e-03	-5.00e-02	0.00	0.00e+00	1.6000	8.33e-15	77
0.230	2.69e-03	0.0	3.88e-03	-4.00e-02	0.00	0.00e+00	1.6000	8.33e-15	77
0.230	2.69e-03	0.0	3.88e-03	-3.00e-02	0.00	0.00e+00	1.6000	8.33e-15	77
0.230	2.69e-03	0.0	3.88e-03	-2.00e-02	0.00	0.00e+00	1.6000	8.33e-15	77
0.230	2.69e-03	0.0	3.88e-03	-1.00e-02	0.00	0.00e+00	1.6000	8.33e-15	77
0.230	2.69e-03	0.0	3.88e-03	3.47e-18	0.00	0.00e+00	1.6000	8.33e-15	77
0.230	2.69e-03	0.0	3.88e-03	1.00e-02	0.00	0.00e+00	1.6000	8.33e-15	77
0.230	2.69e-03	0.0	3.88e-03	2.00e-02	0.00	0.00e+00	1.6000	8.33e-15	77
0.230	2.69e-03	0.0	3.88e-03	3.00e-02	0.00	0.00e+00	1.6000	8.33e-15	77
0.230	2.69e-03	0.0	3.88e-03	4.00e-02	0.00	0.00e+00	1.6000	8.33e-15	77
0.220	3.08e-03	0.0	4.07e-03	-5.00e-02	0.00	0.00e+00	1.6000	8.33e-15	78
0.220	3.08e-03	0.0	4.07e-03	-4.00e-02	0.00	0.00e+00	1.6000	8.33e-15	78
0.220	3.08e-03	0.0	4.07e-03	-3.00e-02	0.00	0.00e+00	1.6000	8.33e-15	78
0.220	3.08e-03	0.0	4.07e-03	-2.00e-02	0.00	0.00e+00	1.6000	8.33e-15	78
0.220	3.08e-03	0.0	4.07e-03	-1.00e-02	0.00	0.00e+00	1.6000	8.33e-15	78
0.220	3.08e-03	0.0	4.07e-03	3.47e-18	0.00	0.00e+00	1.6000	8.33e-15	78
0.220	3.08e-03	0.0	4.07e-03	1.00e-02	0.00	0.00e+00	1.6000	8.33e-15	78
0.220	3.08e-03	0.0	4.07e-03	2.00e-02	0.00	0.00e+00	1.6000	8.33e-15	78
0.220	3.08e-03	0.0	4.07e-03	3.00e-02	0.00	0.00e+00	1.6000	8.33e-15	78
0.220	3.08e-03	0.0	4.07e-03	4.00e-02	0.00	0.00e+00	1.6000	8.33e-15	78
0.210	3.49e-03	0.0	4.14e-03	-5.00e-02	0.00	0.00e+00	1.6000	8.33e-15	79
0.210	3.49e-03	0.0	4.14e-03	-4.00e-02	0.00	0.00e+00	1.6000	8.33e-15	79
0.210	3.49e-03	0.0	4.14e-03	-3.00e-02	0.00	0.00e+00	1.6000	8.33e-15	79
0.210	3.49e-03	0.0	4.14e-03	-2.00e-02	0.00	0.00e+00	1.6000	8.33e-15	79
0.210	3.49e-03	0.0	4.14e-03	-1.00e-02	0.00	0.00e+00	1.6000	8.33e-15	79
0.210	3.49e-03	0.0	4.14e-03	3.47e-18	0.00	0.00e+00	1.6000	8.33e-15	79
0.210	3.49e-03	0.0	4.14e-03	1.00e-02	0.00	0.00e+00	1.6000	8.33e-15	79
0.210	3.49e-03	0.0	4.14e-03	2.00e-02	0.00	0.00e+00	1.6000	8.33e-15	79
0.210	3.49e-03	0.0	4.14e-03	3.00e-02	0.00	0.00e+00	1.6000	8.33e-15	79
0.210	3.49e-03	0.0	4.14e-03	4.00e-02	0.00	0.00e+00	1.6000	8.33e-15	79
0.200	3.90e-03	0.0	4.07e-03	-5.00e-02	0.00	0.00e+00	1.6000	8.33e-15	80
0.200	3.90e-03	0.0	4.07e-03	-4.00e-02	0.00	0.00e+00	1.6000	8.33e-15	80
0.200	3.90e-03	0.0	4.07e-03	-3.00e-02	0.00	0.00e+00	1.6000	8.33e-15	80
0.200	3.90e-03	0.0	4.07e-03	-2.00e-02	0.00	0.00e+00	1.6000	8.33e-15	80
0.200	3.90e-03	0.0	4.07e-03	-1.00e-02	0.00	0.00e+00	1.6000	8.33e-15	80
0.200	3.90e-03	0.0	4.07e-03	3.47e-18	0.00	0.00e+00	1.6000	8.33e-15	80
0.200	3.90e-03	0.0	4.07e-03	1.00e-02	0.00	0.00e+00	1.6000	8.33e-15	80
0.200	3.90e-03	0.0	4.07e-03	2.00e-02	0.00	0.00e+00	1.6000	8.33e-15	80
0.200	3.90e-03	0.0	4.07e-03	3.00e-02	0.00	0.00e+00	1.6000	8.33e-15	80
0.200	3.90e-03	0.0	4.07e-03	4.00e-02	0.00	0.00e+00	1.6000	8.33e-15	80
0.190	4.31e-03	0.0	3.81e-03	-5.00e-02	0.00	0.00e+00	1.6000	8.33e-15	81
0.190	4.31e-03	0.0	3.81e-03	-4.00e-02	0.00	0.00e+00	1.6000	8.33e-15	81
0.190	4.31e-03	0.0	3.81e-03	-3.00e-02	0.00	0.00e+00	1.6000	8.33e-15	81
0.190	4.31e-03	0.0	3.81e-03	-2.00e-02	0.00	0.00e+00	1.6000	8.33e-15	81
0.190	4.31e-03	0.0	3.81e-03	-1.00e-02	0.00	0.00e+00	1.6000	8.33e-15	81
0.190	4.31e-03	0.0	3.81e-03	3.47e-18	0.00	0.00e+00	1.6000	8.33e-15	81
0.190	4.31e-03	0.0	3.81e-03	1.00e-02	0.00	0.00e+00	1.6000	8.33e-15	81
0.190	4.31e-03	0.0	3.81e-03	2.00e-02	0.00	0.00e+00	1.6000	8.33e-15	81
0.190	4.31e-03	0.0	3.81e-03	3.00e-02	0.00	0.00e+00	1.6000	8.33e-15	81
0.190	4.31e-03	0.0	3.81e-03	4.00e-02	0.00	0.00e+00	1.6000	8.33e-15	81
0.180	4.69e-03	0.0	3.32e-03	-5.00e-02	0.00	0.00e+00	1.6000	8.33e-15	82
0.180	4.69e-03	0.0	3.32e-03	-4.00e-02	0.00	0.00e+00	1.6000	8.33e-15	82
0.180	4.69e-03	0.0	3.32e-03	-3.00e-02	0.00	0.00e+00	1.6000	8.33e-15	82
0.180	4.69e-03	0.0	3.32e-03	-2.00e-02	0.00	0.00e+00	1.6000	8.33e-15	82
0.180	4.69e-03	0.0	3.32e-03	-1.00e-02	0.00	0.00e+00	1.6000	8.33e-15	82
0.180	4.69e-03	0.0	3.32e-03	3.47e-18	0.00	0.00e+00	1.6000	8.33e-15	82
0.180	4.69e-03	0.0	3.32e-03	1.00e-02	0.00	0.00e+00	1.6000	8.33e-15	82
0.180	4.69e-03	0.0	3.32e-03	2.00e-02	0.00	0.00e+00	1.6000	8.33e-15	82
0.180	4.69e-03	0.0	3.32e-03	3.00e-02	0.00	0.00e+00	1.6000	8.33e-15	82
0.180	4.69e-03	0.0	3.32e-03	4.00e-02	0.00	0.00e+00	1.6000	8.33e-15	82
0.170	5.02e-03	0.0	2.53e-03	-5.00e-02	0.00	0.00e+00	1.6000	8.33e-15	83
0.170	5.02e-03	0.0	2.53e-03	-4.00e-02	0.00	0.00e+00	1.6000	8.33e-15	83
0.170	5.02e-03	0.0	2.53e-03	-3.00e-02	0.00	0.00e+00	1.6000	8.33e-15	83
0.170	5.02e-03	0.0	2.53e-03	-2.00e-02	0.00	0.00e+00	1.6000	8.33e-15	83
0.170	5.02e-03	0.0	2.53e-03	-1.00e-02	0.00	0.00e+00	1.6000	8.33e-15	83
0.170	5.02e-03	0.0	2.53e-03	3.47e-18	0.00	0.00e+00	1.6000	8.33e-15	83
0.170	5.02e-03	0.0	2.53e-03	1.00e-02	0.00	0.00e+00	1.6000	8.33e-15	83
0.170	5.02e-03	0.0	2.53e-03	2.00e-02	0.00	0.00e+00	1.6000	8.33e-15	83
0.170	5.02e-03	0.0	2.53e-03	3.00e-02	0.00	0.00e+00	1.6000	8.33e-15	83
0.170	5.02e-03	0.0	2.53e-03	4.00e-02	0.00	0.00e+00	1.6000	8.33e-15	83
0.160	5.27e-03	0.0	1.41e-03	-5.00e-02	0.00	0.00e+00	1.6000	8.33e-15	84
0.160	5.27e-03	0.0	1.41e-03	-4.00e-02	0.00	0.00e+00	1.6000	8.33e-15	84
0.160	5.27e-03	0.0	1.41e-03	-3.00e-02	0.00	0.00e+00	1.6000	8.33e-15	84
0.160	5.27e-03	0.0	1.41e-03	-2.00e-02	0.00	0.00e+00	1.6000	8.33e-15	84
0.160	5.27e-03	0.0	1.41e-03	-1.00e-02	0.00	0.00e+00	1.6000	8.33e-15	84
0.160	5.27e-03	0.0	1.41e-03	3.47e-18	0.00	0.00e+00	1.6000	8.33e-15	84
0.160	5.27e-03	0.0	1.41e-03	1.00e-02	0.00	0.00e+00	1.6000	8.33e-15	84
0.160	5.27e-03	0.0	1.41e-03	2.00e-02	0.00	0.00e+00	1.6000	8.33e-15	84
0.160	5.27e-03	0.0	1.41e-03	3.00e-02	0.00	0.00e+00	1.6000	8.33e-15	84
0.160	5.27e-03	0.0	1.41e-03	4.00e-02	0.00	0.00e+00	1.6000	8.33e-15	84
0.150	5.41e-03	0.0	-1.02e-04	-5.00e-02	0.00	0.00e+00	1.6000	8.33e-15	85
0.150	5.41e-03	0.0	-1.02e-04	-4.00e-02	0.00	0.00e+00	1.6000	8.33e-15	85
0.150	5.41e-03	0.0	-1.02e-04	-3.00e-02	0.00	0.00e+00	1.6000	8.33e-15	85
0.150	5.41e-03	0.0	-1.02e-04	-2.00e-02	0.00	0.00e+00	1.6000	8.33e-15	85
0.150	5.41e-03	0.0	-1.02e-04	-1.00e-02	0.00	0.00e+00	1.6000	8.33e-15	85
0.150	5.41e-03	0.0	-1.02e-04	3.47e-18	0.00	0.00e+00	1.6000	8.33e-15	85
0.150	5.41e-03	0.0	-1.02e-04	1.00e-02	0.00	0.00e+00	1.6000	8.33e-15	85
0.150	5.41e-03	0.0	-1.02e-04	2.00e-02	0.00	0.00e+00	1.6000	8.33e-15	85
0.150	5.41e-03	0.0	-1.02e-04	3.00e-02	0.00	0.00e+00	1.6000	8.33e-15	85
0.150	5.41e-03	0.0	-1.02e-04	4.00e-02	0.00	0.00e+00	1.6000	8.33e-15	85
0.140	5.40e-03	0.0	-2.06e-03	-5.00e-02	0.00	0.00e+00	1.6000	8.33e-15	86
0.140	5.40e-03	0.0	-2.06e-03	-4.00e-02	0.00	0.00e+00	1.6000	8.33e-15	86
0.140	5.40e-03	0.0	-2.06e-03	-3.00e-02	0.00	0.00e+00	1.6000	8.33e-15	86
0.140	5.40e-03	0.0	-2.06e-03	-2.00e-02	0.00	0.00e+00	1.6000	8.33e-15	86
0.140	5.40e-03	0.0	-2.06e-03	-1.00e-02	0.00	0.00e+00	1.6000	8.33e-15	86
0.140	5.40e-03	0.0	-2.06e-03	3.47e-18	0.00	0.00e+00	1.6000	8.33e-15	86
0.140	5.40e-03	0.0	-2.06e-03	1.00e-02	0.00	0.00e+00	1.6000	8.33e-15	86
0.140	5.40e-03	0.0	-2.06e-03	2.00e-02	0.00	0.00e+00	1.6000	8.33e-15	86
0.140	5.40e-03	0.0	-2.06e-03	3.00e-02	0.00	0.00e+00	1.6000	8.33e-15	86
0.140	5.40e-03	0.0	-2.06e-03	4.00e-02	0.00	0.00e+00	1.6000	8.33e-15	86
0.130	5.20e-03	0.0	-4.51e-03	-5.00e-02	0.00	0.00e+00	1.6000	8.33e-15	87
0.130	5.20e-03	0.0	-4.51e-03	-4.00e-02	0.00	0.00e+00	1.6000	8.33e-15	87
0.130	5.20e-03	0.0	-4.51e-03	-3.00e-02	0.00	0.00e+00	1.6000	8.33e-15	87
0.130	5.20e-03	0.0	-4.51e-03	-2.00e-02	0.00	0.00e+00	1.6000	8.33e-15	87
0.130	5.20e-03	0.0	-4.51e-03	-1.00e-02	0.00	0.00e+00	1.6000	8.33e-15	87
0.130	5.20e-03	0.0	-4.51e-03	3.47e-18	0.00	0.00e+00	1.6000	8.33e-15	87
0.130	5.20e-03	0.0	-4.51e-03	1.00e-02	0.00	0.00e+00	1.6000	8.33e-15	87
0.130	5.20e-03	0.0	-4.51e-03	2.00e-02	0.00	0.00e+00	1.6000	8.33e-15	87
0.130	5.20e-03	0.0	-4.51e-03	3.00e-02	0.00	0.00e+00	1.6000	8.33e-15	87
0.130	5.20e-03	0.0	-4.51e-03	4.00e-02	0.00	0.00e+00	1.6000	8.33e-15	87
0.120	4.75e-03	0.0	-7.49e-03	-5.00e-02	0.00	0.00e+00	1.6000	8.33e-15	88
0.120	4.75e-03	0.0	-7.49e-03	-4.00e-02	0.00	0.00e+00	1.6000	8.33e-15	88
0.120	4.75e-03	0.0	-7.49e-03	-3.00e-02	0.00	0.00e+00	1.6000	8.33e-15	88
0.120	4.75e-03	0.0	-7.49e-03	-2.00e-02	0.00	0.00e+00	1.6000	8.33e-15	88
0.120	4.75e-03	0.0	-7.49e-03	-1.00e-02	0.00	0.00e+00	1.6000	8.33e-15	88
0.120	4.75e-03	0.0	-7.49e-03	3.47e-18	0.00	0.00e+00	1.6000	8.33e-15	88
0.120	4.75e-03	0.0	-7.49e-03	1.00e-02	0.00	0.00e+00	1.6000	8.33e-15	88
0.120	4.75e-03	0.0	-7.49e-03	2.00e-02	0.00	0.00e+00	1.6000	8.33e-15	88
0.120	4.75e-03	0.0	-7.49e-03	3.00e-02	0.00	0.00e+00	1.6000	8.33e-15	88
0.120	4.75e-03	0.0	-7.49e-03	4.00e-02	0.00	0.00e+00	1.6000	8.33e-15	88
0.110	4.00e-03	0.0	-1.10e-02	-5.00e-02	0.00	0.00e+00	1.6000	8.33e-15	89
0.110	4.00e-03	0.0	-1.10e-02	-4.00e-02	0.00	0.00e+00	1.6000	8.33e-15	89
0.110	4.00e-03	0.0	-1.10e-02	-3.00e-02	0.00	0.00e+00	1.6000	8.33e-15	89
0.110	4.00e-03	0.0	-1.10e-02	-2.00e-02	0.00	0.00e+00	1.6000	8.33e-15	89
0.110	4.00e-03	0.0	-1.10e-02	-1.00e-02	0.00	0.00e+00	1.6000	8.33e-15	89
0.110	4.00e-03	0.0	-1.10e-02	3.47e-18	0.00	0.00e+00	1.6000	8.33e-15	89
0.110	4.00e-03	0.0	-1.10e-02	1.00e-02	0.00	0.00e+00	1.6000	8.33e-15	89
0.110	4.00e-03	0.0	-1.10e-02	2.00e-02	0.00	0.00e+00	1.6000	8.33e-15	89
0.110	4.00e-03	0.0	-1.10e-02	3.00e-02	0.00	0.00e+00	1.6000	8.33e-15	89
0.110	4.00e-03	0.0	-1.10e-02	4.00e-02	0.00	0.00e+00	1.6000	8.33e-15	89
0.100	2.90e-03	0.0	-1.51e-02	-5.00e-02	0.00	0.00e+00	1.6000	8.33e-15	90
0.100	2.90e-03	0.0	-1.51e-02	-4.00e-02	0.00	0.00e+00	1.6000	8.33e-15	90
0.100	2.90e-03	0.0	-1.51e-02	-3.00e-02	0.00	0.00e+00	1.6000	8.33e-15	90
0.100	2.90e-03	0.0	-1.51e-02	-2.00e-02	0.00	0.00e+00	1.6000	8.33e-15	90
0.100	2.90e-03	0.0	-1.51e-02	-1.00e-02	0.00	0.00e+00	1.6000	8.33e-15	90
0.100	2.90e-03	0.0	-1.51e-02	3.47e-18	0.00	0.00e+00	1.6000	8.33e-15	90
0.100	2.90e-03	0.0	-1.51e-02	1.00e-02	0.00	0.00e+00	1.6000	8.33e-15	90
0.100	2.90e-03	0.0	-1.51e-02	2.00e-02	0.00	0.00e+00	1.6000	8.33e-15	90
0.100	2.90e-03	0.0	-1.51e-02	3.00e-02	0.00	0.00e+00	1.6000	8.33e-15	90
0.100	2.90e-03	0.0	-1.51e-02	4.00e-02	0.00	0.00e+00	1.6000	8.33e-15	90
0.090	1.38e-03	0.0	-1.98e-02	-5.00e-02	0.00	0.00e+00	1.6000	8.33e-15	91
0.090	1.38e-03	0.0	-1.98e-02	-4.00e-02	0.00	0.00e+00	1.6000	8.33e-15	91
0.090	1.38e-03	0.0	-1.98e-02	-3.00e-02	0.00	0.00e+00	1.6000	8.33e-15	91
0.090	1.38e-03	0.0	-1.98e-02	-2.00e-02	0.00	0.00e+00	1.6000	8.33e-15	91
0.090	1.38e-03	0.0	-1.98e-02	-1.00e-02	0.00	0.00e+00	1.6000	8.33e-15	91
0.090	1.38e-03	0.0	-1.98e-02	3.47e-18	0.00	0.00e+00	1.6000	8.33e-15	91
0.090	1.38e-03	0.0	-1.98e-02	1.00e-02	0.00	0.00e+00	1.6000	8.33e-15	91
0.090	1.38e-03	0.0	-1.98e-02	2.00e-02	0.00	0.00e+00	1.6000	8.33e-15	91
0.090	1.38e-03	0.0	-1.98e-02	3.00e-02	0.00	0.00e+00	1.6000	8.33e-15	91
0.090	1.38e-03	0.0	-1.98e-02	4.00e-02	0.00	0.00e+00	1.6000	8.33e-15	91
0.080	-5.92e-04	0.0	-2.49e-02	-5.00e-02	0.00	0.00e+00	1.6000	8.33e-15	92
0.080	-5.92e-04	0.0	-2.49e-02	-4.00e-02	0.00	0.00e+00	1.6000	8.33e-15	92
0.080	-5.92e-04	0.0	-2.49e-02	-3.00e-02	0.00	0.00e+00	1.6000	8.33e-15	92
0.080	-5.92e-04	0.0	-2.49e-02	-2.00e-02	0.00	0.00e+00	1.6000	8.33e-15	92
0.080	-5.92e-04	0.0	-2.49e-02	-1.00e-02	0.00	0.00e+00	1.6000	8.33e-15	92
0.080	-5.92e-04	0.0	-2.49e-02	3.47e-18	0.00	0.00e+00	1.6000	8.33e-15	92
0.080	-5.92e-04	0.0	-2.49e-02	1.00e-02	0.00	0.00e+00	1.6000	8.33e-15	92
0.080	-5.92e-04	0.0	-2.49e-02	2.00e-02	0.00	0.00e+00	1.6000	8.33e-15	92
0.080	-5.92e-04	0.0	-2.49e-02	3.00e-02	0.00	0.00e+00	1.6000	8.33e-15	92
0.080	-5.92e-04	0.0	-2.49e-02	4.00e-02	0.00	0.00e+00	1.6000	8.33e-15	92
0.070	-3.08e-03	0.0	-3.05e-02	-5.00e-02	0.00	0.00e+00	1.6000	8.33e-15	93
0.070	-3.08e-03	0.0	-3.05e-02	-4.00e-02	0.00	0.00e+00	1.6000	8.33e-15	93
0.070	-3.08e-03	0.0	-3.05e-02	-3.00e-02	0.00	0.00e+00	1.6000	8.33e-15	93
0.070	-3.08e-03	0.0	-3.05e-02	-2.00e-02	0.00	0.00e+00	1.6000	8.33e-15	93
0.070	-3.08e-03	0.0	-3.05e-02	-1.00e-02	0.00	0.00e+00	1.6000	8.33e-15	93
0.070	-3.08e-03	0.0	-3.05e-02	3.47e-18	0.00	0.00e+00	1.6000	8.33e-15	93
0.070	-3.08e-03	0.0	-3.05e-02	1.00e-02	0.00	0.00e+00	1.6000	8.33e-15	93
0.070	-3.08e-03	0.0	-3.05e-02	2.00e-02	0.00	0.00e+00	1.6000	8.33e-15	93
0.070	-3.08e-03	0.0	-3.05e-02	3.00e-02	0.00	0.00e+00	1.6000	8.33e-15	93
0.070	-3.08e-03	0.0	-3.05e-02	4.00e-02	0.00	0.00e+00	1.6000	8.33e-15	93
0.060	-6.13e-03	0.0	-3.63e-02	-5.00e-02	0.00	0.00e+00	1.6000	8.33e-15	94
0.060	-6.13e-03	0.0	-3.63e-02	-4.00e-02	0.00	0.00e+00	1.6000	8.33e-15	94
0.060	-6.13e-03	0.0	-3.63e-02	-3.00e-02	0.00	0.00e+00	1.6000	8.33e-15	94
0.060	-6.13e-03	0.0	-3.63e-02	-2.00e-02	0.00	0.00e+00	1.6000	8.33e-15	94
0.060	-6.13e-03	0.0	-3.63e-02	-1.00e-02	0.00	0.00e+00	1.6000	8.33e-15	94
0.060	-6.13e-03	0.0	-3.63e-02	3.47e-18	0.00	0.00e+00	1.6000	8.33e-15	94
0.060	-6.13e-03	0.0	-3.63e-02	1.00e-02	0.00	0.00e+00	1.6000	8.33e-15	94
0.060	-6.13e-03	0.0	-3.63e-02	2.00e-02	0.00	0.00e+00	1.6000	8.33e-15	94
0.060	-6.13e-03	0.0	-3.63e-02	3.00e-02	0.00	0.00e+00	1.6000	8.33e-15	94
0.060	-6.13e-03	0.0	-3.63e-02	4.00e-02	0.00	0.00e+00	1.6000	8.33e-15	94
0.050	-9.76e-03	0.0	-4.24e-02	-5.00e-02	0.00	0.00e+00	1.6000	8.33e-15	95
0.050	-9.76e-03	0.0	-4.24e-02	-4.00e-02	0.00	0.00e+00	1.6000	8.33e-15	95
0.050	-9.76e-03	0.0	-4.24e-02	-3.00e-02	0.00	0.00e+00	1.6000	8.33e-15	95
0.050	-9.76e-03	0.0	-4.24e-02	-2.00e-02	0.00	0.00e+00	1.6000	8.33e-15	95
0.050	-9.76e-03	0.0	-4.24e-02	-1.00e-02	0.00	0.00e+00	1.6000	8.33e-15	95
0.050	-9.76e-03	0.0	-4.24e-02	3.47e-18	0.00	0.00e+00	1.6000	8.33e-15	95
0.050	-9.76e-03	0.0	-4.24e-02	1.00e-02	0.00	0.00e+00	1.6000	8.33e-15	95
0.050	-9.76e-03	0.0	-4.24e-02	2.00e-02	0.00	0.00e+00	1.6000	8.33e-15	95
0.050	-9.76e-03	0.0	-4.24e-02	3.00e-02	0.00	0.00e+00	1.6000	8.33e-15	95
0.050	-9.76e-03	0.0	-4.24e-02	4.00e-02	0.00	0.00e+00	1.6000	8.33e-15	95
0.040	-1.40e-02	0.0	-4.83e-02	-5.00e-02	0.00	0.00e+00	1.6000	8.33e-15	96
0.040	-1.40e-02	0.0	-4.83e-02	-4.00e-02	0.00	0.00e+00	1.6000	8.33e-15	96
0.040	-1.40e-02	0.0	-4.83e-02	-3.00e-02	0.00	0.00e+00	1.6000	8.33e-15	96
0.040	-1.40e-02	0.0	-4.83e-02	-2.00e-02	0.00	0.00e+00	1.6000	8.33e-15	96
0.040	-1.40e-02	0.0	-4.83e-02	-1.00e-02	0.00	0.00e+00	1.6000	8.33e-15	96
0.040	-1.40e-02	0.0	-4.83e-02	3.47e-18	0.00	0.00e+00	1.6000	8.33e-15	96
0.040	-1.40e-02	0.0	-4.83e-02	1.00e-02	0.00	0.00e+00	1.6000	8.33e-15	96
0.040	-1.40e-02	0.0	-4.83e-02	2.00e-02	0.00	0.00e+00	1.6000	8.33e-15	96
0.040	-1.40e-02	0.0	-4.83e-02	3.00e-02	0.00	0.00e+00	1.6000	8.33e-15	96
0.040	-1.40e-02	0.0	-4.83e-02	4.00e-02	0.00	0.00e+00	1.6000	8.33e-15	96
0.030	-1.88e-02	0.0	-5.40e-02	-5.00e-02	0.00	0.00e+00	1.6000	8.33e-15	97
0.030	-1.88e-02	0.0	-5.40e-02	-4.00e-02	0.00	0.00e+00	1.6000	8.33e-15	97
0.030	-1.88e-02	0.0	-5.40e-02	-3.00e-02	0.00	0.00e+00	1.6000	8.33e-15	97
0.030	-1.88e-02	0.0	-5.40e-02	-2.00e-02	0.00	0.00e+00	1.6000	8.33e-15	97
0.030	-1.88e-02	0.0	-5.40e-02	-1.00e-02	0.00	0.00e+00	1.6000	8.33e-15	97
0.030	-1.88e-02	0.0	-5.40e-02	3.47e-18	0.00	0.00e+00	1.6000	8.33e-15	97
0.030	-1.88e-02	0.0	-5.40e-02	1.00e-02	0.00	0.00e+00	1.6000	8.33e-15	97
0.030	-1.88e-02	0.0	-5.40e-02	2.00e-02	0.00	0.00e+00	1.6000	8.33e-15	97
0.030	-1.88e-02	0.0	-5.40e-02	3.00e-02	0.00	0.00e+00	1.6000	8.33e-15	97
0.030	-1.88e-02	0.0	-5.40e-02	4.00e-02	0.00	0.00e+00	1.6000	8.33e-15	97
0.020	-2.42e-02	0.0	-5.90e-02	-5.00e-02	0.00	0.00e+00	1.6000	8.33e-15	98
0.020	-2.42e-02	0.0	-5.90e-02	-4.00e-02	0.00	0.00e+00	1.6000	8.33e-15	98
0.020	-2.42e-02	0.0	-5.90e-02	-3.00e-02	0.00	0.00e+00	1.6000	8.33e-15	98
0.020	-2.42e-02	0.0	-5.90e-02	-2.00e-02	0.00	0.00e+00	1.6000	8.33e-15	98
0.020	-2.42e-02	0.0	-5.90e-02	-1.00e-02	0.00	0.00e+00	1.6000	8.33e-15	98
0.020	-2.42e-02	0.0	-5.90e-02	3.47e-18	0.00	0.00e+00	1.6000	8.33e-15	98
0.020	-2.42e-02	0.0	-5.90e-02	1.00e-02	0.00	0.00e+00	1.6000	8.33e-15	98
0.020	-2.42e-02	0.0	-5.90e-02	2.00e-02	0.00	0.00e+00	1.6000	8.33e-15	98
0.020	-2.42e-02	0.0	-5.90e-02	3.00e-02	0.00	0.00e+00	1.6000	8.33e-15	98
0.020	-2.42e-02	0.0	-5.90e-02	4.00e-02	0.00	0.00e+00	1.6000	8.33e-15	98
0.010	-3.01e-02	0.0	-6.74e-02	-5.00e-02	0.00	0.00e+00	1.6000	8.33e-15	99
0.010	-3.01e-02	0.0	-6.74e-02	-4.00e-02	0.00	0.00e+00	1.6000	8.33e-15	99
0.010	-3.01e-02	0.0	-6.74e-02	-3.00e-02	0.00	0.00e+00	1.6000	8.33e-15	99
0.010	-3.01e-02	0.0	-6.74e-02	-2.00e-02	0.00	0.00e+00	1.6000	8.33e-15	99
0.010	-3.01e-02	0.0	-6.74e-02	-1.00e-02	0.00	0.00e+00	1.6000	8.33e-15	99
0.010	-3.01e-02	0.0	-6.74e-02	3.47e-18	0.00	0.00e+00	1.6000	8.33e-15	99
0.010	-3.01e-02	0.0	-6.74e-02	1.00e-02	0.00	0.00e+00	1.6000	8.33e-15	99
0.010	-3.01e-02	0.0	-6.74e-02	2.00e-02	0.00	0.00e+00	1.6000	8.33e-15	99
0.010	-3.01e-02	0.0	-6.74e-02	3.00e-02	0.00	0.00e+00	1.6000	8.33e-15	99
0.010	-3.01e-02	0.0	-6.74e-02	4.00e-02	0.00	0.00e+00	1.6000	8.33e-15	99
