1.000	0.00e+00	0.0	0.00e+00	-5.00e-02	0.00	0.00e+00	1.1000	8.33e-15	0
1.000	0.00e+00	0.0	0.00e+00	-4.00e-02	0.00	0.00e+00	1.1000	8.33e-15	0
1.000	0.00e+00	0.0	0.00e+00	-3.00e-02	0.00	0.00e+00	1.1000	8.33e-15	0
1.000	0.00e+00	0.0	0.00e+00	-2.00e-02	0.00	0.00e+00	1.1000	8.33e-15	0
1.000	0.00e+00	0.0	0.00e+00	-1.00e-02	0.00	0.00e+00	1.1000	8.33e-15	0
1.000	0.00e+00	0.0	0.00e+00	3.47e-18	0.00	0.00e+00	1.1000	8.33e-15	0
1.000	0.00e+00	0.0	0.00e+00	1.00e-02	0.00	0.00e+00	1.1000	8.33e-15	0
1.000	0.00e+00	0.0	0.00e+00	2.00e-02	0.00	0.00e+00	1.1000	8.33e-15	0
1.000	0.00e+00	0.0	0.00e+00	3.00e-02	0.00	0.00e+00	1.1000	8.33e-15	0
1.000	0.00e+00	0.0	0.00e+00	4.00e-02	0.00	0.00e+00	1.1000	8.33e-15	0
0.990	0.00e+00	0.0	4.56e-07	-5.00e-02	0.00	0.00e+00	1.1000	8.33e-15	1
0.990	0.00e+00	0.0	4.56e-07	-4.00e-02	0.00	0.00e+00	1.1000	8.33e-15	1
0.990	0.00e+00	0.0	4.56e-07	-3.00e-02	0.00	0.00e+00	1.1000	8.33e-15	1
0.990	0.00e+00	0.0	4.56e-07	-2.00e-02	0.00	0.00e+00	1.1000	8.33e-15	1
0.990	0.00e+00	0.0	4.56e-07	-1.00e-02	0.00	0.00e+00	1.1000	8.33e-15	1
0.990	0.00e+00	0.0	4.56e-07	3.47e-18	0.00	0.00e+00	1.1000	8.33e-15	1
0.990	0.00e+00	0.0	4.56e-07	1.00e-02	0.00	0.00e+00	1.1000	8.33e-15	1
0.990	0.00e+00	0.0	4.56e-07	2.00e-02	0.00	0.00e+00	1.1000	8.33e-15	1
0.990	0.00e+00	0.0	4.56e-07	3.00e-02	0.00	0.00e+00	1.1000	8.33e-15	1
0.990	0.00e+00	0.0	4.56e-07	4.00e-02	0.00	0.00e+00	1.1000	8.33e-15	1
0.980	4.56e-08	0.0	9.21e-07	-5.00e-02	0.00	0.00e+00	1.1000	8.33e-15	2
0.980	4.56e-08	0.0	9.21e-07	-4.00e-02	0.00	0.00e+00	1.1000	8.33e-15	2
0.980	4.56e-08	0.0	9.21e-07	-3.00e-02	0.00	0.00e+00	1.1000	8.33e-15	2
0.980	4.56e-08	0.0	9.21e-07	-2.00e-02	0.00	0.00e+00	1.1000	8.33e-15	2
0.980	4.56e-08	0.0	9.21e-07	-1.00e-02	0.00	0.00e+00	1.1000	8.33e-15	2
0.980	4.56e-08	0.0	9.21e-07	3.47e-18	0.00	0.00e+00	1.1000	8.33e-15	2
0.980	4.56e-08	0.0	9.21e-07	1.00e-02	0.00	0.00e+00	1.1000	8.33e-15	2
0.980	4.56e-08	0.0	9.21e-07	2.00e-02	0.00	0.00e+00	1.1000	8.33e-15	2
0.980	4.56e-08	0.0	9.21e-07	3.00e-02	0.00	0.00e+00	1.1000	8.33e-15	2
0.980	4.56e-08	0.0	9.21e-07	4.00e-02	0.00	0.00e+00	1.1000	8.33e-15	2
0.970	1.38e-07	0.0	1.38e-06	-5.00e-02	0.00	0.00e+00	1.1000	8.33e-15	3
0.970	1.38e-07	0.0	1.38e-06	-4.00e-02	0.00	0.00e+00	1.1000	8.33e-15	3
0.970	1.38e-07	0.0	1.38e-06	-3.00e-02	0.00	0.00e+00	1.1000	8.33e-15	3
0.970	1.38e-07	0.0	1.38e-06	-2.00e-02	0.00	0.00e+00	1.1000	8.33e-15	3
0.970	1.38e-07	0.0	1.38e-06	-1.00e-02	0.00	0.00e+00	1.1000	8.33e-15	3
0.970	1.38e-07	0.0	1.38e-06	3.47e-18	0.00	0.00e+00	1.1000	8.33e-15	3
0.970	1.38e-07	0.0	1.38e-06	1.00e-02	0.00	0.00e+00	1.1000	8.33e-15	3
0.970	1.38e-07	0.0	1.38e-06	2.00e-02	0.00	0.00e+00	1.1000	8.33e-15	3
0.970	1.38e-07	0.0	1.38e-06	3.00e-02	0.00	0.00e+00	1.1000	8.33e-15	3
0.970	1.38e-07	0.0	1.38e-06	4.00e-02	0.00	0.00e+00	1.1000	8.33e-15	3
0.960	2.76e-07	0.0	1.84e-06	-5.00e-02	0.00	0.00e+00	1.1000	8.33e-15	4
0.960	2.76e-07	0.0	1.84e-06	-4.00e-02	0.00	0.00e+00	1.1000	8.33e-15	4
0.960	2.76e-07	0.0	1.84e-06	-3.00e-02	0.00	0.00e+00	1.1000	8.33e-15	4
0.960	2.76e-07	0.0	1.84e-06	-2.00e-02	0.00	0.00e+00	1.1000	8.33e-15	4
0.960	2.76e-07	0.0	1.84e-06	-1.00e-02	0.00	0.00e+00	1.1000	8.33e-15	4
0.960	2.76e-07	0.0	1.84e-06	3.47e-18	0.00	0.00e+00	1.1000	8.33e-15	4
0.960	2.76e-07	0.0	1.84e-06	1.00e-02	0.00	0.00e+00	1.1000	8.33e-15	4
0.960	2.76e-07	0.0	1.84e-06	2.00e-02	0.00	0.00e+00	1.1000	8.33e-15	4
0.960	2.76e-07	0.0	1.84e-06	3.00e-02	0.00	0.00e+00	1.1000	8.33e-15	4
0.960	2.76e-07	0.0	1.84e-06	4.00e-02	0.00	0.00e+00	1.1000	8.33e-15	4
0.950	4.60e-07	0.0	2.30e-06	-5.00e-02	0.00	0.00e+00	1.1000	8.33e-15	5
0.950	4.60e-07	0.0	2.30e-06	-4.00e-02	0.00	0.00e+00	1.1000	8.33e-15	5
0.950	4.60e-07	0.0	2.30e-06	-3.00e-02	0.00	0.00e+00	1.1000	8.33e-15	5
0.950	4.60e-07	0.0	2.30e-06	-2.00e-02	0.00	0.00e+00	1.1000	8.33e-15	5
0.950	4.60e-07	0.0	2.30e-06	-1.00e-02	0.00	0.00e+00	1.1000	8.33e-15	5
0.950	4.60e-07	0.0	2.30e-06	3.47e-18	0.00	0.00e+00	1.1000	8.33e-15	5
0.950	4.60e-07	0.0	2.30e-06	1.00e-02	0.00	0.00e+00	1.1000	8.33e-15	5
0.950	4.60e-07	0.0	2.30e-06	2.00e-02	0.00	0.00e+00	1.1000	8.33e-15	5
0.950	4.60e-07	0.0	2.30e-06	3.00e-02	0.00	0.00e+00	1.1000	8.33e-15	5
0.950	4.60e-07	0.0	2.30e-06	4.00e-02	0.00	0.00e+00	1.1000	8.33e-15	5
0.940	6.91e-07	0.0	2.76e-06	-5.00e-02	0.00	0.00e+00	1.1000	8.33e-15	6
0.940	6.91e-07	0.0	2.76e-06	-4.00e-02	0.00	0.00e+00	1.1000	8.33e-15	6
0.940	6.91e-07	0.0	2.76e-06	-3.00e-02	0.00	0.00e+00	1.1000	8.33e-15	6
0.940	6.91e-07	0.0	2.76e-06	-2.00e-02	0.00	0.00e+00	1.1000	8.33e-15	6
0.940	6.91e-07	0.0	2.76e-06	-1.00e-02	0.00	0.00e+00	1.1000	8.33e-15	6
0.940	6.91e-07	0.0	2.76e-06	3.47e-18	0.00	0.00e+00	1.1000	8.33e-15	6
0.940	6.91e-07	0.0	2.76e-06	1.00e-02	0.00	0.00e+00	1.1000	8.33e-15	6
0.940	6.91e-07	0.0	2.76e-06	2.00e-02	0.00	0.00e+00	1.1000	8.33e-15	6
0.940	6.91e-07	0.0	2.76e-06	3.00e-02	0.00	0.00e+00	1.1000	8.33e-15	6
0.940	6.91e-07	0.0	2.76e-06	4.00e-02	0.00	0.00e+00	1.1000	8.33e-15	6
0.930	9.67e-07	0.0	3.22e-06	-5.00e-02	0.00	0.00e+00	1.1000	8.33e-15	7
0.930	9.67e-07	0.0	3.22e-06	-4.00e-02	0.00	0.00e+00	1.1000	8.33e-15	7
0.930	9.67e-07	0.0	3.22e-06	-3.00e-02	0.00	0.00e+00	1.1000	8.33e-15	7
0.930	9.67e-07	0.0	3.22e-06	-2.00e-02	0.00	0.00e+00	1.1000	8.33e-15	7
0.930	9.67e-07	0.0	3.22e-06	-1.00e-02	0.00	0.00e+00	1.1000	8.33e-15	7
0.930	9.67e-07	0.0	3.22e-06	3.47e-18	0.00	0.00e+00	1.1000	8.33e-15	7
0.930	9.67e-07	0.0	3.22e-06	1.00e-02	0.00	0.00e+00	1.1000	8.33e-15	7
0.930	9.67e-07	0.0	3.22e-06	2.00e-02	0.00	0.00e+00	1.1000	8.33e-15	7
0.930	9.67e-07	0.0	3.22e-06	3.00e-02	0.00	0.00e+00	1.1000	8.33e-15	7
0.930	9.67e-07	0.0	3.22e-06	4.00e-02	0.00	0.00e+00	1.1000	8.33e-15	7
0.920	1.29e-06	0.0	3.69e-06	-5.00e-02	0.00	0.00e+00	1.1000	8.33e-15	8
0.920	1.29e-06	0.0	3.69e-06	-4.00e-02	0.00	0.00e+00	1.1000	8.33e-15	8
0.920	1.29e-06	0.0	3.69e-06	-3.00e-02	0.00	0.00e+00	1.1000	8.33e-15	8
0.920	1.29e-06	0.0	3.69e-06	-2.00e-02	0.00	0.00e+00	1.1000	8.33e-15	8
0.920	1.29e-06	0.0	3.69e-06	-1.00e-02	0.00	0.00e+00	1.1000	8.33e-15	8
0.920	1.29e-06	0.0	3.69e-06	3.47e-18	0.00	0.00e+00	1.1000	8.33e-15	8
0.920	1.29e-06	0.0	3.69e-06	1.00e-02	0.00	0.00e+00	1.1000	8.33e-15	8
0.920	1.29e-06	0.0	3.69e-06	2.00e-02	0.00	0.00e+00	1.1000	8.33e-15	8
0.920	1.29e-06	0.0	3.69e-06	3.00e-02	0.00	0.00e+00	1.1000	8.33e-15	8
0.920	1.29e-06	0.0	3.69e-06	4.00e-02	0.00	0.00e+00	1.1000	8.33e-15	8
0.910	1.66e-06	0.0	4.15e-06	-5.00e-02	0.00	0.00e+00	1.1000	8.33e-15	9
0.910	1.66e-06	0.0	4.15e-06	-4.00e-02	0.00	0.00e+00	1.1000	8.33e-15	9
0.910	1.66e-06	0.0	4.15e-06	-3.00e-02	0.00	0.00e+00	1.1000	8.33e-15	9
0.910	1.66e-06	0.0	4.15e-06	-2.00e-02	0.00	0.00e+00	1.1000	8.33e-15	9
0.910	1.66e-06	0.0	4.15e-06	-1.00e-02	0.00	0.00e+00	1.1000	8.33e-15	9
0.910	1.66e-06	0.0	4.15e-06	3.47e-18	0.00	0.00e+00	1.1000	8.33e-15	9
0.910	1.66e-06	0.0	4.15e-06	1.00e-02	0.00	0.00e+00	1.1000	8.33e-15	9
0.910	1.66e-06	0.0	4.15e-06	2.00e-02	0.00	0.00e+00	1.1000	8.33e-15	9
0.910	1.66e-06	0.0	4.15e-06	3.00e-02	0.00	0.00e+00	1.1000	8.33e-15	9
0.910	1.66e-06	0.0	4.15e-06	4.00e-02	0.00	0.00e+00	1.1000	8.33e-15	9
0.900	2.07e-06	0.0	4.61e-06	-5.00e-02	0.00	0.00e+00	1.1000	8.33e-15	10
0.900	2.07e-06	0.0	4.61e-06	-4.00e-02	0.00	0.00e+00	1.1000	8.33e-15	10
0.900	2.07e-06	0.0	4.61e-06	-3.00e-02	0.00	0.00e+00	1.1000	8.33e-15	10
0.900	2.07e-06	0.0	4.61e-06	-2.00e-02	0.00	0.00e+00	1.1000	8.33e-15	10
0.900	2.07e-06	0.0	4.61e-06	-1.00e-02	0.00	0.00e+00	1.1000	8.33e-15	10
0.900	2.07e-06	0.0	4.61e-06	3.47e-18	0.00	0.00e+00	1.1000	8.33e-15	10
0.900	2.07e-06	0.0	4.61e-06	1.00e-02	0.00	0.00e+00	1.1000	8.33e-15	10
0.900	2.07e-06	0.0	4.61e-06	2.00e-02	0.00	0.00e+00	1.1000	8.33e-15	10
0.900	2.07e-06	0.0	4.61e-06	3.00e-02	0.00	0.00e+00	1.1000	8.33e-15	10
0.900	2.07e-06	0.0	4.61e-06	4.00e-02	0.00	0.00e+00	1.1000	8.33e-15	10
0.890	2.53e-06	0.0	5.07e-06	-5.00e-02	0.00	0.00e+00	1.1000	8.33e-15	11
0.890	2.53e-06	0.0	5.07e-06	-4.00e-02	0.00	0.00e+00	1.1000	8.33e-15	11
0.890	2.53e-06	0.0	5.07e-06	-3.00e-02	0.00	0.00e+00	1.1000	8.33e-15	11
0.890	2.53e-06	0.0	5.07e-06	-2.00e-02	0.00	0.00e+00	1.1000	8.33e-15	11
0.890	2.53e-06	0.0	5.07e-06	-1.00e-02	0.00	0.00e+00	1.1000	8.33e-15	11
0.890	2.53e-06	0.0	5.07e-06	3.47e-18	0.00	0.00e+00	1.1000	8.33e-15	11
0.890	2.53e-06	0.0	5.07e-06	1.00e-02	0.00	0.00e+00	1.1000	8.33e-15	11
0.890	2.53e-06	0.0	5.07e-06	2.00e-02	0.00	0.00e+00	1.1000	8.33e-15	11
0.890	2.53e-06	0.0	5.07e-06	3.00e-02	0.00	0.00e+00	1.1000	8.33e-15	11
0.890	2.53e-06	0.0	5.07e-06	4.00e-02	0.00	0.00e+00	1.1000	8.33e-15	11
0.880	3.04e-06	0.0	5.53e-06	-5.00e-02	0.00	0.00e+00	1.1000	8.33e-15	12
0.880	3.04e-06	0.0	5.53e-06	-4.00e-02	0.00	0.00e+00	1.1000	8.33e-15	12
0.880	3.04e-06	0.0	5.53e-06	-3.00e-02	0.00	0.00e+00	1.1000	8.33e-15	12
0.880	3.04e-06	0.0	5.53e-06	-2.00e-02	0.00	0.00e+00	1.1000	8.33e-15	12
0.880	3.04e-06	0.0	5.53e-06	-1.00e-02	0.00	0.00e+00	1.1000	8.33e-15	12
0.880	3.04e-06	0.0	5.53e-06	3.47e-18	0.00	0.00e+00	1.1000	8.33e-15	12
0.880	3.04e-06	0.0	5.53e-06	1.00e-02	0.00	0.00e+00	1.1000	8.33e-15	12
0.880	3.04e-06	0.0	5.53e-06	2.00e-02	0.00	0.00e+00	1.1000	8.33e-15	12
0.880	3.04e-06	0.0	5.53e-06	3.00e-02	0.00	0.00e+00	1.1000	8.33e-15	12
0.880	3.04e-06	0.0	5.53e-06	4.00e-02	0.00	0.00e+00	1.1000	8.33e-15	12
0.870	3.59e-06	0.0	5.99e-06	-5.00e-02	0.00	0.00e+00	1.1000	8.33e-15	13
0.870	3.59e-06	0.0	5.99e-06	-4.00e-02	0.00	0.00e+00	1.1000	8.33e-15	13
0.870	3.59e-06	0.0	5.99e-06	-3.00e-02	0.00	0.00e+00	1.1000	8.33e-15	13
0.870	3.59e-06	0.0	5.99e-06	-2.00e-02	0.00	0.00e+00	1.1000	8.33e-15	13
0.870	3.59e-06	0.0	5.99e-06	-1.00e-02	0.00	0.00e+00	1.1000	8.33e-15	13
0.870	3.59e-06	0.0	5.99e-06	3.47e-18	0.00	0.00e+00	1.1000	8.33e-15	13
0.870	3.59e-06	0.0	5.99e-06	1.00e-02	0.00	0.00e+00	1.1000	8.33e-15	13
0.870	3.59e-06	0.0	5.99e-06	2.00e-02	0.00	0.00e+00	1.1000	8.33e-15	13
0.870	3.59e-06	0.0	5.99e-06	3.00e-02	0.00	0.00e+00	1.1000	8.33e-15	13
0.870	3.59e-06	0.0	5.99e-06	4.00e-02	0.00	0.00e+00	1.1000	8.33e-15	13
0.860	4.19e-06	0.0	6.45e-06	-5.00e-02	0.00	0.00e+00	1.1000	8.33e-15	14
0.860	4.19e-06	0.0	6.45e-06	-4.00e-02	0.00	0.00e+00	1.1000	8.33e-15	14
0.860	4.19e-06	0.0	6.45e-06	-3.00e-02	0.00	0.00e+00	1.1000	8.33e-15	14
0.860	4.19e-06	0.0	6.45e-06	-2.00e-02	0.00	0.00e+00	1.1000	8.33e-15	14
0.860	4.19e-06	0.0	6.45e-06	-1.00e-02	0.00	0.00e+00	1.1000	8.33e-15	14
0.860	4.19e-06	0.0	6.45e-06	3.47e-18	0.00	0.00e+00	1.1000	8.33e-15	14
0.860	4.19e-06	0.0	6.45e-06	1.00e-02	0.00	0.00e+00	1.1000	8.33e-15	14
0.860	4.19e-06	0.0	6.45e-06	2.00e-02	0.00	0.00e+00	1.1000	8.33e-15	14
0.860	4.19e-06	0.0	6.45e-06	3.00e-02	0.00	0.00e+00	1.1000	8.33e-15	14
0.860	4.19e-06	0.0	6.45e-06	4.00e-02	0.00	0.00e+00	1.1000	8.33e-15	14
0.850	4.84e-06	0.0	6.92e-06	-5.00e-02	0.00	0.00e+00	1.1000	8.33e-15	15
0.850	4.84e-06	0.0	6.92e-06	-4.00e-02	0.00	0.00e+00	1.1000	8.33e-15	15
0.850	4.84e-06	0.0	6.92e-06	-3.00e-02	0.00	0.00e+00	1.1000	8.33e-15	15
0.850	4.84e-06	0.0	6.92e-06	-2.00e-02	0.00	0.00e+00	1.1000	8.33e-15	15
0.850	4.84e-06	0.0	6.92e-06	-1.00e-02	0.00	0.00e+00	1.1000	8.33e-15	15
0.850	4.84e-06	0.0	6.92e-06	3.47e-18	0.00	0.00e+00	1.1000	8.33e-15	15
0.850	4.84e-06	0.0	6.92e-06	1.00e-02	0.00	0.00e+00	1.1000	8.33e-15	15
0.850	4.84e-06	0.0	6.92e-06	2.00e-02	0.00	0.00e+00	1.1000	8.33e-15	15
0.850	4.84e-06	0.0	6.92e-06	3.00e-02	0.00	0.00e+00	1.1000	8.33e-15	15
0.850	4.84e-06	0.0	6.92e-06	4.00e-02	0.00	0.00e+00	1.1000	8.33e-15	15
0.840	5.53e-06	0.0	7.41e-06	-5.00e-02	0.00	0.00e+00	1.1000	8.33e-15	16
0.840	5.53e-06	0.0	7.41e-06	-4.00e-02	0.00	0.00e+00	1.1000	8.33e-15	16
0.840	5.53e-06	0.0	7.41e-06	-3.00e-02	0.00	0.00e+00	1.1000	8.33e-15	16
0.840	5.53e-06	0.0	7.41e-06	-2.00e-02	0.00	0.00e+00	1.1000	8.33e-15	16
0.840	5.53e-06	0.0	7.41e-06	-1.00e-02	0.00	0.00e+00	1.1000	8.33e-15	16
0.840	5.53e-06	0.0	7.41e-06	3.47e-18	0.00	0.00e+00	1.1000	8.33e-15	16
0.840	5.53e-06	0.0	7.41e-06	1.00e-02	0.00	0.00e+00	1.1000	8.33e-15	16
0.840	5.53e-06	0.0	7.41e-06	2.00e-02	0.00	0.00e+00	1.1000	8.33e-15	16
0.840	5.53e-06	0.0	7.41e-06	3.00e-02	0.00	0.00e+00	1.1000	8.33e-15	16
0.840	5.53e-06	0.0	7.41e-06	4.00e-02	0.00	0.00e+00	1.1000	8.33e-15	16
0.830	6.27e-06	0.0	7.93e-06	-5.00e-02	0.00	0.00e+00	1.1000	8.33e-15	17
0.830	6.27e-06	0.0	7.93e-06	-4.00e-02	0.00	0.00e+00	1.1000	8.33e-15	17
0.830	6.27e-06	0.0	7.93e-06	-3.00e-02	0.00	0.00e+00	1.1000	8.33e-15	17
0.830	6.27e-06	0.0	7.93e-06	-2.00e-02	0.00	0.00e+00	1.1000	8.33e-15	17
0.830	6.27e-06	0.0	7.93e-06	-1.00e-02	0.00	0.00e+00	1.1000	8.33e-15	17
0.830	6.27e-06	0.0	7.93e-06	3.47e-18	0.00	0.00e+00	1.1000	8.33e-15	17
0.830	6.27e-06	0.0	7.93e-06	1.00e-02	0.00	0.00e+00	1.1000	8.33e-15	17
0.830	6.27e-06	0.0	7.93e-06	2.00e-02	0.00	0.00e+00	1.1000	8.33e-15	17
0.830	6.27e-06	0.0	7.93e-06	3.00e-02	0.00	0.00e+00	1.1000	8.33e-15	17
0.830	6.27e-06	0.0	7.93e-06	4.00e-02	0.00	0.00e+00	1.1000	8.33e-15	17
0.820	7.06e-06	0.0	8.51e-06	-5.00e-02	0.00	0.00e+00	1.1000	8.33e-15	18
0.820	7.06e-06	0.0	8.51e-06	-4.00e-02	0.00	0.00e+00	1.1000	8.33e-15	18
0.820	7.06e-06	0.0	8.51e-06	-3.00e-02	0.00	0.00e+00	1.1000	8.33e-15	18
0.820	7.06e-06	0.0	8.51e-06	-2.00e-02	0.00	0.00e+00	1.1000	8.33e-15	18
0.820	7.06e-06	0.0	8.51e-06	-1.00e-02	0.00	0.00e+00	1.1000	8.33e-15	18
0.820	7.06e-06	0.0	8.51e-06	3.47e-18	0.00	0.00e+00	1.1000	8.33e-15	18
0.820	7.06e-06	0.0	8.51e-06	1.00e-02	0.00	0.00e+00	1.1000	8.33e-15	18
0.820	7.06e-06	0.0	8.51e-06	2.00e-02	0.00	0.00e+00	1.1000	8.33e-15	18
0.820	7.06e-06	0.0	8.51e-06	3.00e-02	0.00	0.00e+00	1.1000	8.33e-15	18
0.820	7.06e-06	0.0	8.51e-06	4.00e-02	0.00	0.00e+00	1.1000	8.33e-15	18
0.810	7.91e-06	0.0	9.19e-06	-5.00e-02	0.00	0.00e+00	1.1000	8.33e-15	19
0.810	7.91e-06	0.0	9.19e-06	-4.00e-02	0.00	0.00e+00	1.1000	8.33e-15	19
0.810	7.91e-06	0.0	9.19e-06	-3.00e-02	0.00	0.00e+00	1.1000	8.33e-15	19
0.810	7.91e-06	0.0	9.19e-06	-2.00e-02	0.00	0.00e+00	1.1000	8.33e-15	19
0.810	7.91e-06	0.0	9.19e-06	-1.00e-02	0.00	0.00e+00	1.1000	8.33e-15	19
0.810	7.91e-06	0.0	9.19e-06	3.47e-18	0.00	0.00e+00	1.1000	8.33e-15	19
0.810	7.91e-06	0.0	9.19e-06	1.00e-02	0.00	0.00e+00	1.1000	8.33e-15	19
0.810	7.91e-06	0.0	9.19e-06	2.00e-02	0.00	0.00e+00	1.1000	8.33e-15	19
0.810	7.91e-06	0.0	9.19e-06	3.00e-02	0.00	0.00e+00	1.1000	8.33e-15	19
0.810	7.91e-06	0.0	9.19e-06	4.00e-02	0.00	0.00e+00	1.1000	8.33e-15	19
0.800	8.83e-06	0.0	1.00e-05	-5.00e-02	0.00	0.00e+00	1.1000	8.33e-15	20
0.800	8.83e-06	0.0	1.00e-05	-4.00e-02	0.00	0.00e+00	1.1000	8.33e-15	20
0.800	8.83e-06	0.0	1.00e-05	-3.00e-02	0.00	0.00e+00	1.1000	8.33e-15	20
0.800	8.83e-06	0.0	1.00e-05	-2.00e-02	0.00	0.00e+00	1.1000	8.33e-15	20
0.800	8.83e-06	0.0	1.00e-05	-1.00e-02	0.00	0.00e+00	1.1000	8.33e-15	20
0.800	8.83e-06	0.0	1.00e-05	3.47e-18	0.00	0.00e+00	1.1000	8.33e-15	20
0.800	8.83e-06	0.0	1.00e-05	1.00e-02	0.00	0.00e+00	1.1000	8.33e-15	20
0.800	8.83e-06	0.0	1.00e-05	2.00e-02	0.00	0.00e+00	1.1000	8.33e-15	20
0.800	8.83e-06	0.0	1.00e-05	3.00e-02	0.00	0.00e+00	1.1000	8.33e-15	20
0.800	8.83e-06	0.0	1.00e-05	4.00e-02	0.00	0.00e+00	1.1000	8.33e-15	20
0.790	9.84e-06	0.0	1.11e-05	-5.00e-02	0.00	0.00e+00	1.1000	8.33e-15	21
0.790	9.84e-06	0.0	1.11e-05	-4.00e-02	0.00	0.00e+00	1.1000	8.33e-15	21
0.790	9.84e-06	0.0	1.11e-05	-3.00e-02	0.00	0.00e+00	1.1000	8.33e-15	21
0.790	9.84e-06	0.0	1.11e-05	-2.00e-02	0.00	0.00e+00	1.1000	8.33e-15	21
0.790	9.84e-06	0.0	1.11e-05	-1.00e-02	0.00	0.00e+00	1.1000	8.33e-15	21
0.790	9.84e-06	0.0	1.11e-05	3.47e-18	0.00	0.00e+00	1.1000	8.33e-15	21
0.790	9.84e-06	0.0	1.11e-05	1.00e-02	0.00	0.00e+00	1.1000	8.33e-15	21
0.790	9.84e-06	0.0	1.11e-05	2.00e-02	0.00	0.00e+00	1.1000	8.33e-15	21
0.790	9.84e-06	0.0	1.11e-05	3.00e-02	0.00	0.00e+00	1.1000	8.33e-15	21
0.790	9.84e-06	0.0	1.11e-05	4.00e-02	0.00	0.00e+00	1.1000	8.33e-15	21
0.780	1.10e-05	0.0	1.26e-05	-5.00e-02	0.00	0.00e+00	1.1000	8.33e-15	22
0.780	1.10e-05	0.0	1.26e-05	-4.00e-02	0.00	0.00e+00	1.1000	8.33e-15	22
0.780	1.10e-05	0.0	1.26e-05	-3.00e-02	0.00	0.00e+00	1.1000	8.33e-15	22
0.780	1.10e-05	0.0	1.26e-05	-2.00e-02	0.00	0.00e+00	1.1000	8.33e-15	22
0.780	1.10e-05	0.0	1.26e-05	-1.00e-02	0.00	0.00e+00	1.1000	8.33e-15	22
0.780	1.10e-05	0.0	1.26e-05	3.47e-18	0.00	0.00e+00	1.1000	8.33e-15	22
0.780	1.10e-05	0.0	1.26e-05	1.00e-02	0.00	0.00e+00	1.1000	8.33e-15	22
0.780	1.10e-05	0.0	1.26e-05	2.00e-02	0.00	0.00e+00	1.1000	8.33e-15	22
0.780	1.10e-05	0.0	1.26e-05	3.00e-02	0.00	0.00e+00	1.1000	8.33e-15	22
0.780	1.10e-05	0.0	1.26e-05	4.00e-02	0.00	0.00e+00	1.1000	8.33e-15	22
0.770	1.22e-05	0.0	1.47e-05	-5.00e-02	0.00	0.00e+00	1.1000	8.33e-15	23
0.770	1.22e-05	0.0	1.47e-05	-4.00e-02	0.00	0.00e+00	1.1000	8.33e-15	23
0.770	1.22e-05	0.0	1.47e-05	-3.00e-02	0.00	0.00e+00	1.1000	8.33e-15	23
0.770	1.22e-05	0.0	1.47e-05	-2.00e-02	0.00	0.00e+00	1.1000	8.33e-15	23
0.770	1.22e-05	0.0	1.47e-05	-1.00e-02	0.00	0.00e+00	1.1000	8.33e-15	23
0.770	1.22e-05	0.0	1.47e-05	3.47e-18	0.00	0.00e+00	1.1000	8.33e-15	23
0.770	1.22e-05	0.0	1.47e-05	1.00e-02	0.00	0.00e+00	1.1000	8.33e-15	23
0.770	1.22e-05	0.0	1.47e-05	2.00e-02	0.00	0.00e+00	1.1000	8.33e-15	23
0.770	1.22e-05	0.0	1.47e-05	3.00e-02	0.00	0.00e+00	1.1000	8.33e-15	23
0.770	1.22e-05	0.0	1.47e-05	4.00e-02	0.00	0.00e+00	1.1000	8.33e-15	23
0.760	1.37e-05	0.0	1.75e-05	-5.00e-02	0.00	0.00e+00	1.1000	8.33e-15	24
0.760	1.37e-05	0.0	1.75e-05	-4.00e-02	0.00	0.00e+00	1.1000	8.33e-15	24
0.760	1.37e-05	0.0	1.75e-05	-3.00e-02	0.00	0.00e+00	1.1000	8.33e-15	24
0.760	1.37e-05	0.0	1.75e-05	-2.00e-02	0.00	0.00e+00	1.1000	8.33e-15	24
0.760	1.37e-05	0.0	1.75e-05	-1.00e-02	0.00	0.00e+00	1.1000	8.33e-15	24
0.760	1.37e-05	0.0	1.75e-05	3.47e-18	0.00	0.00e+00	1.1000	8.33e-15	24
0.760	1.37e-05	0.0	1.75e-05	1.00e-02	0.00	0.00e+00	1.1000	8.33e-15	24
0.760	1.37e-05	0.0	1.75e-05	2.00e-02	0.00	0.00e+00	1.1000	8.33e-15	24
0.760	1.37e-05	0.0	1.75e-05	3.00e-02	0.00	0.00e+00	1.1000	8.33e-15	24
0.760	1.37e-05	0.0	1.75e-05	4.00e-02	0.00	0.00e+00	1.1000	8.33e-15	24
0.750	1.54e-05	0.0	2.13e-05	-5.00e-02	0.00	0.00e+00	1.1000	8.33e-15	25
0.750	1.54e-05	0.0	2.13e-05	-4.00e-02	0.00	0.00e+00	1.1000	8.33e-15	25
0.750	1.54e-05	0.0	2.13e-05	-3.00e-02	0.00	0.00e+00	1.1000	8.33e-15	25
0.750	1.54e-05	0.0	2.13e-05	-2.00e-02	0.00	0.00e+00	1.1000	8.33e-15	25
0.750	1.54e-05	0.0	2.13e-05	-1.00e-02	0.00	0.00e+00	1.1000	8.33e-15	25
0.750	1.54e-05	0.0	2.13e-05	3.47e-18	0.00	0.00e+00	1.1000	8.33e-15	25
0.750	1.54e-05	0.0	2.13e-05	1.00e-02	0.00	0.00e+00	1.1000	8.33e-15	25
0.750	1.54e-05	0.0	2.13e-05	2.00e-02	0.00	0.00e+00	1.1000	8.33e-15	25
0.750	1.54e-05	0.0	2.13e-05	3.00e-02	0.00	0.00e+00	1.1000	8.33e-15	25
0.750	1.54e-05	0.0	2.13e-05	4.00e-02	0.00	0.00e+00	1.1000	8.33e-15	25
0.740	1.76e-05	0.0	2.65e-05	-5.00e-02	0.00	0.00e+00	1.1000	8.33e-15	26
0.740	1.76e-05	0.0	2.65e-05	-4.00e-02	0.00	0.00e+00	1.1000	8.33e-15	26
0.740	1.76e-05	0.0	2.65e-05	-3.00e-02	0.00	0.00e+00	1.1000	8.33e-15	26
0.740	1.76e-05	0.0	2.65e-05	-2.00e-02	0.00	0.00e+00	1.1000	8.33e-15	26
0.740	1.76e-05	0.0	2.65e-05	-1.00e-02	0.00	0.00e+00	1.1000	8.33e-15	26
0.740	1.76e-05	0.0	2.65e-05	3.47e-18	0.00	0.00e+00	1.1000	8.33e-15	26
0.740	1.76e-05	0.0	2.65e-05	1.00e-02	0.00	0.00e+00	1.1000	8.33e-15	26
0.740	1.76e-05	0.0	2.65e-05	2.00e-02	0.00	0.00e+00	1.1000	8.33e-15	26
0.740	1.76e-05	0.0	2.65e-05	3.00e-02	0.00	0.00e+00	1.1000	8.33e-15	26
0.740	1.76e-05	0.0	2.65e-05	4.00e-02	0.00	0.00e+00	1.1000	8.33e-15	26
0.730	2.02e-05	0.0	3.34e-05	-5.00e-02	0.00	0.00e+00	1.1000	8.33e-15	27
0.730	2.02e-05	0.0	3.34e-05	-4.00e-02	0.00	0.00e+00	1.1000	8.33e-15	27
0.730	2.02e-05	0.0	3.34e-05	-3.00e-02	0.00	0.00e+00	1.1000	8.33e-15	27
0.730	2.02e-05	0.0	3.34e-05	-2.00e-02	0.00	0.00e+00	1.1000	8.33e-15	27
0.730	2.02e-05	0.0	3.34e-05	-1.00e-02	0.00	0.00e+00	1.1000	8.33e-15	27
0.730	2.02e-05	0.0	3.34e-05	3.47e-18	0.00	0.00e+00	1.1000	8.33e-15	27
0.730	2.02e-05	0.0	3.34e-05	1.00e-02	0.00	0.00e+00	1.1000	8.33e-15	27
0.730	2.02e-05	0.0	3.34e-05	2.00e-02	0.00	0.00e+00	1.1000	8.33e-15	27
0.730	2.02e-05	0.0	3.34e-05	3.00e-02	0.00	0.00e+00	1.1000	8.33e-15	27
0.730	2.02e-05	0.0	3.34e-05	4.00e-02	0.00	0.00e+00	1.1000	8.33e-15	27
0.720	2.35e-05	0.0	4.24e-05	-5.00e-02	0.00	0.00e+00	1.1000	8.33e-15	28
0.720	2.35e-05	0.0	4.24e-05	-4.00e-02	0.00	0.00e+00	1.1000	8.33e-15	28
0.720	2.35e-05	0.0	4.24e-05	-3.00e-02	0.00	0.00e+00	1.1000	8.33e-15	28
0.720	2.35e-05	0.0	4.24e-05	-2.00e-02	0.00	0.00e+00	1.1000	8.33e-15	28
0.720	2.35e-05	0.0	4.24e-05	-1.00e-02	0.00	0.00e+00	1.1000	8.33e-15	28
0.720	2.35e-05	0.0	4.24e-05	3.47e-18	0.00	0.00e+00	1.1000	8.33e-15	28
0.720	2.35e-05	0.0	4.24e-05	1.00e-02	0.00	0.00e+00	1.1000	8.33e-15	28
0.720	2.35e-05	0.0	4.24e-05	2.00e-02	0.00	0.00e+00	1.1000	8.33e-15	28
0.720	2.35e-05	0.0	4.24e-05	3.00e-02	0.00	0.00e+00	1.1000	8.33e-15	28
0.720	2.35e-05	0.0	4.24e-05	4.00e-02	0.00	0.00e+00	1.1000	8.33e-15	28
0.710	2.78e-05	0.0	5.39e-05	-5.00e-02	0.00	0.00e+00	1.1000	8.33e-15	29
0.710	2.78e-05	0.0	5.39e-05	-4.00e-02	0.00	0.00e+00	1.1000	8.33e-15	29
0.710	2.78e-05	0.0	5.39e-05	-3.00e-02	0.00	0.00e+00	1.1000	8.33e-15	29
0.710	2.78e-05	0.0	5.39e-05	-2.00e-02	0.00	0.00e+00	1.1000	8.33e-15	29
0.710	2.78e-05	0.0	5.39e-05	-1.00e-02	0.00	0.00e+00	1.1000	8.33e-15	29
0.710	2.78e-05	0.0	5.39e-05	3.47e-18	0.00	0.00e+00	1.1000	8.33e-15	29
0.710	2.78e-05	0.0	5.39e-05	1.00e-02	0.00	0.00e+00	1.1000	8.33e-15	29
0.710	2.78e-05	0.0	5.39e-05	2.00e-02	0.00	0.00e+00	1.1000	8.33e-15	29
0.710	2.78e-05	0.0	5.39e-05	3.00e-02	0.00	0.00e+00	1.1000	8.33e-15	29
0.710	2.78e-05	0.0	5.39e-05	4.00e-02	0.00	0.00e+00	1.1000	8.33e-15	29
0.700	3.32e-05	0.0	6.85e-05	-5.00e-02	0.00	0.00e+00	1.1000	8.33e-15	30
0.700	3.32e-05	0.0	6.85e-05	-4.00e-02	0.00	0.00e+00	1.1000	8.33e-15	30
0.700	3.32e-05	0.0	6.85e-05	-3.00e-02	0.00	0.00e+00	1.1000	8.33e-15	30
0.700	3.32e-05	0.0	6.85e-05	-2.00e-02	0.00	0.00e+00	1.1000	8.33e-15	30
0.700	3.32e-05	0.0	6.85e-05	-1.00e-02	0.00	0.00e+00	1.1000	8.33e-15	30
0.700	3.32e-05	0.0	6.85e-05	3.47e-18	0.00	0.00e+00	1.1000	8.33e-15	30
0.700	3.32e-05	0.0	6.85e-05	1.00e-02	0.00	0.00e+00	1.1000	8.33e-15	30
0.700	3.32e-05	0.0	6.85e-05	2.00e-02	0.00	0.00e+00	1.1000	8.33e-15	30
0.700	3.32e-05	0.0	6.85e-05	3.00e-02	0.00	0.00e+00	1.1000	8.33e-15	30
0.700	3.32e-05	0.0	6.85e-05	4.00e-02	0.00	0.00e+00	1.1000	8.33e-15	30
0.690	4.00e-05	0.0	8.66e-05	-5.00e-02	0.00	0.00e+00	1.1000	8.33e-15	31
0.690	4.00e-05	0.0	8.66e-05	-4.00e-02	0.00	0.00e+00	1.1000	8.33e-15	31
0.690	4.00e-05	0.0	8.66e-05	-3.00e-02	0.00	0.00e+00	1.1000	8.33e-15	31
0.690	4.00e-05	0.0	8.66e-05	-2.00e-02	0.00	0.00e+00	1.1000	8.33e-15	31
0.690	4.00e-05	0.0	8.66e-05	-1.00e-02	0.00	0.00e+00	1.1000	8.33e-15	31
0.690	4.00e-05	0.0	8.66e-05	3.47e-18	0.00	0.00e+00	1.1000	8.33e-15	31
0.690	4.00e-05	0.0	8.66e-05	1.00e-02	0.00	0.00e+00	1.1000	8.33e-15	31
0.690	4.00e-05	0.0	8.66e-05	2.00e-02	0.00	0.00e+00	1.1000	8.33e-15	31
0.690	4.00e-05	0.0	8.66e-05	3.00e-02	0.00	0.00e+00	1.1000	8.33e-15	31
0.690	4.00e-05	0.0	8.66e-05	4.00e-02	0.00	0.00e+00	1.1000	8.33e-15	31
0.680	4.87e-05	0.0	1.09e-04	-5.00e-02	0.00	0.00e+00	1.1000	8.33e-15	32
0.680	4.87e-05	0.0	1.09e-04	-4.00e-02	0.00	0.00e+00	1.1000	8.33e-15	32
0.680	4.87e-05	0.0	1.09e-04	-3.00e-02	0.00	0.00e+00	1.1000	8.33e-15	32
0.680	4.87e-05	0.0	1.09e-04	-2.00e-02	0.00	0.00e+00	1.1000	8.33e-15	32
0.680	4.87e-05	0.0	1.09e-04	-1.00e-02	0.00	0.00e+00	1.1000	8.33e-15	32
0.680	4.87e-05	0.0	1.09e-04	3.47e-18	0.00	0.00e+00	1.1000	8.33e-15	32
0.680	4.87e-05	0.0	1.09e-04	1.00e-02	0.00	0.00e+00	1.1000	8.33e-15	32
0.680	4.87e-05	0.0	1.09e-04	2.00e-02	0.00	0.00e+00	1.1000	8.33e-15	32
0.680	4.87e-05	0.0	1.09e-04	3.00e-02	0.00	0.00e+00	1.1000	8.33e-15	32
0.680	4.87e-05	0.0	1.09e-04	4.00e-02	0.00	0.00e+00	1.1000	8.33e-15	32
0.670	5.95e-05	0.0	1.35e-04	-5.00e-02	0.00	0.00e+00	1.1000	8.33e-15	33
0.670	5.95e-05	0.0	1.35e-04	-4.00e-02	0.00	0.00e+00	1.1000	8.33e-15	33
0.670	5.95e-05	0.0	1.35e-04	-3.00e-02	0.00	0.00e+00	1.1000	8.33e-15	33
0.670	5.95e-05	0.0	1.35e-04	-2.00e-02	0.00	0.00e+00	1.1000	8.33e-15	33
0.670	5.95e-05	0.0	1.35e-04	-1.00e-02	0.00	0.00e+00	1.1000	8.33e-15	33
0.670	5.95e-05	0.0	1.35e-04	3.47e-18	0.00	0.00e+00	1.1000	8.33e-15	33
0.670	5.95e-05	0.0	1.35e-04	1.00e-02	0.00	0.00e+00	1.1000	8.33e-15	33
0.670	5.95e-05	0.0	1.35e-04	2.00e-02	0.00	0.00e+00	1.1000	8.33e-15	33
0.670	5.95e-05	0.0	1.35e-04	3.00e-02	0.00	0.00e+00	1.1000	8.33e-15	33
0.670	5.95e-05	0.0	1.35e-04	4.00e-02	0.00	0.00e+00	1.1000	8.33e-15	33
0.660	7.30e-05	0.0	1.65e-04	-5.00e-02	0.00	0.00e+00	1.1000	8.33e-15	34
0.660	7.30e-05	0.0	1.65e-04	-4.00e-02	0.00	0.00e+00	1.1000	8.33e-15	34
0.660	7.30e-05	0.0	1.65e-04	-3.00e-02	0.00	0.00e+00	1.1000	8.33e-15	34
0.660	7.30e-05	0.0	1.65e-04	-2.00e-02	0.00	0.00e+00	1.1000	8.33e-15	34
0.660	7.30e-05	0.0	1.65e-04	-1.00e-02	0.00	0.00e+00	1.1000	8.33e-15	34
0.660	7.30e-05	0.0	1.65e-04	3.47e-18	0.00	0.00e+00	1.1000	8.33e-15	34
0.660	7.30e-05	0.0	1.65e-04	1.00e-02	0.00	0.00e+00	1.1000	8.33e-15	34
0.660	7.30e-05	0.0	1.65e-04	2.00e-02	0.00	0.00e+00	1.1000	8.33e-15	34
0.660	7.30e-05	0.0	1.65e-04	3.00e-02	0.00	0.00e+00	1.1000	8.33e-15	34
0.660	7.30e-05	0.0	1.65e-04	4.00e-02	0.00	0.00e+00	1.1000	8.33e-15	34
0.650	8.95e-05	0.0	1.99e-04	-5.00e-02	0.00	0.00e+00	1.1000	8.33e-15	35
0.650	8.95e-05	0.0	1.99e-04	-4.00e-02	0.00	0.00e+00	1.1000	8.33e-15	35
0.650	8.95e-05	0.0	1.99e-04	-3.00e-02	0.00	0.00e+00	1.1000	8.33e-15	35
0.650	8.95e-05	0.0	1.99e-04	-2.00e-02	0.00	0.00e+00	1.1000	8.33e-15	35
0.650	8.95e-05	0.0	1.99e-04	-1.00e-02	0.00	0.00e+00	1.1000	8.33e-15	35
0.650	8.95e-05	0.0	1.99e-04	3.47e-18	0.00	0.00e+00	1.1000	8.33e-15	35
0.650	8.95e-05	0.0	1.99e-04	1.00e-02	0.00	0.00e+00	1.1000	8.33e-15	35
0.650	8.95e-05	0.0	1.99e-04	2.00e-02	0.00	0.00e+00	1.1000	8.33e-15	35
0.650	8.95e-05	0.0	1.99e-04	3.00e-02	0.00	0.00e+00	1.1000	8.33e-15	35
0.650	8.95e-05	0.0	1.99e-04	4.00e-02	0.00	0.00e+00	1.1000	8.33e-15	35
0.640	1.09e-04	0.0	2.38e-04	-5.00e-02	0.00	0.00e+00	1.1000	8.33e-15	36
0.640	1.09e-04	0.0	2.38e-04	-4.00e-02	0.00	0.00e+00	1.1000	8.33e-15	36
0.640	1.09e-04	0.0	2.38e-04	-3.00e-02	0.00	0.00e+00	1.1000	8.33e-15	36
0.640	1.09e-04	0.0	2.38e-04	-2.00e-02	0.00	0.00e+00	1.1000	8.33e-15	36
0.640	1.09e-04	0.0	2.38e-04	-1.00e-02	0.00	0.00e+00	1.1000	8.33e-15	36
0.640	1.09e-04	0.0	2.38e-04	3.47e-18	0.00	0.00e+00	1.1000	8.33e-15	36
0.640	1.09e-04	0.0	2.38e-04	1.00e-02	0.00	0.00e+00	1.1000	8.33e-15	36
0.640	1.09e-04	0.0	2.38e-04	2.00e-02	0.00	0.00e+00	1.1000	8.33e-15	36
0.640	1.09e-04	0.0	2.38e-04	3.00e-02	0.00	0.00e+00	1.1000	8.33e-15	36
0.640	1.09e-04	0.0	2.38e-04	4.00e-02	0.00	0.00e+00	1.1000	8.33e-15	36
0.630	1.33e-04	0.0	2.79e-04	-5.00e-02	0.00	0.00e+00	1.1000	8.33e-15	37
0.630	1.33e-04	0.0	2.79e-04	-4.00e-02	0.00	0.00e+00	1.1000	8.33e-15	37
0.630	1.33e-04	0.0	2.79e-04	-3.00e-02	0.00	0.00e+00	1.1000	8.33e-15	37
0.630	1.33e-04	0.0	2.79e-04	-2.00e-02	0.00	0.00e+00	1.1000	8.33e-15	37
0.630	1.33e-04	0.0	2.79e-04	-1.00e-02	0.00	0.00e+00	1.1000	8.33e-15	37
0.630	1.33e-04	0.0	2.79e-04	3.47e-18	0.00	0.00e+00	1.1000	8.33e-15	37
0.630	1.33e-04	0.0	2.79e-04	1.00e-02	0.00	0.00e+00	1.1000	8.33e-15	37
0.630	1.33e-04	0.0	2.79e-04	2.00e-02	0.00	0.00e+00	1.1000	8.33e-15	37
0.630	1.33e-04	0.0	2.79e-04	3.00e-02	0.00	0.00e+00	1.1000	8.33e-15	37
0.630	1.33e-04	0.0	2.79e-04	4.00e-02	0.00	0.00e+00	1.1000	8.33e-15	37
0.620	1.61e-04	0.0	3.22e-04	-5.00e-02	0.00	0.00e+00	1.1000	8.33e-15	38
0.620	1.61e-04	0.0	3.22e-04	-4.00e-02	0.00	0.00e+00	1.1000	8.33e-15	38
0.620	1.61e-04	0.0	3.22e-04	-3.00e-02	0.00	0.00e+00	1.1000	8.33e-15	38
0.620	1.61e-04	0.0	3.22e-04	-2.00e-02	0.00	0.00e+00	1.1000	8.33e-15	38
0.620	1.61e-04	0.0	3.22e-04	-1.00e-02	0.00	0.00e+00	1.1000	8.33e-15	38
0.620	1.61e-04	0.0	3.22e-04	3.47e-18	0.00	0.00e+00	1.1000	8.33e-15	38
0.620	1.61e-04	0.0	3.22e-04	1.00e-02	0.00	0.00e+00	1.1000	8.33e-15	38
0.620	1.61e-04	0.0	3.22e-04	2.00e-02	0.00	0.00e+00	1.1000	8.33e-15	38
0.620	1.61e-04	0.0	3.22e-04	3.00e-02	0.00	0.00e+00	1.1000	8.33e-15	38
0.620	1.61e-04	0.0	3.22e-04	4.00e-02	0.00	0.00e+00	1.1000	8.33e-15	38
0.610	1.93e-04	0.0	3.66e-04	-5.00e-02	0.00	0.00e+00	1.1000	8.33e-15	39
0.610	1.93e-04	0.0	3.66e-04	-4.00e-02	0.00	0.00e+00	1.1000	8.33e-15	39
0.610	1.93e-04	0.0	3.66e-04	-3.00e-02	0.00	0.00e+00	1.1000	8.33e-15	39
0.610	1.93e-04	0.0	3.66e-04	-2.00e-02	0.00	0.00e+00	1.1000	8.33e-15	39
0.610	1.93e-04	0.0	3.66e-04	-1.00e-02	0.00	0.00e+00	1.1000	8.33e-15	39
0.610	1.93e-04	0.0	3.66e-04	3.47e-18	0.00	0.00e+00	1.1000	8.33e-15	39
0.610	1.93e-04	0.0	3.66e-04	1.00e-02	0.00	0.00e+00	1.1000	8.33e-15	39
0.610	1.93e-04	0.0	3.66e-04	2.00e-02	0.00	0.00e+00	1.1000	8.33e-15	39
0.610	1.93e-04	0.0	3.66e-04	3.00e-02	0.00	0.00e+00	1.1000	8.33e-15	39
0.610	1.93e-04	0.0	3.66e-04	4.00e-02	0.00	0.00e+00	1.1000	8.33e-15	39
0.600	2.30e-04	0.0	4.09e-04	-5.00e-02	0.00	0.00e+00	1.1000	8.33e-15	40
0.600	2.30e-04	0.0	4.09e-04	-4.00e-02	0.00	0.00e+00	1.1000	8.33e-15	40
0.600	2.30e-04	0.0	4.09e-04	-3.00e-02	0.00	0.00e+00	1.1000	8.33e-15	40
0.600	2.30e-04	0.0	4.09e-04	-2.00e-02	0.00	0.00e+00	1.1000	8.33e-15	40
0.600	2.30e-04	0.0	4.09e-04	-1.00e-02	0.00	0.00e+00	1.1000	8.33e-15	40
0.600	2.30e-04	0.0	4.09e-04	3.47e-18	0.00	0.00e+00	1.1000	8.33e-15	40
0.600	2.30e-04	0.0	4.09e-04	1.00e-02	0.00	0.00e+00	1.1000	8.33e-15	40
0.600	2.30e-04	0.0	4.09e-04	2.00e-02	0.00	0.00e+00	1.1000	8.33e-15	40
0.600	2.30e-04	0.0	4.09e-04	3.00e-02	0.00	0.00e+00	1.1000	8.33e-15	40
0.600	2.30e-04	0.0	4.09e-04	4.00e-02	0.00	0.00e+00	1.1000	8.33e-15	40
0.590	2.71e-04	0.0	4.47e-04	-5.00e-02	0.00	0.00e+00	1.1000	8.33e-15	41
0.590	2.71e-04	0.0	4.47e-04	-4.00e-02	0.00	0.00e+00	1.1000	8.33e-15	41
0.590	2.71e-04	0.0	4.47e-04	-3.00e-02	0.00	0.00e+00	1.1000	8.33e-15	41
0.590	2.71e-04	0.0	4.47e-04	-2.00e-02	0.00	0.00e+00	1.1000	8.33e-15	41
0.590	2.71e-04	0.0	4.47e-04	-1.00e-02	0.00	0.00e+00	1.1000	8.33e-15	41
0.590	2.71e-04	0.0	4.47e-04	3.47e-18	0.00	0.00e+00	1.1000	8.33e-15	41
0.590	2.71e-04	0.0	4.47e-04	1.00e-02	0.00	0.00e+00	1.1000	8.33e-15	41
0.590	2.71e-04	0.0	4.47e-04	2.00e-02	0.00	0.00e+00	1.1000	8.33e-15	41
0.590	2.71e-04	0.0	4.47e-04	3.00e-02	0.00	0.00e+00	1.1000	8.33e-15	41
0.590	2.71e-04	0.0	4.47e-04	4.00e-02	0.00	0.00e+00	1.1000	8.33e-15	41
0.580	3.16e-04	0.0	4.78e-04	-5.00e-02	0.00	0.00e+00	1.1000	8.33e-15	42
0.580	3.16e-04	0.0	4.78e-04	-4.00e-02	0.00	0.00e+00	1.1000	8.33e-15	42
0.580	3.16e-04	0.0	4.78e-04	-3.00e-02	0.00	0.00e+00	1.1000	8.33e-15	42
0.580	3.16e-04	0.0	4.78e-04	-2.00e-02	0.00	0.00e+00	1.1000	8.33e-15	42
0.580	3.16e-04	0.0	4.78e-04	-1.00e-02	0.00	0.00e+00	1.1000	8.33e-15	42
0.580	3.16e-04	0.0	4.78e-04	3.47e-18	0.00	0.00e+00	1.1000	8.33e-15	42
0.580	3.16e-04	0.0	4.78e-04	1.00e-02	0.00	0.00e+00	1.1000	8.33e-15	42
0.580	3.16e-04	0.0	4.78e-04	2.00e-02	0.00	0.00e+00	1.1000	8.33e-15	42
0.580	3.16e-04	0.0	4.78e-04	3.00e-02	0.00	0.00e+00	1.1000	8.33e-15	42
0.580	3.16e-04	0.0	4.78e-04	4.00e-02	0.00	0.00e+00	1.1000	8.33e-15	42
0.570	3.63e-04	0.0	4.98e-04	-5.00e-02	0.00	0.00e+00	1.1000	8.33e-15	43
0.570	3.63e-04	0.0	4.98e-04	-4.00e-02	0.00	0.00e+00	1.1000	8.33e-15	43
0.570	3.63e-04	0.0	4.98e-04	-3.00e-02	0.00	0.00e+00	1.1000	8.33e-15	43
0.570	3.63e-04	0.0	4.98e-04	-2.00e-02	0.00	0.00e+00	1.1000	8.33e-15	43
0.570	3.63e-04	0.0	4.98e-04	-1.00e-02	0.00	0.00e+00	1.1000	8.33e-15	43
0.570	3.63e-04	0.0	4.98e-04	3.47e-18	0.00	0.00e+00	1.1000	8.33e-15	43
0.570	3.63e-04	0.0	4.98e-04	1.00e-02	0.00	0.00e+00	1.1000	8.33e-15	43
0.570	3.63e-04	0.0	4.98e-04	2.00e-02	0.00	0.00e+00	1.1000	8.33e-15	43
0.570	3.63e-04	0.0	4.98e-04	3.00e-02	0.00	0.00e+00	1.1000	8.33e-15	43
0.570	3.63e-04	0.0	4.98e-04	4.00e-02	0.00	0.00e+00	1.1000	8.33e-15	43
0.560	4.13e-04	0.0	5.04e-04	-5.00e-02	0.00	0.00e+00	1.1000	8.33e-15	44
0.560	4.13e-04	0.0	5.04e-04	-4.00e-02	0.00	0.00e+00	1.1000	8.33e-15	44
0.560	4.13e-04	0.0	5.04e-04	-3.00e-02	0.00	0.00e+00	1.1000	8.33e-15	44
0.560	4.13e-04	0.0	5.04e-04	-2.00e-02	0.00	0.00e+00	1.1000	8.33e-15	44
0.560	4.13e-04	0.0	5.04e-04	-1.00e-02	0.00	0.00e+00	1.1000	8.33e-15	44
0.560	4.13e-04	0.0	5.04e-04	3.47e-18	0.00	0.00e+00	1.1000	8.33e-15	44
0.560	4.13e-04	0.0	5.04e-04	1.00e-02	0.00	0.00e+00	1.1000	8.33e-15	44
0.560	4.13e-04	0.0	5.04e-04	2.00e-02	0.00	0.00e+00	1.1000	8.33e-15	44
0.560	4.13e-04	0.0	5.04e-04	3.00e-02	0.00	0.00e+00	1.1000	8.33e-15	44
0.560	4.13e-04	0.0	5.04e-04	4.00e-02	0.00	0.00e+00	1.1000	8.33e-15	44
0.550	4.64e-04	0.0	4.90e-04	-5.00e-02	0.00	0.00e+00	1.1000	8.33e-15	45
0.550	4.64e-04	0.0	4.90e-04	-4.00e-02	0.00	0.00e+00	1.1000	8.33e-15	45
0.550	4.64e-04	0.0	4.90e-04	-3.00e-02	0.00	0.00e+00	1.1000	8.33e-15	45
0.550	4.64e-04	0.0	4.90e-04	-2.00e-02	0.00	0.00e+00	1.1000	8.33e-15	45
0.550	4.64e-04	0.0	4.90e-04	-1.00e-02	0.00	0.00e+00	1.1000	8.33e-15	45
0.550	4.64e-04	0.0	4.90e-04	3.47e-18	0.00	0.00e+00	1.1000	8.33e-15	45
0.550	4.64e-04	0.0	4.90e-04	1.00e-02	0.00	0.00e+00	1.1000	8.33e-15	45
0.550	4.64e-04	0.0	4.90e-04	2.00e-02	0.00	0.00e+00	1.1000	8.33e-15	45
0.550	4.64e-04	0.0	4.90e-04	3.00e-02	0.00	0.00e+00	1.1000	8.33e-15	45
0.550	4.64e-04	0.0	4.90e-04	4.00e-02	0.00	0.00e+00	1.1000	8.33e-15	45
0.540	5.13e-04	0.0	4.52e-04	-5.00e-02	0.00	0.00e+00	1.1000	8.33e-15	46
0.540	5.13e-04	0.0	4.52e-04	-4.00e-02	0.00	0.00e+00	1.1000	8.33e-15	46
0.540	5.13e-04	0.0	4.52e-04	-3.00e-02	0.00	0.00e+00	1.1000	8.33e-15	46
0.540	5.13e-04	0.0	4.52e-04	-2.00e-02	0.00	0.00e+00	1.1000	8.33e-15	46
0.540	5.13e-04	0.0	4.52e-04	-1.00e-02	0.00	0.00e+00	1.1000	8.33e-15	46
0.540	5.13e-04	0.0	4.52e-04	3.47e-18	0.00	0.00e+00	1.1000	8.33e-15	46
0.540	5.13e-04	0.0	4.52e-04	1.00e-02	0.00	0.00e+00	1.1000	8.33e-15	46
0.540	5.13e-04	0.0	4.52e-04	2.00e-02	0.00	0.00e+00	1.1000	8.33e-15	46
0.540	5.13e-04	0.0	4.52e-04	3.00e-02	0.00	0.00e+00	1.1000	8.33e-15	46
0.540	5.13e-04	0.0	4.52e-04	4.00e-02	0.00	0.00e+00	1.1000	8.33e-15	46
0.530	5.58e-04	0.0	3.86e-04	-5.00e-02	0.00	0.00e+00	1.1000	8.33e-15	47
0.530	5.58e-04	0.0	3.86e-04	-4.00e-02	0.00	0.00e+00	1.1000	8.33e-15	47
0.530	5.58e-04	0.0	3.86e-04	-3.00e-02	0.00	0.00e+00	1.1000	8.33e-15	47
0.530	5.58e-04	0.0	3.86e-04	-2.00e-02	0.00	0.00e+00	1.1000	8.33e-15	47
0.530	5.58e-04	0.0	3.86e-04	-1.00e-02	0.00	0.00e+00	1.1000	8.33e-15	47
0.530	5.58e-04	0.0	3.86e-04	3.47e-18	0.00	0.00e+00	1.1000	8.33e-15	47
0.530	5.58e-04	0.0	3.86e-04	1.00e-02	0.00	0.00e+00	1.1000	8.33e-15	47
0.530	5.58e-04	0.0	3.86e-04	2.00e-02	0.00	0.00e+00	1.1000	8.33e-15	47
0.530	5.58e-04	0.0	3.86e-04	3.00e-02	0.00	0.00e+00	1.1000	8.33e-15	47
0.530	5.58e-04	0.0	3.86e-04	4.00e-02	0.00	0.00e+00	1.1000	8.33e-15	47
0.520	5.96e-04	0.0	2.88e-04	-5.00e-02	0.00	0.00e+00	1.1000	8.33e-15	48
0.520	5.96e-04	0.0	2.88e-04	-4.00e-02	0.00	0.00e+00	1.1000	8.33e-15	48
0.520	5.96e-04	0.0	2.88e-04	-3.00e-02	0.00	0.00e+00	1.1000	8.33e-15	48
0.520	5.96e-04	0.0	2.88e-04	-2.00e-02	0.00	0.00e+00	1.1000	8.33e-15	48
0.520	5.96e-04	0.0	2.88e-04	-1.00e-02	0.00	0.00e+00	1.1000	8.33e-15	48
0.520	5.96e-04	0.0	2.88e-04	3.47e-18	0.00	0.00e+00	1.1000	8.33e-15	48
0.520	5.96e-04	0.0	2.88e-04	1.00e-02	0.00	0.00e+00	1.1000	8.33e-15	48
0.520	5.96e-04	0.0	2.88e-04	2.00e-02	0.00	0.00e+00	1.1000	8.33e-15	48
0.520	5.96e-04	0.0	2.88e-04	3.00e-02	0.00	0.00e+00	1.1000	8.33e-15	48
0.520	5.96e-04	0.0	2.88e-04	4.00e-02	0.00	0.00e+00	1.1000	8.33e-15	48
0.510	6.25e-04	0.0	1.53e-04	-5.00e-02	0.00	0.00e+00	1.1000	8.33e-15	49
0.510	6.25e-04	0.0	1.53e-04	-4.00e-02	0.00	0.00e+00	1.1000	8.33e-15	49
0.510	6.25e-04	0.0	1.53e-04	-3.00e-02	0.00	0.00e+00	1.1000	8.33e-15	49
0.510	6.25e-04	0.0	1.53e-04	-2.00e-02	0.00	0.00e+00	1.1000	8.33e-15	49
0.510	6.25e-04	0.0	1.53e-04	-1.00e-02	0.00	0.00e+00	1.1000	8.33e-15	49
0.510	6.25e-04	0.0	1.53e-04	3.47e-18	0.00	0.00e+00	1.1000	8.33e-15	49
0.510	6.25e-04	0.0	1.53e-04	1.00e-02	0.00	0.00e+00	1.1000	8.33e-15	49
0.510	6.25e-04	0.0	1.53e-04	2.00e-02	0.00	0.00e+00	1.1000	8.33e-15	49
0.510	6.25e-04	0.0	1.53e-04	3.00e-02	0.00	0.00e+00	1.1000	8.33e-15	49
0.510	6.25e-04	0.0	1.53e-04	4.00e-02	0.00	0.00e+00	1.1000	8.33e-15	49
0.500	6.41e-04	0.0	-2.13e-05	-5.00e-02	0.00	0.00e+00	1.1000	8.33e-15	50
0.500	6.41e-04	0.0	-2.13e-05	-4.00e-02	0.00	0.00e+00	1.1000	8.33e-15	50
0.500	6.41e-04	0.0	-2.13e-05	-3.00e-02	0.00	0.00e+00	1.1000	8.33e-15	50
0.500	6.41e-04	0.0	-2.13e-05	-2.00e-02	0.00	0.00e+00	1.1000	8.33e-15	50
0.500	6.41e-04	0.0	-2.13e-05	-1.00e-02	0.00	0.00e+00	1.1000	8.33e-15	50
0.500	6.41e-04	0.0	-2.13e-05	3.47e-18	0.00	0.00e+00	1.1000	8.33e-15	50
0.500	6.41e-04	0.0	-2.13e-05	1.00e-02	0.00	0.00e+00	1.1000	8.33e-15	50
0.500	6.41e-04	0.0	-2.13e-05	2.00e-02	0.00	0.00e+00	1.1000	8.33e-15	50
0.500	6.41e-04	0.0	-2.13e-05	3.00e-02	0.00	0.00e+00	1.1000	8.33e-15	50
0.500	6.41e-04	0.0	-2.13e-05	4.00e-02	0.00	0.00e+00	1.1000	8.33e-15	50
0.490	6.38e-04	0.0	-2.37e-04	-5.00e-02	0.00	0.00e+00	1.1000	8.33e-15	51
0.490	6.38e-04	0.0	-2.37e-04	-4.00e-02	0.00	0.00e+00	1.1000	8.33e-15	51
0.490	6.38e-04	0.0	-2.37e-04	-3.00e-02	0.00	0.00e+00	1.1000	8.33e-15	51
0.490	6.38e-04	0.0	-2.37e-04	-2.00e-02	0.00	0.00e+00	1.1000	8.33e-15	51
0.490	6.38e-04	0.0	-2.37e-04	-1.00e-02	0.00	0.00e+00	1.1000	8.33e-15	51
0.490	6.38e-04	0.0	-2.37e-04	3.47e-18	0.00	0.00e+00	1.1000	8.33e-15	51
0.490	6.38e-04	0.0	-2.37e-04	1.00e-02	0.00	0.00e+00	1.1000	8.33e-15	51
0.490	6.38e-04	0.0	-2.37e-04	2.00e-02	0.00	0.00e+00	1.1000	8.33e-15	51
0.490	6.38e-04	0.0	-2.37e-04	3.00e-02	0.00	0.00e+00	1.1000	8.33e-15	51
0.490	6.38e-04	0.0	-2.37e-04	4.00e-02	0.00	0.00e+00	1.1000	8.33e-15	51
0.480	6.15e-04	0.0	-4.95e-04	-5.00e-02	0.00	0.00e+00	1.1000	8.33e-15	52
0.480	6.15e-04	0.0	-4.95e-04	-4.00e-02	0.00	0.00e+00	1.1000	8.33e-15	52
0.480	6.15e-04	0.0	-4.95e-04	-3.00e-02	0.00	0.00e+00	1.1000	8.33e-15	52
0.480	6.15e-04	0.0	-4.95e-04	-2.00e-02	0.00	0.00e+00	1.1000	8.33e-15	52
0.480	6.15e-04	0.0	-4.95e-04	-1.00e-02	0.00	0.00e+00	1.1000	8.33e-15	52
0.480	6.15e-04	0.0	-4.95e-04	3.47e-18	0.00	0.00e+00	1.1000	8.33e-15	52
0.480	6.15e-04	0.0	-4.95e-04	1.00e-02	0.00	0.00e+00	1.1000	8.33e-15	52
0.480	6.15e-04	0.0	-4.95e-04	2.00e-02	0.00	0.00e+00	1.1000	8.33e-15	52
0.480	6.15e-04	0.0	-4.95e-04	3.00e-02	0.00	0.00e+00	1.1000	8.33e-15	52
0.480	6.15e-04	0.0	-4.95e-04	4.00e-02	0.00	0.00e+00	1.1000	8.33e-15	52
0.470	5.65e-04	0.0	-7.92e-04	-5.00e-02	0.00	0.00e+00	1.1000	8.33e-15	53
0.470	5.65e-04	0.0	-7.92e-04	-4.00e-02	0.00	0.00e+00	1.1000	8.33e-15	53
0.470	5.65e-04	0.0	-7.92e-04	-3.00e-02	0.00	0.00e+00	1.1000	8.33e-15	53
0.470	5.65e-04	0.0	-7.92e-04	-2.00e-02	0.00	0.00e+00	1.1000	8.33e-15	53
0.470	5.65e-04	0.0	-7.92e-04	-1.00e-02	0.00	0.00e+00	1.1000	8.33e-15	53
0.470	5.65e-04	0.0	-7.92e-04	3.47e-18	0.00	0.00e+00	1.1000	8.33e-15	53
0.470	5.65e-04	0.0	-7.92e-04	1.00e-02	0.00	0.00e+00	1.1000	8.33e-15	53
0.470	5.65e-04	0.0	-7.92e-04	2.00e-02	0.00	0.00e+00	1.1000	8.33e-15	53
0.470	5.65e-04	0.0	-7.92e-04	3.00e-02	0.00	0.00e+00	1.1000	8.33e-15	53
0.470	5.65e-04	0.0	-7.92e-04	4.00e-02	0.00	0.00e+00	1.1000	8.33e-15	53
0.460	4.86e-04	0.0	-1.13e-03	-5.00e-02	0.00	0.00e+00	1.1000	8.33e-15	54
0.460	4.86e-04	0.0	-1.13e-03	-4.00e-02	0.00	0.00e+00	1.1000	8.33e-15	54
0.460	4.86e-04	0.0	-1.13e-03	-3.00e-02	0.00	0.00e+00	1.1000	8.33e-15	54
0.460	4.86e-04	0.0	-1.13e-03	-2.00e-02	0.00	0.00e+00	1.1000	8.33e-15	54
0.460	4.86e-04	0.0	-1.13e-03	-1.00e-02	0.00	0.00e+00	1.1000	8.33e-15	54
0.460	4.86e-04	0.0	-1.13e-03	3.47e-18	0.00	0.00e+00	1.1000	8.33e-15	54
0.460	4.86e-04	0.0	-1.13e-03	1.00e-02	0.00	0.00e+00	1.1000	8.33e-15	54
0.460	4.86e-04	0.0	-1.13e-03	2.00e-02	0.00	0.00e+00	1.1000	8.33e-15	54
0.460	4.86e-04	0.0	-1.13e-03	3.00e-02	0.00	0.00e+00	1.1000	8.33e-15	54
0.460	4.86e-04	0.0	-1.13e-03	4.00e-02	0.00	0.00e+00	1.1000	8.33e-15	54
0.450	3.73e-04	0.0	-1.49e-03	-5.00e-02	0.00	0.00e+00	1.1000	8.33e-15	55
0.450	3.73e-04	0.0	-1.49e-03	-4.00e-02	0.00	0.00e+00	1.1000	8.33e-15	55
0.450	3.73e-04	0.0	-1.49e-03	-3.00e-02	0.00	0.00e+00	1.1000	8.33e-15	55
0.450	3.73e-04	0.0	-1.49e-03	-2.00e-02	0.00	0.00e+00	1.1000	8.33e-15	55
0.450	3.73e-04	0.0	-1.49e-03	-1.00e-02	0.00	0.00e+00	1.1000	8.33e-15	55
0.450	3.73e-04	0.0	-1.49e-03	3.47e-18	0.00	0.00e+00	1.1000	8.33e-15	55
0.450	3.73e-04	0.0	-1.49e-03	1.00e-02	0.00	0.00e+00	1.1000	8.33e-15	55
0.450	3.73e-04	0.0	-1.49e-03	2.00e-02	0.00	0.00e+00	1.1000	8.33e-15	55
0.450	3.73e-04	0.0	-1.49e-03	3.00e-02	0.00	0.00e+00	1.1000	8.33e-15	55
0.450	3.73e-04	0.0	-1.49e-03	4.00e-02	0.00	0.00e+00	1.1000	8.33e-15	55
0.440	2.24e-04	0.0	-1.88e-03	-5.00e-02	0.00	0.00e+00	1.1000	8.33e-15	56
0.440	2.24e-04	0.0	-1.88e-03	-4.00e-02	0.00	0.00e+00	1.1000	8.33e-15	56
0.440	2.24e-04	0.0	-1.88e-03	-3.00e-02	0.00	0.00e+00	1.1000	8.33e-15	56
0.440	2.24e-04	0.0	-1.88e-03	-2.00e-02	0.00	0.00e+00	1.1000	8.33e-15	56
0.440	2.24e-04	0.0	-1.88e-03	-1.00e-02	0.00	0.00e+00	1.1000	8.33e-15	56
0.440	2.24e-04	0.0	-1.88e-03	3.47e-18	0.00	0.00e+00	1.1000	8.33e-15	56
0.440	2.24e-04	0.0	-1.88e-03	1.00e-02	0.00	0.00e+00	1.1000	8.33e-15	56
0.440	2.24e-04	0.0	-1.88e-03	2.00e-02	0.00	0.00e+00	1.1000	8.33e-15	56
0.440	2.24e-04	0.0	-1.88e-03	3.00e-02	0.00	0.00e+00	1.1000	8.33e-15	56
0.440	2.24e-04	0.0	-1.88e-03	4.00e-02	0.00	0.00e+00	1.1000	8.33e-15	56
0.430	3.59e-05	0.0	-2.28e-03	-5.00e-02	0.00	0.00e+00	1.1000	8.33e-15	57
0.430	3.59e-05	0.0	-2.28e-03	-4.00e-02	0.00	0.00e+00	1.1000	8.33e-15	57
0.430	3.59e-05	0.0	-2.28e-03	-3.00e-02	0.00	0.00e+00	1.1000	8.33e-15	57
0.430	3.59e-05	0.0	-2.28e-03	-2.00e-02	0.00	0.00e+00	1.1000	8.33e-15	57
0.430	3.59e-05	0.0	-2.28e-03	-1.00e-02	0.00	0.00e+00	1.1000	8.33e-15	57
0.430	3.59e-05	0.0	-2.28e-03	3.47e-18	0.00	0.00e+00	1.1000	8.33e-15	57
0.430	3.59e-05	0.0	-2.28e-03	1.00e-02	0.00	0.00e+00	1.1000	8.33e-15	57
0.430	3.59e-05	0.0	-2.28e-03	2.00e-02	0.00	0.00e+00	1.1000	8.33e-15	57
0.430	3.59e-05	0.0	-2.28e-03	3.00e-02	0.00	0.00e+00	1.1000	8.33e-15	57
0.430	3.59e-05	0.0	-2.28e-03	4.00e-02	0.00	0.00e+00	1.1000	8.33e-15	57
0.420	-1.92e-04	0.0	-2.68e-03	-5.00e-02	0.00	0.00e+00	1.1000	8.33e-15	58
0.420	-1.92e-04	0.0	-2.68e-03	-4.00e-02	0.00	0.00e+00	1.1000	8.33e-15	58
0.420	-1.92e-04	0.0	-2.68e-03	-3.00e-02	0.00	0.00e+00	1.1000	8.33e-15	58
0.420	-1.92e-04	0.0	-2.68e-03	-2.00e-02	0.00	0.00e+00	1.1000	8.33e-15	58
0.420	-1.92e-04	0.0	-2.68e-03	-1.00e-02	0.00	0.00e+00	1.1000	8.33e-15	58
0.420	-1.92e-04	0.0	-2.68e-03	3.47e-18	0.00	0.00e+00	1.1000	8.33e-15	58
0.420	-1.92e-04	0.0	-2.68e-03	1.00e-02	0.00	0.00e+00	1.1000	8.33e-15	58
0.420	-1.92e-04	0.0	-2.68e-03	2.00e-02	0.00	0.00e+00	1.1000	8.33e-15	58
0.420	-1.92e-04	0.0	-2.68e-03	3.00e-02	0.00	0.00e+00	1.1000	8.33e-15	58
0.420	-1.92e-04	0.0	-2.68e-03	4.00e-02	0.00	0.00e+00	1.1000	8.33e-15	58
0.410	-4.60e-04	0.0	-3.05e-03	-5.00e-02	0.00	0.00e+00	1.1000	8.33e-15	59
0.410	-4.60e-04	0.0	-3.05e-03	-4.00e-02	0.00	0.00e+00	1.1000	8.33e-15	59
0.410	-4.60e-04	0.0	-3.05e-03	-3.00e-02	0.00	0.00e+00	1.1000	8.33e-15	59
0.410	-4.60e-04	0.0	-3.05e-03	-2.00e-02	0.00	0.00e+00	1.1000	8.33e-15	59
0.410	-4.60e-04	0.0	-3.05e-03	-1.00e-02	0.00	0.00e+00	1.1000	8.33e-15	59
0.410	-4.60e-04	0.0	-3.05e-03	3.47e-18	0.00	0.00e+00	1.1000	8.33e-15	59
0.410	-4.60e-04	0.0	-3.05e-03	1.00e-02	0.00	0.00e+00	1.1000	8.33e-15	59
0.410	-4.60e-04	0.0	-3.05e-03	2.00e-02	0.00	0.00e+00	1.1000	8.33e-15	59
0.410	-4.60e-04	0.0	-3.05e-03	3.00e-02	0.00	0.00e+00	1.1000	8.33e-15	59
0.410	-4.60e-04	0.0	-3.05e-03	4.00e-02	0.00	0.00e+00	1.1000	8.33e-15	59
0.400	-7.65e-04	0.0	-3.39e-03	-5.00e-02	0.00	0.00e+00	1.1000	8.33e-15	60
0.400	-7.65e-04	0.0	-3.39e-03	-4.00e-02	0.00	0.00e+00	1.1000	8.33e-15	60
0.400	-7.65e-04	0.0	-3.39e-03	-3.00e-02	0.00	0.00e+00	1.1000	8.33e-15	60
0.400	-7.65e-04	0.0	-3.39e-03	-2.00e-02	0.00	0.00e+00	1.1000	8.33e-15	60
0.400	-7.65e-04	0.0	-3.39e-03	-1.00e-02	0.00	0.00e+00	1.1000	8.33e-15	60
0.400	-7.65e-04	0.0	-3.39e-03	3.47e-18	0.00	0.00e+00	1.1000	8.33e-15	60
0.400	-7.65e-04	0.0	-3.39e-03	1.00e-02	0.00	0.00e+00	1.1000	8.33e-15	60
0.400	-7.65e-04	0.0	-3.39e-03	2.00e-02	0.00	0.00e+00	1.1000	8.33e-15	60
0.400	-7.65e-04	0.0	-3.39e-03	3.00e-02	0.00	0.00e+00	1.1000	8.33e-15	60
0.400	-7.65e-04	0.0	-3.39e-03	4.00e-02	0.00	0.00e+00	1.1000	8.33e-15	60
0.390	-1.10e-03	0.0	-3.67e-03	-5.00e-02	0.00	0.00e+00	1.1000	8.33e-15	61
0.390	-1.10e-03	0.0	-3.67e-03	-4.00e-02	0.00	0.00e+00	1.1000	8.33e-15	61
0.390	-1.10e-03	0.0	-3.67e-03	-3.00e-02	0.00	0.00e+00	1.1000	8.33e-15	61
0.390	-1.10e-03	0.0	-3.67e-03	-2.00e-02	0.00	0.00e+00	1.1000	8.33e-15	61
0.390	-1.10e-03	0.0	-3.67e-03	-1.00e-02	0.00	0.00e+00	1.1000	8.33e-15	61
0.390	-1.10e-03	0.0	-3.67e-03	3.47e-18	0.00	0.00e+00	1.1000	8.33e-15	61
0.390	-1.10e-03	0.0	-3.67e-03	1.00e-02	0.00	0.00e+00	1.1000	8.33e-15	61
0.390	-1.10e-03	0.0	-3.67e-03	2.00e-02	0.00	0.00e+00	1.1000	8.33e-15	61
0.390	-1.10e-03	0.0	-3.67e-03	3.00e-02	0.00	0.00e+00	1.1000	8.33e-15	61
0.390	-1.10e-03	0.0	-3.67e-03	4.00e-02	0.00	0.00e+00	1.1000	8.33e-15	61
0.380	-1.47e-03	0.0	-3.86e-03	-5.00e-02	0.00	0.00e+00	1.1000	8.33e-15	62
0.380	-1.47e-03	0.0	-3.86e-03	-4.00e-02	0.00	0.00e+00	1.1000	8.33e-15	62
0.380	-1.47e-03	0.0	-3.86e-03	-3.00e-02	0.00	0.00e+00	1.1000	8.33e-15	62
0.380	-1.47e-03	0.0	-3.86e-03	-2.00e-02	0.00	0.00e+00	1.1000	8.33e-15	62
0.380	-1.47e-03	0.0	-3.86e-03	-1.00e-02	0.00	0.00e+00	1.1000	8.33e-15	62
0.380	-1.47e-03	0.0	-3.86e-03	3.47e-18	0.00	0.00e+00	1.1000	8.33e-15	62
0.380	-1.47e-03	0.0	-3.86e-03	1.00e-02	0.00	0.00e+00	1.1000	8.33e-15	62
0.380	-1.47e-03	0.0	-3.86e-03	2.00e-02	0.00	0.00e+00	1.1000	8.33e-15	62
0.380	-1.47e-03	0.0	-3.86e-03	3.00e-02	0.00	0.00e+00	1.1000	8.33e-15	62
0.380	-1.47e-03	0.0	-3.86e-03	4.00e-02	0.00	0.00e+00	1.1000	8.33e-15	62
0.370	-1.86e-03	0.0	-3.95e-03	-5.00e-02	0.00	0.00e+00	1.1000	8.33e-15	63
0.370	-1.86e-03	0.0	-3.95e-03	-4.00e-02	0.00	0.00e+00	1.1000	8.33e-15	63
0.370	-1.86e-03	0.0	-3.95e-03	-3.00e-02	0.00	0.00e+00	1.1000	8.33e-15	63
0.370	-1.86e-03	0.0	-3.95e-03	-2.00e-02	0.00	0.00e+00	1.1000	8.33e-15	63
0.370	-1.86e-03	0.0	-3.95e-03	-1.00e-02	0.00	0.00e+00	1.1000	8.33e-15	63
0.370	-1.86e-03	0.0	-3.95e-03	3.47e-18	0.00	0.00e+00	1.1000	8.33e-15	63
0.370	-1.86e-03	0.0	-3.95e-03	1.00e-02	0.00	0.00e+00	1.1000	8.33e-15	63
0.370	-1.86e-03	0.0	-3.95e-03	2.00e-02	0.00	0.00e+00	1.1000	8.33e-15	63
0.370	-1.86e-03	0.0	-3.95e-03	3.00e-02	0.00	0.00e+00	1.1000	8.33e-15	63
0.370	-1.86e-03	0.0	-3.95e-03	4.00e-02	0.00	0.00e+00	1.1000	8.33e-15	63
0.360	-2.25e-03	0.0	-3.91e-03	-5.00e-02	0.00	0.00e+00	1.1000	8.33e-15	64
0.360	-2.25e-03	0.0	-3.91e-03	-4.00e-02	0.00	0.00e+00	1.1000	8.33e-15	64
0.360	-2.25e-03	0.0	-3.91e-03	-3.00e-02	0.00	0.00e+00	1.1000	8.33e-15	64
0.360	-2.25e-03	0.0	-3.91e-03	-2.00e-02	0.00	0.00e+00	1.1000	8.33e-15	64
0.360	-2.25e-03	0.0	-3.91e-03	-1.00e-02	0.00	0.00e+00	1.1000	8.33e-15	64
0.360	-2.25e-03	0.0	-3.91e-03	3.47e-18	0.00	0.00e+00	1.1000	8.33e-15	64
0.360	-2.25e-03	0.0	-3.91e-03	1.00e-02	0.00	0.00e+00	1.1000	8.33e-15	64
0.360	-2.25e-03	0.0	-3.91e-03	2.00e-02	0.00	0.00e+00	1.1000	8.33e-15	64
0.360	-2.25e-03	0.0	-3.91e-03	3.00e-02	0.00	0.00e+00	1.1000	8.33e-15	64
0.360	-2.25e-03	0.0	-3.91e-03	4.00e-02	0.00	0.00e+00	1.1000	8.33e-15	64
0.350	-2.64e-03	0.0	-3.71e-03	-5.00e-02	0.00	0.00e+00	1.1000	8.33e-15	65
0.350	-2.64e-03	0.0	-3.71e-03	-4.00e-02	0.00	0.00e+00	1.1000	8.33e-15	65
0.350	-2.64e-03	0.0	-3.71e-03	-3.00e-02	0.00	0.00e+00	1.1000	8.33e-15	65
0.350	-2.64e-03	0.0	-3.71e-03	-2.00e-02	0.00	0.00e+00	1.1000	8.33e-15	65
0.350	-2.64e-03	0.0	-3.71e-03	-1.00e-02	0.00	0.00e+00	1.1000	8.33e-15	65
0.350	-2.64e-03	0.0	-3.71e-03	3.47e-18	0.00	0.00e+00	1.1000	8.33e-15	65
0.350	-2.64e-03	0.0	-3.71e-03	1.00e-02	0.00	0.00e+00	1.1000	8.33e-15	65
0.350	-2.64e-03	0.0	-3.71e-03	2.00e-02	0.00	0.00e+00	1.1000	8.33e-15	65
0.350	-2.64e-03	0.0	-3.71e-03	3.00e-02	0.00	0.00e+00	1.1000	8.33e-15	65
0.350	-2.64e-03	0.0	-3.71e-03	4.00e-02	0.00	0.00e+00	1.1000	8.33e-15	65
0.340	-3.01e-03	0.0	-3.34e-03	-5.00e-02	0.00	0.00e+00	1.1000	8.33e-15	66
0.340	-3.01e-03	0.0	-3.34e-03	-4.00e-02	0.00	0.00e+00	1.1000	8.33e-15	66
0.340	-3.01e-03	0.0	-3.34e-03	-3.00e-02	0.00	0.00e+00	1.1000	8.33e-15	66
0.340	-3.01e-03	0.0	-3.34e-03	-2.00e-02	0.00	0.00e+00	1.1000	8.33e-15	66
0.340	-3.01e-03	0.0	-3.34e-03	-1.00e-02	0.00	0.00e+00	1.1000	8.33e-15	66
0.340	-3.01e-03	0.0	-3.34e-03	3.47e-18	0.00	0.00e+00	1.1000	8.33e-15	66
0.340	-3.01e-03	0.0	-3.34e-03	1.00e-02	0.00	0.00e+00	1.1000	8.33e-15	66
0.340	-3.01e-03	0.0	-3.34e-03	2.00e-02	0.00	0.00e+00	1.1000	8.33e-15	66
0.340	-3.01e-03	0.0	-3.34e-03	3.00e-02	0.00	0.00e+00	1.1000	8.33e-15	66
0.340	-3.01e-03	0.0	-3.34e-03	4.00e-02	0.00	0.00e+00	1.1000	8.33e-15	66
0.330	-3.35e-03	0.0	-2.78e-03	-5.00e-02	0.00	0.00e+00	1.1000	8.33e-15	67
0.330	-3.35e-03	0.0	-2.78e-03	-4.00e-02	0.00	0.00e+00	1.1000	8.33e-15	67
0.330	-3.35e-03	0.0	-2.78e-03	-3.00e-02	0.00	0.00e+00	1.1000	8.33e-15	67
0.330	-3.35e-03	0.0	-2.78e-03	-2.00e-02	0.00	0.00e+00	1.1000	8.33e-15	67
0.330	-3.35e-03	0.0	-2.78e-03	-1.00e-02	0.00	0.00e+00	1.1000	8.33e-15	67
0.330	-3.35e-03	0.0	-2.78e-03	3.47e-18	0.00	0.00e+00	1.1000	8.33e-15	67
0.330	-3.35e-03	0.0	-2.78e-03	1.00e-02	0.00	0.00e+00	1.1000	8.33e-15	67
0.330	-3.35e-03	0.0	-2.78e-03	2.00e-02	0.00	0.00e+00	1.1000	8.33e-15	67
0.330	-3.35e-03	0.0	-2.78e-03	3.00e-02	0.00	0.00e+00	1.1000	8.33e-15	67
0.330	-3.35e-03	0.0	-2.78e-03	4.00e-02	0.00	0.00e+00	1.1000	8.33e-15	67
0.320	-3.63e-03	0.0	-2.02e-03	-5.00e-02	0.00	0.00e+00	1.1000	8.33e-15	68
0.320	-3.63e-03	0.0	-2.02e-03	-4.00e-02	0.00	0.00e+00	1.1000	8.33e-15	68
0.320	-3.63e-03	0.0	-2.02e-03	-3.00e-02	0.00	0.00e+00	1.1000	8.33e-15	68
0.320	-3.63e-03	0.0	-2.02e-03	-2.00e-02	0.00	0.00e+00	1.1000	8.33e-15	68
0.320	-3.63e-03	0.0	-2.02e-03	-1.00e-02	0.00	0.00e+00	1.1000	8.33e-15	68
0.320	-3.63e-03	0.0	-2.02e-03	3.47e-18	0.00	0.00e+00	1.1000	8.33e-15	68
0.320	-3.63e-03	0.0	-2.02e-03	1.00e-02	0.00	0.00e+00	1.1000	8.33e-15	68
0.320	-3.63e-03	0.0	-2.02e-03	2.00e-02	0.00	0.00e+00	1.1000	8.33e-15	68
0.320	-3.63e-03	0.0	-2.02e-03	3.00e-02	0.00	0.00e+00	1.1000	8.33e-15	68
0.320	-3.63e-03	0.0	-2.02e-03	4.00e-02	0.00	0.00e+00	1.1000	8.33e-15	68
0.310	-3.83e-03	0.0	-1.05e-03	-5.00e-02	0.00	0.00e+00	1.1000	8.33e-15	69
0.310	-3.83e-03	0.0	-1.05e-03	-4.00e-02	0.00	0.00e+00	1.1000	8.33e-15	69
0.310	-3.83e-03	0.0	-1.05e-03	-3.00e-02	0.00	0.00e+00	1.1000	8.33e-15	69
0.310	-3.83e-03	0.0	-1.05e-03	-2.00e-02	0.00	0.00e+00	1.1000	8.33e-15	69
0.310	-3.83e-03	0.0	-1.05e-03	-1.00e-02	0.00	0.00e+00	1.1000	8.33e-15	69
0.310	-3.83e-03	0.0	-1.05e-03	3.47e-18	0.00	0.00e+00	1.1000	8.33e-15	69
0.310	-3.83e-03	0.0	-1.05e-03	1.00e-02	0.00	0.00e+00	1.1000	8.33e-15	69
0.310	-3.83e-03	0.0	-1.05e-03	2.00e-02	0.00	0.00e+00	1.1000	8.33e-15	69
0.310	-3.83e-03	0.0	-1.05e-03	3.00e-02	0.00	0.00e+00	1.1000	8.33e-15	69
0.310	-3.83e-03	0.0	-1.05e-03	4.00e-02	0.00	0.00e+00	1.1000	8.33e-15	69
0.300	-3.93e-03	0.0	1.30e-04	-5.00e-02	0.00	0.00e+00	1.1000	8.33e-15	70
0.300	-3.93e-03	0.0	1.30e-04	-4.00e-02	0.00	0.00e+00	1.1000	8.33e-15	70
0.300	-3.93e-03	0.0	1.30e-04	-3.00e-02	0.00	0.00e+00	1.1000	8.33e-15	70
0.300	-3.93e-03	0.0	1.30e-04	-2.00e-02	0.00	0.00e+00	1.1000	8.33e-15	70
0.300	-3.93e-03	0.0	1.30e-04	-1.00e-02	0.00	0.00e+00	1.1000	8.33e-15	70
0.300	-3.93e-03	0.0	1.30e-04	3.47e-18	0.00	0.00e+00	1.1000	8.33e-15	70
0.300	-3.93e-03	0.0	1.30e-04	1.00e-02	0.00	0.00e+00	1.1000	8.33e-15	70
0.300	-3.93e-03	0.0	1.30e-04	2.00e-02	0.00	0.00e+00	1.1000	8.33e-15	70
0.300	-3.93e-03	0.0	1.30e-04	3.00e-02	0.00	0.00e+00	1.1000	8.33e-15	70
0.300	-3.93e-03	0.0	1.30e-04	4.00e-02	0.00	0.00e+00	1.1000	8.33e-15	70
0.290	-3.92e-03	0.0	1.51e-03	-5.00e-02	0.00	0.00e+00	1.1000	8.33e-15	71
0.290	-3.92e-03	0.0	1.51e-03	-4.00e-02	0.00	0.00e+00	1.1000	8.33e-15	71
0.290	-3.92e-03	0.0	1.51e-03	-3.00e-02	0.00	0.00e+00	1.1000	8.33e-15	71
0.290	-3.92e-03	0.0	1.51e-03	-2.00e-02	0.00	0.00e+00	1.1000	8.33e-15	71
0.290	-3.92e-03	0.0	1.51e-03	-1.00e-02	0.00	0.00e+00	1.1000	8.33e-15	71
0.290	-3.92e-03	0.0	1.51e-03	3.47e-18	0.00	0.00e+00	1.1000	8.33e-15	71
0.290	-3.92e-03	0.0	1.51e-03	1.00e-02	0.00	0.00e+00	1.1000	8.33e-15	71
0.290	-3.92e-03	0.0	1.51e-03	2.00e-02	0.00	0.00e+00	1.1000	8.33e-15	71
0.290	-3.92e-03	0.0	1.51e-03	3.00e-02	0.00	0.00e+00	1.1000	8.33e-15	71
0.290	-3.92e-03	0.0	1.51e-03	4.00e-02	0.00	0.00e+00	1.1000	8.33e-15	71
0.280	-3.77e-03	0.0	3.06e-03	-5.00e-02	0.00	0.00e+00	1.1000	8.33e-15	72
0.280	-3.77e-03	0.0	3.06e-03	-4.00e-02	0.00	0.00e+00	1.1000	8.33e-15	72
0.280	-3.77e-03	0.0	3.06e-03	-3.00e-02	0.00	0.00e+00	1.1000	8.33e-15	72
0.280	-3.77e-03	0.0	3.06e-03	-2.00e-02	0.00	0.00e+00	1.1000	8.33e-15	72
0.280	-3.77e-03	0.0	3.06e-03	-1.00e-02	0.00	0.00e+00	1.1000	8.33e-15	72
0.280	-3.77e-03	0.0	3.06e-03	3.47e-18	0.00	0.00e+00	1.1000	8.33e-15	72
0.280	-3.77e-03	0.0	3.06e-03	1.00e-02	0.00	0.00e+00	1.1000	8.33e-15	72
0.280	-3.77e-03	0.0	3.06e-03	2.00e-02	0.00	0.00e+00	1.1000	8.33e-15	72
0.280	-3.77e-03	0.0	3.06e-03	3.00e-02	0.00	0.00e+00	1.1000	8.33e-15	72
0.280	-3.77e-03	0.0	3.06e-03	4.00e-02	0.00	0.00e+00	1.1000	8.33e-15	72
0.270	-3.46e-03	0.0	4.76e-03	-5.00e-02	0.00	0.00e+00	1.1000	8.33e-15	73
0.270	-3.46e-03	0.0	4.76e-03	-4.00e-02	0.00	0.00e+00	1.1000	8.33e-15	73
0.270	-3.46e-03	0.0	4.76e-03	-3.00e-02	0.00	0.00e+00	1.1000	8.33e-15	73
0.270	-3.46e-03	0.0	4.76e-03	-2.00e-02	0.00	0.00e+00	1.1000	8.33e-15	73
0.270	-3.46e-03	0.0	4.76e-03	-1.00e-02	0.00	0.00e+00	1.1000	8.33e-15	73
0.270	-3.46e-03	0.0	4.76e-03	3.47e-18	0.00	0.00e+00	1.1000	8.33e-15	73
0.270	-3.46e-03	0.0	4.76e-03	1.00e-02	0.00	0.00e+00	1.1000	8.33e-15	73
0.270	-3.46e-03	0.0	4.76e-03	2.00e-02	0.00	0.00e+00	1.1000	8.33e-15	73
0.270	-3.46e-03	0.0	4.76e-03	3.00e-02	0.00	0.00e+00	1.1000	8.33e-15	73
0.270	-3.46e-03	0.0	4.76e-03	4.00e-02	0.00	0.00e+00	1.1000	8.33e-15	73
0.260	-2.99e-03	0.0	6.57e-03	-5.00e-02	0.00	0.00e+00	1.1000	8.33e-15	74
0.260	-2.99e-03	0.0	6.57e-03	-4.00e-02	0.00	0.00e+00	1.1000	8.33e-15	74
0.260	-2.99e-03	0.0	6.57e-03	-3.00e-02	0.00	0.00e+00	1.1000	8.33e-15	74
0.260	-2.99e-03	0.0	6.57e-03	-2.00e-02	0.00	0.00e+00	1.1000	8.33e-15	74
0.260	-2.99e-03	0.0	6.57e-03	-1.00e-02	0.00	0.00e+00	1.1000	8.33e-15	74
0.260	-2.99e-03	0.0	6.57e-03	3.47e-18	0.00	0.00e+00	1.1000	8.33e-15	74
0.260	-2.99e-03	0.0	6.57e-03	1.00e-02	0.00	0.00e+00	1.1000	8.33e-15	74
0.260	-2.99e-03	0.0	6.57e-03	2.00e-02	0.00	0.00e+00	1.1000	8.33e-15	74
0.260	-2.99e-03	0.0	6.57e-03	3.00e-02	0.00	0.00e+00	1.1000	8.33e-15	74
0.260	-2.99e-03	0.0	6.57e-03	4.00e-02	0.00	0.00e+00	1.1000	8.33e-15	74
0.250	-2.33e-03	0.0	8.44e-03	-5.00e-02	0.00	0.00e+00	1.1000	8.33e-15	75
0.250	-2.33e-03	0.0	8.44e-03	-4.00e-02	0.00	0.00e+00	1.1000	8.33e-15	75
0.250	-2.33e-03	0.0	8.44e-03	-3.00e-02	0.00	0.00e+00	1.1000	8.33e-15	75
0.250	-2.33e-03	0.0	8.44e-03	-2.00e-02	0.00	0.00e+00	1.1000	8.33e-15	75
0.250	-2.33e-03	0.0	8.44e-03	-1.00e-02	0.00	0.00e+00	1.1000	8.33e-15	75
0.250	-2.33e-03	0.0	8.44e-03	3.47e-18	0.00	0.00e+00	1.1000	8.33e-15	75
0.250	-2.33e-03	0.0	8.44e-03	1.00e-02	0.00	0.00e+00	1.1000	8.33e-15	75
0.250	-2.33e-03	0.0	8.44e-03	2.00e-02	0.00	0.00e+00	1.1000	8.33e-15	75
0.250	-2.33e-03	0.0	8.44e-03	3.00e-02	0.00	0.00e+00	1.1000	8.33e-15	75
0.250	-2.33e-03	0.0	8.44e-03	4.00e-02	0.00	0.00e+00	1.1000	8.33e-15	75
0.240	-1.49e-03	0.0	1.03e-02	-5.00e-02	0.00	0.00e+00	1.1000	8.33e-15	76
0.240	-1.49e-03	0.0	1.03e-02	-4.00e-02	0.00	0.00e+00	1.1000	8.33e-15	76
0.240	-1.49e-03	0.0	1.03e-02	-3.00e-02	0.00	0.00e+00	1.1000	8.33e-15	76
0.240	-1.49e-03	0.0	1.03e-02	-2.00e-02	0.00	0.00e+00	1.1000	8.33e-15	76
0.240	-1.49e-03	0.0	1.03e-02	-1.00e-02	0.00	0.00e+00	1.1000	8.33e-15	76
0.240	-1.49e-03	0.0	1.03e-02	3.47e-18	0.00	0.00e+00	1.1000	8.33e-15	76
0.240	-1.49e-03	0.0	1.03e-02	1.00e-02	0.00	0.00e+00	1.1000	8.33e-15	76
0.240	-1.49e-03	0.0	1.03e-02	2.00e-02	0.00	0.00e+00	1.1000	8.33e-15	76
0.240	-1.49e-03	0.0	1.03e-02	3.00e-02	0.00	0.00e+00	1.1000	8.33e-15	76
0.240	-1.49e-03	0.0	1.03e-02	4.00e-02	0.00	0.00e+00	1.1000	8.33e-15	76
0.230	-4.54e-04	0.0	1.21e-02	-5.00e-02	0.00	0.00e+00	1.1000	8.33e-15	77
0.230	-4.54e-04	0.0	1.21e-02	-4.00e-02	0.00	0.00e+00	1.1000	8.33e-15	77
0.230	-4.54e-04	0.0	1.21e-02	-3.00e-02	0.00	0.00e+00	1.1000	8.33e-15	77
0.230	-4.54e-04	0.0	1.21e-02	-2.00e-02	0.00	0.00e+00	1.1000	8.33e-15	77
0.230	-4.54e-04	0.0	1.21e-02	-1.00e-02	0.00	0.00e+00	1.1000	8.33e-15	77
0.230	-4.54e-04	0.0	1.21e-02	3.47e-18	0.00	0.00e+00	1.1000	8.33e-15	77
0.230	-4.54e-04	0.0	1.21e-02	1.00e-02	0.00	0.00e+00	1.1000	8.33e-15	77
0.230	-4.54e-04	0.0	1.21e-02	2.00e-02	0.00	0.00e+00	1.1000	8.33e-15	77
0.230	-4.54e-04	0.0	1.21e-02	3.00e-02	0.00	0.00e+00	1.1000	8.33e-15	77
0.230	-4.54e-04	0.0	1.21e-02	4.00e-02	0.00	0.00e+00	1.1000	8.33e-15	77
0.220	7.56e-04	0.0	1.38e-02	-5.00e-02	0.00	0.00e+00	1.1000	8.33e-15	78
0.220	7.56e-04	0.0	1.38e-02	-4.00e-02	0.00	0.00e+00	1.1000	8.33e-15	78
0.220	7.56e-04	0.0	1.38e-02	-3.00e-02	0.00	0.00e+00	1.1000	8.33e-15	78
0.220	7.56e-04	0.0	1.38e-02	-2.00e-02	0.00	0.00e+00	1.1000	8.33e-15	78
0.220	7.56e-04	0.0	1.38e-02	-1.00e-02	0.00	0.00e+00	1.1000	8.33e-15	78
0.220	7.56e-04	0.0	1.38e-02	3.47e-18	0.00	0.00e+00	1.1000	8.33e-15	78
0.220	7.56e-04	0.0	1.38e-02	1.00e-02	0.00	0.00e+00	1.1000	8.33e-15	78
0.220	7.56e-04	0.0	1.38e-02	2.00e-02	0.00	0.00e+00	1.1000	8.33e-15	78
0.220	7.56e-04	0.0	1.38e-02	3.00e-02	0.00	0.00e+00	1.1000	8.33e-15	78
0.220	7.56e-04	0.0	1.38e-02	4.00e-02	0.00	0.00e+00	1.1000	8.33e-15	78
0.210	2.13e-03	0.0	1.52e-02	-5.00e-02	0.00	0.00e+00	1.1000	8.33e-15	79
0.210	2.13e-03	0.0	1.52e-02	-4.00e-02	0.00	0.00e+00	1.1000	8.33e-15	79
0.210	2.13e-03	0.0	1.52e-02	-3.00e-02	0.00	0.00e+00	1.1000	8.33e-15	79
0.210	2.13e-03	0.0	1.52e-02	-2.00e-02	0.00	0.00e+00	1.1000	8.33e-15	79
0.210	2.13e-03	0.0	1.52e-02	-1.00e-02	0.00	0.00e+00	1.1000	8.33e-15	79
0.210	2.13e-03	0.0	1.52e-02	3.47e-18	0.00	0.00e+00	1.1000	8.33e-15	79
0.210	2.13e-03	0.0	1.52e-02	1.00e-02	0.00	0.00e+00	1.1000	8.33e-15	79
0.210	2.13e-03	0.0	1.52e-02	2.00e-02	0.00	0.00e+00	1.1000	8.33e-15	79
0.210	2.13e-03	0.0	1.52e-02	3.00e-02	0.00	0.00e+00	1.1000	8.33e-15	79
0.210	2.13e-03	0.0	1.52e-02	4.00e-02	0.00	0.00e+00	1.1000	8.33e-15	79
0.200	3.65e-03	0.0	1.63e-02	-5.00e-02	0.00	0.00e+00	1.1000	8.33e-15	80
0.200	3.65e-03	0.0	1.63e-02	-4.00e-02	0.00	0.00e+00	1.1000	8.33e-15	80
0.200	3.65e-03	0.0	1.63e-02	-3.00e-02	0.00	0.00e+00	1.1000	8.33e-15	80
0.200	3.65e-03	0.0	1.63e-02	-2.00e-02	0.00	0.00e+00	1.1000	8.33e-15	80
0.200	3.65e-03	0.0	1.63e-02	-1.00e-02	0.00	0.00e+00	1.1000	8.33e-15	80
0.200	3.65e-03	0.0	1.63e-02	3.47e-18	0.00	0.00e+00	1.1000	8.33e-15	80
0.200	3.65e-03	0.0	1.63e-02	1.00e-02	0.00	0.00e+00	1.1000	8.33e-15	80
0.200	3.65e-03	0.0	1.63e-02	2.00e-02	0.00	0.00e+00	1.1000	8.33e-15	80
0.200	3.65e-03	0.0	1.63e-02	3.00e-02	0.00	0.00e+00	1.1000	8.33e-15	80
0.200	3.65e-03	0.0	1.63e-02	4.00e-02	0.00	0.00e+00	1.1000	8.33e-15	80
0.190	5.27e-03	0.0	1.69e-02	-5.00e-02	0.00	0.00e+00	1.1000	8.33e-15	81
0.190	5.27e-03	0.0	1.69e-02	-4.00e-02	0.00	0.00e+00	1.1000	8.33e-15	81
0.190	5.27e-03	0.0	1.69e-02	-3.00e-02	0.00	0.00e+00	1.1000	8.33e-15	81
0.190	5.27e-03	0.0	1.69e-02	-2.00e-02	0.00	0.00e+00	1.1000	8.33e-15	81
0.190	5.27e-03	0.0	1.69e-02	-1.00e-02	0.00	0.00e+00	1.1000	8.33e-15	81
0.190	5.27e-03	0.0	1.69e-02	3.47e-18	0.00	0.00e+00	1.1000	8.33e-15	81
0.190	5.27e-03	0.0	1.69e-02	1.00e-02	0.00	0.00e+00	1.1000	8.33e-15	81
0.190	5.27e-03	0.0	1.69e-02	2.00e-02	0.00	0.00e+00	1.1000	8.33e-15	81
0.190	5.27e-03	0.0	1.69e-02	3.00e-02	0.00	0.00e+00	1.1000	8.33e-15	81
0.190	5.27e-03	0.0	1.69e-02	4.00e-02	0.00	0.00e+00	1.1000	8.33e-15	81
0.180	6.97e-03	0.0	1.71e-02	-5.00e-02	0.00	0.00e+00	1.1000	8.33e-15	82
0.180	6.97e-03	0.0	1.71e-02	-4.00e-02	0.00	0.00e+00	1.1000	8.33e-15	82
0.180	6.97e-03	0.0	1.71e-02	-3.00e-02	0.00	0.00e+00	1.1000	8.33e-15	82
0.180	6.97e-03	0.0	1.71e-02	-2.00e-02	0.00	0.00e+00	1.1000	8.33e-15	82
0.180	6.97e-03	0.0	1.71e-02	-1.00e-02	0.00	0.00e+00	1.1000	8.33e-15	82
0.180	6.97e-03	0.0	1.71e-02	3.47e-18	0.00	0.00e+00	1.1000	8.33e-15	82
0.180	6.97e-03	0.0	1.71e-02	1.00e-02	0.00	0.00e+00	1.1000	8.33e-15	82
0.180	6.97e-03	0.0	1.71e-02	2.00e-02	0.00	0.00e+00	1.1000	8.33e-15	82
0.180	6.97e-03	0.0	1.71e-02	3.00e-02	0.00	0.00e+00	1.1000	8.33e-15	82
0.180	6.97e-03	0.0	1.71e-02	4.00e-02	0.00	0.00e+00	1.1000	8.33e-15	82
0.170	8.68e-03	0.0	1.68e-02	-5.00e-02	0.00	0.00e+00	1.1000	8.33e-15	83
0.170	8.68e-03	0.0	1.68e-02	-4.00e-02	0.00	0.00e+00	1.1000	8.33e-15	83
0.170	8.68e-03	0.0	1.68e-02	-3.00e-02	0.00	0.00e+00	1.1000	8.33e-15	83
0.170	8.68e-03	0.0	1.68e-02	-2.00e-02	0.00	0.00e+00	1.1000	8.33e-15	83
0.170	8.68e-03	0.0	1.68e-02	-1.00e-02	0.00	0.00e+00	1.1000	8.33e-15	83
0.170	8.68e-03	0.0	1.68e-02	3.47e-18	0.00	0.00e+00	1.1000	8.33e-15	83
0.170	8.68e-03	0.0	1.68e-02	1.00e-02	0.00	0.00e+00	1.1000	8.33e-15	83
0.170	8.68e-03	0.0	1.68e-02	2.00e-02	0.00	0.00e+00	1.1000	8.33e-15	83
0.170	8.68e-03	0.0	1.68e-02	3.00e-02	0.00	0.00e+00	1.1000	8.33e-15	83
0.170	8.68e-03	0.0	1.68e-02	4.00e-02	0.00	0.00e+00	1.1000	8.33e-15	83
0.160	1.04e-02	0.0	1.57e-02	-5.00e-02	0.00	0.00e+00	1.1000	8.33e-15	84
0.160	1.04e-02	0.0	1.57e-02	-4.00e-02	0.00	0.00e+00	1.1000	8.33e-15	84
0.160	1.04e-02	0.0	1.57e-02	-3.00e-02	0.00	0.00e+00	1.1000	8.33e-15	84
0.160	1.04e-02	0.0	1.57e-02	-2.00e-02	0.00	0.00e+00	1.1000	8.33e-15	84
0.160	1.04e-02	0.0	1.57e-02	-1.00e-02	0.00	0.00e+00	1.1000	8.33e-15	84
0.160	1.04e-02	0.0	1.57e-02	3.47e-18	0.00	0.00e+00	1.1000	8.33e-15	84
0.160	1.04e-02	0.0	1.57e-02	1.00e-02	0.00	0.00e+00	1.1000	8.33e-15	84
0.160	1.04e-02	0.0	1.57e-02	2.00e-02	0.00	0.00e+00	1.1000	8.33e-15	84
0.160	1.04e-02	0.0	1.57e-02	3.00e-02	0.00	0.00e+00	1.1000	8.33e-15	84
0.160	1.04e-02	0.0	1.57e-02	4.00e-02	0.00	0.00e+00	1.1000	8.33e-15	84
0.150	1.19e-02	0.0	1.40e-02	-5.00e-02	0.00	0.00e+00	1.1000	8.33e-15	85
0.150	1.19e-02	0.0	1.40e-02	-4.00e-02	0.00	0.00e+00	1.1000	8.33e-15	85
0.150	1.19e-02	0.0	1.40e-02	-3.00e-02	0.00	0.00e+00	1.1000	8.33e-15	85
0.150	1.19e-02	0.0	1.40e-02	-2.00e-02	0.00	0.00e+00	1.1000	8.33e-15	85
0.150	1.19e-02	0.0	1.40e-02	-1.00e-02	0.00	0.00e+00	1.1000	8.33e-15	85
0.150	1.19e-02	0.0	1.40e-02	3.47e-18	0.00	0.00e+00	1.1000	8.33e-15	85
0.150	1.19e-02	0.0	1.40e-02	1.00e-02	0.00	0.00e+00	1.1000	8.33e-15	85
0.150	1.19e-02	0.0	1.40e-02	2.00e-02	0.00	0.00e+00	1.1000	8.33e-15	85
0.150	1.19e-02	0.0	1.40e-02	3.00e-02	0.00	0.00e+00	1.1000	8.33e-15	85
0.150	1.19e-02	0.0	1.40e-02	4.00e-02	0.00	0.00e+00	1.1000	8.33e-15	85
0.140	1.33e-02	0.0	1.16e-02	-5.00e-02	0.00	0.00e+00	1.1000	8.33e-15	86
0.140	1.33e-02	0.0	1.16e-02	-4.00e-02	0.00	0.00e+00	1.1000	8.33e-15	86
0.140	1.33e-02	0.0	1.16e-02	-3.00e-02	0.00	0.00e+00	1.1000	8.33e-15	86
0.140	1.33e-02	0.0	1.16e-02	-2.00e-02	0.00	0.00e+00	1.1000	8.33e-15	86
0.140	1.33e-02	0.0	1.16e-02	-1.00e-02	0.00	0.00e+00	1.1000	8.33e-15	86
0.140	1.33e-02	0.0	1.16e-02	3.47e-18	0.00	0.00e+00	1.1000	8.33e-15	86
0.140	1.33e-02	0.0	1.16e-02	1.00e-02	0.00	0.00e+00	1.1000	8.33e-15	86
0.140	1.33e-02	0.0	1.16e-02	2.00e-02	0.00	0.00e+00	1.1000	8.33e-15	86
0.140	1.33e-02	0.0	1.16e-02	3.00e-02	0.00	0.00e+00	1.1000	8.33e-15	86
0.140	1.33e-02	0.0	1.16e-02	4.00e-02	0.00	0.00e+00	1.1000	8.33e-15	86
0.130	1.45e-02	0.0	8.36e-03	-5.00e-02	0.00	0.00e+00	1.1000	8.33e-15	87
0.130	1.45e-02	0.0	8.36e-03	-4.00e-02	0.00	0.00e+00	1.1000	8.33e-15	87
0.130	1.45e-02	0.0	8.36e-03	-3.00e-02	0.00	0.00e+00	1.1000	8.33e-15	87
0.130	1.45e-02	0.0	8.36e-03	-2.00e-02	0.00	0.00e+00	1.1000	8.33e-15	87
0.130	1.45e-02	0.0	8.36e-03	-1.00e-02	0.00	0.00e+00	1.1000	8.33e-15	87
0.130	1.45e-02	0.0	8.36e-03	3.47e-18	0.00	0.00e+00	1.1000	8.33e-15	87
0.130	1.45e-02	0.0	8.36e-03	1.00e-02	0.00	0.00e+00	1.1000	8.33e-15	87
0.130	1.45e-02	0.0	8.36e-03	2.00e-02	0.00	0.00e+00	1.1000	8.33e-15	87
0.130	1.45e-02	0.0	8.36e-03	3.00e-02	0.00	0.00e+00	1.1000	8.33e-15	87
0.130	1.45e-02	0.0	8.36e-03	4.00e-02	0.00	0.00e+00	1.1000	8.33e-15	87
0.120	1.53e-02	0.0	4.43e-03	-5.00e-02	0.00	0.00e+00	1.1000	8.33e-15	88
0.120	1.53e-02	0.0	4.43e-03	-4.00e-02	0.00	0.00e+00	1.1000	8.33e-15	88
0.120	1.53e-02	0.0	4.43e-03	-3.00e-02	0.00	0.00e+00	1.1000	8.33e-15	88
0.120	1.53e-02	0.0	4.43e-03	-2.00e-02	0.00	0.00e+00	1.1000	8.33e-15	88
0.120	1.53e-02	0.0	4.43e-03	-1.00e-02	0.00	0.00e+00	1.1000	8.33e-15	88
0.120	1.53e-02	0.0	4.43e-03	3.47e-18	0.00	0.00e+00	1.1000	8.33e-15	88
0.120	1.53e-02	0.0	4.43e-03	1.00e-02	0.00	0.00e+00	1.1000	8.33e-15	88
0.120	1.53e-02	0.0	4.43e-03	2.00e-02	0.00	0.00e+00	1.1000	8.33e-15	88
0.120	1.53e-02	0.0	4.43e-03	3.00e-02	0.00	0.00e+00	1.1000	8.33e-15	88
0.120	1.53e-02	0.0	4.43e-03	4.00e-02	0.00	0.00e+00	1.1000	8.33e-15	88
0.110	1.58e-02	0.0	-2.06e-04	-5.00e-02	0.00	0.00e+00	1.1000	8.33e-15	89
0.110	1.58e-02	0.0	-2.06e-04	-4.00e-02	0.00	0.00e+00	1.1000	8.33e-15	89
0.110	1.58e-02	0.0	-2.06e-04	-3.00e-02	0.00	0.00e+00	1.1000	8.33e-15	89
0.110	1.58e-02	0.0	-2.06e-04	-2.00e-02	0.00	0.00e+00	1.1000	8.33e-15	89
0.110	1.58e-02	0.0	-2.06e-04	-1.00e-02	0.00	0.00e+00	1.1000	8.33e-15	89
0.110	1.58e-02	0.0	-2.06e-04	3.47e-18	0.00	0.00e+00	1.1000	8.33e-15	89
0.110	1.58e-02	0.0	-2.06e-04	1.00e-02	0.00	0.00e+00	1.1000	8.33e-15	89
0.110	1.58e-02	0.0	-2.06e-04	2.00e-02	0.00	0.00e+00	1.1000	8.33e-15	89
0.110	1.58e-02	0.0	-2.06e-04	3.00e-02	0.00	0.00e+00	1.1000	8.33e-15	89
0.110	1.58e-02	0.0	-2.06e-04	4.00e-02	0.00	0.00e+00	1.1000	8.33e-15	89
0.100	1.57e-02	0.0	-5.47e-03	-5.00e-02	0.00	0.00e+00	1.1000	8.33e-15	90
0.100	1.57e-02	0.0	-5.47e-03	-4.00e-02	0.00	0.00e+00	1.1000	8.33e-15	90
0.100	1.57e-02	0.0	-5.47e-03	-3.00e-02	0.00	0.00e+00	1.1000	8.33e-15	90
0.100	1.57e-02	0.0	-5.47e-03	-2.00e-02	0.00	0.00e+00	1.1000	8.33e-15	90
0.100	1.57e-02	0.0	-5.47e-03	-1.00e-02	0.00	0.00e+00	1.1000	8.33e-15	90
0.100	1.57e-02	0.0	-5.47e-03	3.47e-18	0.00	0.00e+00	1.1000	8.33e-15	90
0.100	1.57e-02	0.0	-5.47e-03	1.00e-02	0.00	0.00e+00	1.1000	8.33e-15	90
0.100	1.57e-02	0.0	-5.47e-03	2.00e-02	0.00	0.00e+00	1.1000	8.33e-15	90
0.100	1.57e-02	0.0	-5.47e-03	3.00e-02	0.00	0.00e+00	1.1000	8.33e-15	90
0.100	1.57e-02	0.0	-5.47e-03	4.00e-02	0.00	0.00e+00	1.1000	8.33e-15	90
0.090	1.52e-02	0.0	-1.13e-02	-5.00e-02	0.00	0.00e+00	1.1000	8.33e-15	91
0.090	1.52e-02	0.0	-1.13e-02	-4.00e-02	0.00	0.00e+00	1.1000	8.33e-15	91
0.090	1.52e-02	0.0	-1.13e-02	-3.00e-02	0.00	0.00e+00	1.1000	8.33e-15	91
0.090	1.52e-02	0.0	-1.13e-02	-2.00e-02	0.00	0.00e+00	1.1000	8.33e-15	91
0.090	1.52e-02	0.0	-1.13e-02	-1.00e-02	0.00	0.00e+00	1.1000	8.33e-15	91
0.090	1.52e-02	0.0	-1.13e-02	3.47e-18	0.00	0.00e+00	1.1000	8.33e-15	91
0.090	1.52e-02	0.0	-1.13e-02	1.00e-02	0.00	0.00e+00	1.1000	8.33e-15	91
0.090	1.52e-02	0.0	-1.13e-02	2.00e-02	0.00	0.00e+00	1.1000	8.33e-15	91
0.090	1.52e-02	0.0	-1.13e-02	3.00e-02	0.00	0.00e+00	1.1000	8.33e-15	91
0.090	1.52e-02	0.0	-1.13e-02	4.00e-02	0.00	0.00e+00	1.1000	8.33e-15	91
0.080	1.41e-02	0.0	-1.74e-02	-5.00e-02	0.00	0.00e+00	1.1000	8.33e-15	92
0.080	1.41e-02	0.0	-1.74e-02	-4.00e-02	0.00	0.00e+00	1.1000	8.33e-15	92
0.080	1.41e-02	0.0	-1.74e-02	-3.00e-02	0.00	0.00e+00	1.1000	8.33e-15	92
0.080	1.41e-02	0.0	-1.74e-02	-2.00e-02	0.00	0.00e+00	1.1000	8.33e-15	92
0.080	1.41e-02	0.0	-1.74e-02	-1.00e-02	0.00	0.00e+00	1.1000	8.33e-15	92
0.080	1.41e-02	0.0	-1.74e-02	3.47e-18	0.00	0.00e+00	1.1000	8.33e-15	92
0.080	1.41e-02	0.0	-1.74e-02	1.00e-02	0.00	0.00e+00	1.1000	8.33e-15	92
0.080	1.41e-02	0.0	-1.74e-02	2.00e-02	0.00	0.00e+00	1.1000	8.33e-15	92
0.080	1.41e-02	0.0	-1.74e-02	3.00e-02	0.00	0.00e+00	1.1000	8.33e-15	92
0.080	1.41e-02	0.0	-1.74e-02	4.00e-02	0.00	0.00e+00	1.1000	8.33e-15	92
0.070	1.23e-02	0.0	-2.38e-02	-5.00e-02	0.00	0.00e+00	1.1000	8.33e-15	93
0.070	1.23e-02	0.0	-2.38e-02	-4.00e-02	0.00	0.00e+00	1.1000	8.33e-15	93
0.070	1.23e-02	0.0	-2.38e-02	-3.00e-02	0.00	0.00e+00	1.1000	8.33e-15	93
0.070	1.23e-02	0.0	-2.38e-02	-2.00e-02	0.00	0.00e+00	1.1000	8.33e-15	93
0.070	1.23e-02	0.0	-2.38e-02	-1.00e-02	0.00	0.00e+00	1.1000	8.33e-15	93
0.070	1.23e-02	0.0	-2.38e-02	3.47e-18	0.00	0.00e+00	1.1000	8.33e-15	93
0.070	1.23e-02	0.0	-2.38e-02	1.00e-02	0.00	0.00e+00	1.1000	8.33e-15	93
0.070	1.23e-02	0.0	-2.38e-02	2.00e-02	0.00	0.00e+00	1.1000	8.33e-15	93
0.070	1.23e-02	0.0	-2.38e-02	3.00e-02	0.00	0.00e+00	1.1000	8.33e-15	93
0.070	1.23e-02	0.0	-2.38e-02	4.00e-02	0.00	0.00e+00	1.1000	8.33e-15	93
0.060	9.95e-03	0.0	-3.03e-02	-5.00e-02	0.00	0.00e+00	1.1000	8.33e-15	94
0.060	9.95e-03	0.0	-3.03e-02	-4.00e-02	0.00	0.00e+00	1.1000	8.33e-15	94
0.060	9.95e-03	0.0	-3.03e-02	-3.00e-02	0.00	0.00e+00	1.1000	8.33e-15	94
0.060	9.95e-03	0.0	-3.03e-02	-2.00e-02	0.00	0.00e+00	1.1000	8.33e-15	94
0.060	9.95e-03	0.0	-3.03e-02	-1.00e-02	0.00	0.00e+00	1.1000	8.33e-15	94
0.060	9.95e-03	0.0	-3.03e-02	3.47e-18	0.00	0.00e+00	1.1000	8.33e-15	94
0.060	9.95e-03	0.0	-3.03e-02	1.00e-02	0.00	0.00e+00	1.1000	8.33e-15	94
0.060	9.95e-03	0.0	-3.03e-02	2.00e-02	0.00	0.00e+00	1.1000	8.33e-15	94
0.060	9.95e-03	0.0	-3.03e-02	3.00e-02	0.00	0.00e+00	1.1000	8.33e-15	94
0.060	9.95e-03	0.0	-3.03e-02	4.00e-02	0.00	0.00e+00	1.1000	8.33e-15	94
0.050	6.92e-03	0.0	-3.65e-02	-5.00e-02	0.00	0.00e+00	1.1000	8.33e-15	95
0.050	6.92e-03	0.0	-3.65e-02	-4.00e-02	0.00	0.00e+00	1.1000	8.33e-15	95
0.050	6.92e-03	0.0	-3.65e-02	-3.00e-02	0.00	0.00e+00	1.1000	8.33e-15	95
0.050	6.92e-03	0.0	-3.65e-02	-2.00e-02	0.00	0.00e+00	1.1000	8.33e-15	95
0.050	6.92e-03	0.0	-3.65e-02	-1.00e-02	0.00	0.00e+00	1.1000	8.33e-15	95
0.050	6.92e-03	0.0	-3.65e-02	3.47e-18	0.00	0.00e+00	1.1000	8.33e-15	95
0.050	6.92e-03	0.0	-3.65e-02	1.00e-02	0.00	0.00e+00	1.1000	8.33e-15	95
0.050	6.92e-03	0.0	-3.65e-02	2.00e-02	0.00	0.00e+00	1.1000	8.33e-15	95
0.050	6.92e-03	0.0	-3.65e-02	3.00e-02	0.00	0.00e+00	1.1000	8.33e-15	95
0.050	6.92e-03	0.0	-3.65e-02	4.00e-02	0.00	0.00e+00	1.1000	8.33e-15	95
0.040	3.26e-03	0.0	-4.24e-02	-5.00e-02	0.00	0.00e+00	1.1000	8.33e-15	96
0.040	3.26e-03	0.0	-4.24e-02	-4.00e-02	0.00	0.00e+00	1.1000	8.33e-15	96
0.040	3.26e-03	0.0	-4.24e-02	-3.00e-02	0.00	0.00e+00	1.1000	8.33e-15	96
0.040	3.26e-03	0.0	-4.24e-02	-2.00e-02	0.00	0.00e+00	1.1000	8.33e-15	96
0.040	3.26e-03	0.0	-4.24e-02	-1.00e-02	0.00	0.00e+00	1.1000	8.33e-15	96
0.040	3.26e-03	0.0	-4.24e-02	3.47e-18	0.00	0.00e+00	1.1000	8.33e-15	96
0.040	3.26e-03	0.0	-4.24e-02	1.00e-02	0.00	0.00e+00	1.1000	8.33e-15	96
0.040	3.26e-03	0.0	-4.24e-02	2.00e-02	0.00	0.00e+00	1.1000	8.33e-15	96
0.040	3.26e-03	0.0	-4.24e-02	3.00e-02	0.00	0.00e+00	1.1000	8.33e-15	96
0.040	3.26e-03	0.0	-4.24e-02	4.00e-02	0.00	0.00e+00	1.1000	8.33e-15	96
0.030	-9.75e-04	0.0	-4.75e-02	-5.00e-02	0.00	0.00e+00	1.1000	8.33e-15	97
0.030	-9.75e-04	0.0	-4.75e-02	-4.00e-02	0.00	0.00e+00	1.1000	8.33e-15	97
0.030	-9.75e-04	0.0	-4.75e-02	-3.00e-02	0.00	0.00e+00	1.1000	8.33e-15	97
0.030	-9.75e-04	0.0	-4.75e-02	-2.00e-02	0.00	0.00e+00	1.1000	8.33e-15	97
0.030	-9.75e-04	0.0	-4.75e-02	-1.00e-02	0.00	0.00e+00	1.1000	8.33e-15	97
0.030	-9.75e-04	0.0	-4.75e-02	3.47e-18	0.00	0.00e+00	1.1000	8.33e-15	97
0.030	-9.75e-04	0.0	-4.75e-02	1.00e-02	0.00	0.00e+00	1.1000	8.33e-15	97
0.030	-9.75e-04	0.0	-4.75e-02	2.00e-02	0.00	0.00e+00	1.1000	8.33e-15	97
0.030	-9.75e-04	0.0	-4.75e-02	3.00e-02	0.00	0.00e+00	1.1000	8.33e-15	97
0.030	-9.75e-04	0.0	-4.75e-02	4.00e-02	0.00	0.00e+00	1.1000	8.33e-15	97
0.020	-5.73e-03	0.0	-5.17e-02	-5.00e-02	0.00	0.00e+00	1.1000	8.33e-15	98
0.020	-5.73e-03	0.0	-5.17e-02	-4.00e-02	0.00	0.00e+00	1.1000	8.33e-15	98
0.020	-5.73e-03	0.0	-5.17e-02	-3.00e-02	0.00	0.00e+00	1.1000	8.33e-15	98
0.020	-5.73e-03	0.0	-5.17e-02	-2.00e-02	0.00	0.00e+00	1.1000	8.33e-15	98
0.020	-5.73e-03	0.0	-5.17e-02	-1.00e-02	0.00	0.00e+00	1.1000	8.33e-15	98
0.020	-5.73e-03	0.0	-5.17e-02	3.47e-18	0.00	0.00e+00	1.1000	8.33e-15	98
0.020	-5.73e-03	0.0	-5.17e-02	1.00e-02	0.00	0.00e+00	1.1000	8.33e-15	98
0.020	-5.73e-03	0.0	-5.17e-02	2.00e-02	0.00	0.00e+00	1.1000	8.33e-15	98
0.020	-5.73e-03	0.0	-5.17e-02	3.00e-02	0.00	0.00e+00	1.1000	8.33e-15	98
0.020	-5.73e-03	0.0	-5.17e-02	4.00e-02	0.00	0.00e+00	1.1000	8.33e-15	98
0.010	-1.09e-02	0.0	-5.67e-02	-5.00e-02	0.00	0.00e+00	1.1000	8.33e-15	99
0.010	-1.09e-02	0.0	-5.67e-02	-4.00e-02	0.00	0.00e+00	1.1000	8.33e-15	99
0.010	-1.09e-02	0.0	-5.67e-02	-3.00e-02	0.00	0.00e+00	1.1000	8.33e-15	99
0.010	-1.09e-02	0.0	-5.67e-02	-2.00e-02	0.00	0.00e+00	1.1000	8.33e-15	99
0.010	-1.09e-02	0.0	-5.67e-02	-1.00e-02	0.00	0.00e+00	1.1000	8.33e-15	99
0.010	-1.09e-02	0.0	-5.67e-02	3.47e-18	0.00	0.00e+00	1.1000	8.33e-15	99
0.010	-1.09e-02	0.0	-5.67e-02	1.00e-02	0.00	0.00e+00	1.1000	8.33e-15	99
0.010	-1.09e-02	0.0	-5.67e-02	2.00e-02	0.00	0.00e+00	1.1000	8.33e-15	99
0.010	-1.09e-02	0.0	-5.67e-02	3.00e-02	0.00	0.00e+00	1.1000	8.33e-15	99
0.010	-1.09e-02	0.0	-5.67e-02	4.00e-02	0.00	0.00e+00	1.1000	8.33e-15	99
