1.000	0.00e+00	0.0	0.00e+00	-5.00e-02	0.00	0.00e+00	1.0000	8.33e-15	0
1.000	0.00e+00	0.0	0.00e+00	-4.00e-02	0.00	0.00e+00	1.0000	8.33e-15	0
1.000	0.00e+00	0.0	0.00e+00	-3.00e-02	0.00	0.00e+00	1.0000	8.33e-15	0
1.000	0.00e+00	0.0	0.00e+00	-2.00e-02	0.00	0.00e+00	1.0000	8.33e-15	0
1.000	0.00e+00	0.0	0.00e+00	-1.00e-02	0.00	0.00e+00	1.0000	8.33e-15	0
1.000	0.00e+00	0.0	0.00e+00	3.47e-18	0.00	0.00e+00	1.0000	8.33e-15	0
1.000	0.00e+00	0.0	0.00e+00	1.00e-02	0.00	0.00e+00	1.0000	8.33e-15	0
1.000	0.00e+00	0.0	0.00e+00	2.00e-02	0.00	0.00e+00	1.0000	8.33e-15	0
1.000	0.00e+00	0.0	0.00e+00	3.00e-02	0.00	0.00e+00	1.0000	8.33e-15	0
1.000	0.00e+00	0.0	0.00e+00	4.00e-02	0.00	0.00e+00	1.0000	8.33e-15	0
0.990	0.00e+00	0.0	4.56e-07	-5.00e-02	0.00	0.00e+00	1.0000	8.33e-15	1
0.990	0.00e+00	0.0	4.56e-07	-4.00e-02	0.00	0.00e+00	1.0000	8.33e-15	1
0.990	0.00e+00	0.0	4.56e-07	-3.00e-02	0.00	0.00e+00	1.0000	8.33e-15	1
0.990	0.00e+00	0.0	4.56e-07	-2.00e-02	0.00	0.00e+00	1.0000	8.33e-15	1
0.990	0.00e+00	0.0	4.56e-07	-1.00e-02	0.00	0.00e+00	1.0000	8.33e-15	1
0.990	0.00e+00	0.0	4.56e-07	3.47e-18	0.00	0.00e+00	1.0000	8.33e-15	1
0.990	0.00e+00	0.0	4.56e-07	1.00e-02	0.00	0.00e+00	1.0000	8.33e-15	1
0.990	0.00e+00	0.0	4.56e-07	2.00e-02	0.00	0.00e+00	1.0000	8.33e-15	1
0.990	0.00e+00	0.0	4.56e-07	3.00e-02	0.00	0.00e+00	1.0000	8.33e-15	1
0.990	0.00e+00	0.0	4.56e-07	4.00e-02	0.00	0.00e+00	1.0000	8.33e-15	1
0.980	4.56e-08	0.0	9.21e-07	-5.00e-02	0.00	0.00e+00	1.0000	8.33e-15	2
0.980	4.56e-08	0.0	9.21e-07	-4.00e-02	0.00	0.00e+00	1.0000	8.33e-15	2
0.980	4.56e-08	0.0	9.21e-07	-3.00e-02	0.00	0.00e+00	1.0000	8.33e-15	2
0.980	4.56e-08	0.0	9.21e-07	-2.00e-02	0.00	0.00e+00	1.0000	8.33e-15	2
0.980	4.56e-08	0.0	9.21e-07	-1.00e-02	0.00	0.00e+00	1.0000	8.33e-15	2
0.980	4.56e-08	0.0	9.21e-07	3.47e-18	0.00	0.00e+00	1.0000	8.33e-15	2
0.980	4.56e-08	0.0	9.21e-07	1.00e-02	0.00	0.00e+00	1.0000	8.33e-15	2
0.980	4.56e-08	0.0	9.21e-07	2.00e-02	0.00	0.00e+00	1.0000	8.33e-15	2
0.980	4.56e-08	0.0	9.21e-07	3.00e-02	0.00	0.00e+00	1.0000	8.33e-15	2
0.980	4.56e-08	0.0	9.21e-07	4.00e-02	0.00	0.00e+00	1.0000	8.33e-15	2
0.970	1.38e-07	0.0	1.38e-06	-5.00e-02	0.00	0.00e+00	1.0000	8.33e-15	3
0.970	1.38e-07	0.0	1.38e-06	-4.00e-02	0.00	0.00e+00	1.0000	8.33e-15	3
0.970	1.38e-07	0.0	1.38e-06	-3.00e-02	0.00	0.00e+00	1.0000	8.33e-15	3
0.970	1.38e-07	0.0	1.38e-06	-2.00e-02	0.00	0.00e+00	1.0000	8.33e-15	3
0.970	1.38e-07	0.0	1.38e-06	-1.00e-02	0.00	0.00e+00	1.0000	8.33e-15	3
0.970	1.38e-07	0.0	1.38e-06	3.47e-18	0.00	0.00e+00	1.0000	8.33e-15	3
0.970	1.38e-07	0.0	1.38e-06	1.00e-02	0.00	0.00e+00	1.0000	8.33e-15	3
0.970	1.38e-07	0.0	1.38e-06	2.00e-02	0.00	0.00e+00	1.0000	8.33e-15	3
0.970	1.38e-07	0.0	1.38e-06	3.00e-02	0.00	0.00e+00	1.0000	8.33e-15	3
0.970	1.38e-07	0.0	1.38e-06	4.00e-02	0.00	0.00e+00	1.0000	8.33e-15	3
0.960	2.76e-07	0.0	1.84e-06	-5.00e-02	0.00	0.00e+00	1.0000	8.33e-15	4
0.960	2.76e-07	0.0	1.84e-06	-4.00e-02	0.00	0.00e+00	1.0000	8.33e-15	4
0.960	2.76e-07	0.0	1.84e-06	-3.00e-02	0.00	0.00e+00	1.0000	8.33e-15	4
0.960	2.76e-07	0.0	1.84e-06	-2.00e-02	0.00	0.00e+00	1.0000	8.33e-15	4
0.960	2.76e-07	0.0	1.84e-06	-1.00e-02	0.00	0.00e+00	1.0000	8.33e-15	4
0.960	2.76e-07	0.0	1.84e-06	3.47e-18	0.00	0.00e+00	1.0000	8.33e-15	4
0.960	2.76e-07	0.0	1.84e-06	1.00e-02	0.00	0.00e+00	1.0000	8.33e-15	4
0.960	2.76e-07	0.0	1.84e-06	2.00e-02	0.00	0.00e+00	1.0000	8.33e-15	4
0.960	2.76e-07	0.0	1.84e-06	3.00e-02	0.00	0.00e+00	1.0000	8.33e-15	4
0.960	2.76e-07	0.0	1.84e-06	4.00e-02	0.00	0.00e+00	1.0000	8.33e-15	4
0.950	4.60e-07	0.0	2.30e-06	-5.00e-02	0.00	0.00e+00	1.0000	8.33e-15	5
0.950	4.60e-07	0.0	2.30e-06	-4.00e-02	0.00	0.00e+00	1.0000	8.33e-15	5
0.950	4.60e-07	0.0	2.30e-06	-3.00e-02	0.00	0.00e+00	1.0000	8.33e-15	5
0.950	4.60e-07	0.0	2.30e-06	-2.00e-02	0.00	0.00e+00	1.0000	8.33e-15	5
0.950	4.60e-07	0.0	2.30e-06	-1.00e-02	0.00	0.00e+00	1.0000	8.33e-15	5
0.950	4.60e-07	0.0	2.30e-06	3.47e-18	0.00	0.00e+00	1.0000	8.33e-15	5
0.950	4.60e-07	0.0	2.30e-06	1.00e-02	0.00	0.00e+00	1.0000	8.33e-15	5
0.950	4.60e-07	0.0	2.30e-06	2.00e-02	0.00	0.00e+00	1.0000	8.33e-15	5
0.950	4.60e-07	0.0	2.30e-06	3.00e-02	0.00	0.00e+00	1.0000	8.33e-15	5
0.950	4.60e-07	0.0	2.30e-06	4.00e-02	0.00	0.00e+00	1.0000	8.33e-15	5
0.940	6.91e-07	0.0	2.76e-06	-5.00e-02	0.00	0.00e+00	1.0000	8.33e-15	6
0.940	6.91e-07	0.0	2.76e-06	-4.00e-02	0.00	0.00e+00	1.0000	8.33e-15	6
0.940	6.91e-07	0.0	2.76e-06	-3.00e-02	0.00	0.00e+00	1.0000	8.33e-15	6
0.940	6.91e-07	0.0	2.76e-06	-2.00e-02	0.00	0.00e+00	1.0000	8.33e-15	6
0.940	6.91e-07	0.0	2.76e-06	-1.00e-02	0.00	0.00e+00	1.0000	8.33e-15	6
0.940	6.91e-07	0.0	2.76e-06	3.47e-18	0.00	0.00e+00	1.0000	8.33e-15	6
0.940	6.91e-07	0.0	2.76e-06	1.00e-02	0.00	0.00e+00	1.0000	8.33e-15	6
0.940	6.91e-07	0.0	2.76e-06	2.00e-02	0.00	0.00e+00	1.0000	8.33e-15	6
0.940	6.91e-07	0.0	2.76e-06	3.00e-02	0.00	0.00e+00	1.0000	8.33e-15	6
0.940	6.91e-07	0.0	2.76e-06	4.00e-02	0.00	0.00e+00	1.0000	8.33e-15	6
0.930	9.67e-07	0.0	3.22e-06	-5.00e-02	0.00	0.00e+00	1.0000	8.33e-15	7
0.930	9.67e-07	0.0	3.22e-06	-4.00e-02	0.00	0.00e+00	1.0000	8.33e-15	7
0.930	9.67e-07	0.0	3.22e-06	-3.00e-02	0.00	0.00e+00	1.0000	8.33e-15	7
0.930	9.67e-07	0.0	3.22e-06	-2.00e-02	0.00	0.00e+00	1.0000	8.33e-15	7
0.930	9.67e-07	0.0	3.22e-06	-1.00e-02	0.00	0.00e+00	1.0000	8.33e-15	7
0.930	9.67e-07	0.0	3.22e-06	3.47e-18	0.00	0.00e+00	1.0000	8.33e-15	7
0.930	9.67e-07	0.0	3.22e-06	1.00e-02	0.00	0.00e+00	1.0000	8.33e-15	7
0.930	9.67e-07	0.0	3.22e-06	2.00e-02	0.00	0.00e+00	1.0000	8.33e-15	7
0.930	9.67e-07	0.0	3.22e-06	3.00e-02	0.00	0.00e+00	1.0000	8.33e-15	7
0.930	9.67e-07	0.0	3.22e-06	4.00e-02	0.00	0.00e+00	1.0000	8.33e-15	7
0.920	1.29e-06	0.0	3.68e-06	-5.00e-02	0.00	0.00e+00	1.0000	8.33e-15	8
0.920	1.29e-06	0.0	3.68e-06	-4.00e-02	0.00	0.00e+00	1.0000	8.33e-15	8
0.920	1.29e-06	0.0	3.68e-06	-3.00e-02	0.00	0.00e+00	1.0000	8.33e-15	8
0.920	1.29e-06	0.0	3.68e-06	-2.00e-02	0.00	0.00e+00	1.0000	8.33e-15	8
0.920	1.29e-06	0.0	3.68e-06	-1.00e-02	0.00	0.00e+00	1.0000	8.33e-15	8
0.920	1.29e-06	0.0	3.68e-06	3.47e-18	0.00	0.00e+00	1.0000	8.33e-15	8
0.920	1.29e-06	0.0	3.68e-06	1.00e-02	0.00	0.00e+00	1.0000	8.33e-15	8
0.920	1.29e-06	0.0	3.68e-06	2.00e-02	0.00	0.00e+00	1.0000	8.33e-15	8
0.920	1.29e-06	0.0	3.68e-06	3.00e-02	0.00	0.00e+00	1.0000	8.33e-15	8
0.920	1.29e-06	0.0	3.68e-06	4.00e-02	0.00	0.00e+00	1.0000	8.33e-15	8
0.910	1.66e-06	0.0	4.14e-06	-5.00e-02	0.00	0.00e+00	1.0000	8.33e-15	9
0.910	1.66e-06	0.0	4.14e-06	-4.00e-02	0.00	0.00e+00	1.0000	8.33e-15	9
0.910	1.66e-06	0.0	4.14e-06	-3.00e-02	0.00	0.00e+00	1.0000	8.33e-15	9
0.910	1.66e-06	0.0	4.14e-06	-2.00e-02	0.00	0.00e+00	1.0000	8.33e-15	9
0.910	1.66e-06	0.0	4.14e-06	-1.00e-02	0.00	0.00e+00	1.0000	8.33e-15	9
0.910	1.66e-06	0.0	4.14e-06	3.47e-18	0.00	0.00e+00	1.0000	8.33e-15	9
0.910	1.66e-06	0.0	4.14e-06	1.00e-02	0.00	0.00e+00	1.0000	8.33e-15	9
0.910	1.66e-06	0.0	4.14e-06	2.00e-02	0.00	0.00e+00	1.0000	8.33e-15	9
0.910	1.66e-06	0.0	4.14e-06	3.00e-02	0.00	0.00e+00	1.0000	8.33e-15	9
0.910	1.66e-06	0.0	4.14e-06	4.00e-02	0.00	0.00e+00	1.0000	8.33e-15	9
0.900	2.07e-06	0.0	4.60e-06	-5.00e-02	0.00	0.00e+00	1.0000	8.33e-15	10
0.900	2.07e-06	0.0	4.60e-06	-4.00e-02	0.00	0.00e+00	1.0000	8.33e-15	10
0.900	2.07e-06	0.0	4.60e-06	-3.00e-02	0.00	0.00e+00	1.0000	8.33e-15	10
0.900	2.07e-06	0.0	4.60e-06	-2.00e-02	0.00	0.00e+00	1.0000	8.33e-15	10
0.900	2.07e-06	0.0	4.60e-06	-1.00e-02	0.00	0.00e+00	1.0000	8.33e-15	10
0.900	2.07e-06	0.0	4.60e-06	3.47e-18	0.00	0.00e+00	1.0000	8.33e-15	10
0.900	2.07e-06	0.0	4.60e-06	1.00e-02	0.00	0.00e+00	1.0000	8.33e-15	10
0.900	2.07e-06	0.0	4.60e-06	2.00e-02	0.00	0.00e+00	1.0000	8.33e-15	10
0.900	2.07e-06	0.0	4.60e-06	3.00e-02	0.00	0.00e+00	1.0000	8.33e-15	10
0.900	2.07e-06	0.0	4.60e-06	4.00e-02	0.00	0.00e+00	1.0000	8.33e-15	10
0.890	2.53e-06	0.0	5.08e-06	-5.00e-02	0.00	0.00e+00	1.0000	8.33e-15	11
0.890	2.53e-06	0.0	5.08e-06	-4.00e-02	0.00	0.00e+00	1.0000	8.33e-15	11
0.890	2.53e-06	0.0	5.08e-06	-3.00e-02	0.00	0.00e+00	1.0000	8.33e-15	11
0.890	2.53e-06	0.0	5.08e-06	-2.00e-02	0.00	0.00e+00	1.0000	8.33e-15	11
0.890	2.53e-06	0.0	5.08e-06	-1.00e-02	0.00	0.00e+00	1.0000	8.33e-15	11
0.890	2.53e-06	0.0	5.08e-06	3.47e-18	0.00	0.00e+00	1.0000	8.33e-15	11
0.890	2.53e-06	0.0	5.08e-06	1.00e-02	0.00	0.00e+00	1.0000	8.33e-15	11
0.890	2.53e-06	0.0	5.08e-06	2.00e-02	0.00	0.00e+00	1.0000	8.33e-15	11
0.890	2.53e-06	0.0	5.08e-06	3.00e-02	0.00	0.00e+00	1.0000	8.33e-15	11
0.890	2.53e-06	0.0	5.08e-06	4.00e-02	0.00	0.00e+00	1.0000	8.33e-15	11
0.880	3.04e-06	0.0	5.58e-06	-5.00e-02	0.00	0.00e+00	1.0000	8.33e-15	12
0.880	3.04e-06	0.0	5.58e-06	-4.00e-02	0.00	0.00e+00	1.0000	8.33e-15	12
0.880	3.04e-06	0.0	5.58e-06	-3.00e-02	0.00	0.00e+00	1.0000	8.33e-15	12
0.880	3.04e-06	0.0	5.58e-06	-2.00e-02	0.00	0.00e+00	1.0000	8.33e-15	12
0.880	3.04e-06	0.0	5.58e-06	-1.00e-02	0.00	0.00e+00	1.0000	8.33e-15	12
0.880	3.04e-06	0.0	5.58e-06	3.47e-18	0.00	0.00e+00	1.0000	8.33e-15	12
0.880	3.04e-06	0.0	5.58e-06	1.00e-02	0.00	0.00e+00	1.0000	8.33e-15	12
0.880	3.04e-06	0.0	5.58e-06	2.00e-02	0.00	0.00e+00	1.0000	8.33e-15	12
0.880	3.04e-06	0.0	5.58e-06	3.00e-02	0.00	0.00e+00	1.0000	8.33e-15	12
0.880	3.04e-06	0.0	5.58e-06	4.00e-02	0.00	0.00e+00	1.0000	8.33e-15	12
0.870	3.60e-06	0.0	6.15e-06	-5.00e-02	0.00	0.00e+00	1.0000	8.33e-15	13
0.870	3.60e-06	0.0	6.15e-06	-4.00e-02	0.00	0.00e+00	1.0000	8.33e-15	13
0.870	3.60e-06	0.0	6.15e-06	-3.00e-02	0.00	0.00e+00	1.0000	8.33e-15	13
0.870	3.60e-06	0.0	6.15e-06	-2.00e-02	0.00	0.00e+00	1.0000	8.33e-15	13
0.870	3.60e-06	0.0	6.15e-06	-1.00e-02	0.00	0.00e+00	1.0000	8.33e-15	13
0.870	3.60e-06	0.0	6.15e-06	3.47e-18	0.00	0.00e+00	1.0000	8.33e-15	13
0.870	3.60e-06	0.0	6.15e-06	1.00e-02	0.00	0.00e+00	1.0000	8.33e-15	13
0.870	3.60e-06	0.0	6.15e-06	2.00e-02	0.00	0.00e+00	1.0000	8.33e-15	13
0.870	3.60e-06	0.0	6.15e-06	3.00e-02	0.00	0.00e+00	1.0000	8.33e-15	13
0.870	3.60e-06	0.0	6.15e-06	4.00e-02	0.00	0.00e+00	1.0000	8.33e-15	13
0.860	4.21e-06	0.0	6.83e-06	-5.00e-02	0.00	0.00e+00	1.0000	8.33e-15	14
0.860	4.21e-06	0.0	6.83e-06	-4.00e-02	0.00	0.00e+00	1.0000	8.33e-15	14
0.860	4.21e-06	0.0	6.83e-06	-3.00e-02	0.00	0.00e+00	1.0000	8.33e-15	14
0.860	4.21e-06	0.0	6.83e-06	-2.00e-02	0.00	0.00e+00	1.0000	8.33e-15	14
0.860	4.21e-06	0.0	6.83e-06	-1.00e-02	0.00	0.00e+00	1.0000	8.33e-15	14
0.860	4.21e-06	0.0	6.83e-06	3.47e-18	0.00	0.00e+00	1.0000	8.33e-15	14
0.860	4.21e-06	0.0	6.83e-06	1.00e-02	0.00	0.00e+00	1.0000	8.33e-15	14
0.860	4.21e-06	0.0	6.83e-06	2.00e-02	0.00	0.00e+00	1.0000	8.33e-15	14
0.860	4.21e-06	0.0	6.83e-06	3.00e-02	0.00	0.00e+00	1.0000	8.33e-15	14
0.860	4.21e-06	0.0	6.83e-06	4.00e-02	0.00	0.00e+00	1.0000	8.33e-15	14
0.850	4.90e-06	0.0	7.70e-06	-5.00e-02	0.00	0.00e+00	1.0000	8.33e-15	15
0.850	4.90e-06	0.0	7.70e-06	-4.00e-02	0.00	0.00e+00	1.0000	8.33e-15	15
0.850	4.90e-06	0.0	7.70e-06	-3.00e-02	0.00	0.00e+00	1.0000	8.33e-15	15
0.850	4.90e-06	0.0	7.70e-06	-2.00e-02	0.00	0.00e+00	1.0000	8.33e-15	15
0.850	4.90e-06	0.0	7.70e-06	-1.00e-02	0.00	0.00e+00	1.0000	8.33e-15	15
0.850	4.90e-06	0.0	7.70e-06	3.47e-18	0.00	0.00e+00	1.0000	8.33e-15	15
0.850	4.90e-06	0.0	7.70e-06	1.00e-02	0.00	0.00e+00	1.0000	8.33e-15	15
0.850	4.90e-06	0.0	7.70e-06	2.00e-02	0.00	0.00e+00	1.0000	8.33e-15	15
0.850	4.90e-06	0.0	7.70e-06	3.00e-02	0.00	0.00e+00	1.0000	8.33e-15	15
0.850	4.90e-06	0.0	7.70e-06	4.00e-02	0.00	0.00e+00	1.0000	8.33e-15	15
0.840	5.67e-06	0.0	8.87e-06	-5.00e-02	0.00	0.00e+00	1.0000	8.33e-15	16
0.840	5.67e-06	0.0	8.87e-06	-4.00e-02	0.00	0.00e+00	1.0000	8.33e-15	16
0.840	5.67e-06	0.0	8.87e-06	-3.00e-02	0.00	0.00e+00	1.0000	8.33e-15	16
0.840	5.67e-06	0.0	8.87e-06	-2.00e-02	0.00	0.00e+00	1.0000	8.33e-15	16
0.840	5.67e-06	0.0	8.87e-06	-1.00e-02	0.00	0.00e+00	1.0000	8.33e-15	16
0.840	5.67e-06	0.0	8.87e-06	3.47e-18	0.00	0.00e+00	1.0000	8.33e-15	16
0.840	5.67e-06	0.0	8.87e-06	1.00e-02	0.00	0.00e+00	1.0000	8.33e-15	16
0.840	5.67e-06	0.0	8.87e-06	2.00e-02	0.00	0.00e+00	1.0000	8.33e-15	16
0.840	5.67e-06	0.0	8.87e-06	3.00e-02	0.00	0.00e+00	1.0000	8.33e-15	16
0.840	5.67e-06	0.0	8.87e-06	4.00e-02	0.00	0.00e+00	1.0000	8.33e-15	16
0.830	6.55e-06	0.0	1.05e-05	-5.00e-02	0.00	0.00e+00	1.0000	8.33e-15	17
0.830	6.55e-06	0.0	1.05e-05	-4.00e-02	0.00	0.00e+00	1.0000	8.33e-15	17
0.830	6.55e-06	0.0	1.05e-05	-3.00e-02	0.00	0.00e+00	1.0000	8.33e-15	17
0.830	6.55e-06	0.0	1.05e-05	-2.00e-02	0.00	0.00e+00	1.0000	8.33e-15	17
0.830	6.55e-06	0.0	1.05e-05	-1.00e-02	0.00	0.00e+00	1.0000	8.33e-15	17
0.830	6.55e-06	0.0	1.05e-05	3.47e-18	0.00	0.00e+00	1.0000	8.33e-15	17
0.830	6.55e-06	0.0	1.05e-05	1.00e-02	0.00	0.00e+00	1.0000	8.33e-15	17
0.830	6.55e-06	0.0	1.05e-05	2.00e-02	0.00	0.00e+00	1.0000	8.33e-15	17
0.830	6.55e-06	0.0	1.05e-05	3.00e-02	0.00	0.00e+00	1.0000	8.33e-15	17
0.830	6.55e-06	0.0	1.05e-05	4.00e-02	0.00	0.00e+00	1.0000	8.33e-15	17
0.820	7.60e-06	0.0	1.28e-05	-5.00e-02	0.00	0.00e+00	1.0000	8.33e-15	18
0.820	7.60e-06	0.0	1.28e-05	-4.00e-02	0.00	0.00e+00	1.0000	8.33e-15	18
0.820	7.60e-06	0.0	1.28e-05	-3.00e-02	0.00	0.00e+00	1.0000	8.33e-15	18
0.820	7.60e-06	0.0	1.28e-05	-2.00e-02	0.00	0.00e+00	1.0000	8.33e-15	18
0.820	7.60e-06	0.0	1.28e-05	-1.00e-02	0.00	0.00e+00	1.0000	8.33e-15	18
0.820	7.60e-06	0.0	1.28e-05	3.47e-18	0.00	0.00e+00	1.0000	8.33e-15	18
0.820	7.60e-06	0.0	1.28e-05	1.00e-02	0.00	0.00e+00	1.0000	8.33e-15	18
0.820	7.60e-06	0.0	1.28e-05	2.00e-02	0.00	0.00e+00	1.0000	8.33e-15	18
0.820	7.60e-06	0.0	1.28e-05	3.00e-02	0.00	0.00e+00	1.0000	8.33e-15	18
0.820	7.60e-06	0.0	1.28e-05	4.00e-02	0.00	0.00e+00	1.0000	8.33e-15	18
0.810	8.88e-06	0.0	1.59e-05	-5.00e-02	0.00	0.00e+00	1.0000	8.33e-15	19
0.810	8.88e-06	0.0	1.59e-05	-4.00e-02	0.00	0.00e+00	1.0000	8.33e-15	19
0.810	8.88e-06	0.0	1.59e-05	-3.00e-02	0.00	0.00e+00	1.0000	8.33e-15	19
0.810	8.88e-06	0.0	1.59e-05	-2.00e-02	0.00	0.00e+00	1.0000	8.33e-15	19
0.810	8.88e-06	0.0	1.59e-05	-1.00e-02	0.00	0.00e+00	1.0000	8.33e-15	19
0.810	8.88e-06	0.0	1.59e-05	3.47e-18	0.00	0.00e+00	1.0000	8.33e-15	19
0.810	8.88e-06	0.0	1.59e-05	1.00e-02	0.00	0.00e+00	1.0000	8.33e-15	19
0.810	8.88e-06	0.0	1.59e-05	2.00e-02	0.00	0.00e+00	1.0000	8.33e-15	19
0.810	8.88e-06	0.0	1.59e-05	3.00e-02	0.00	0.00e+00	1.0000	8.33e-15	19
0.810	8.88e-06	0.0	1.59e-05	4.00e-02	0.00	0.00e+00	1.0000	8.33e-15	19
0.800	1.05e-05	0.0	2.02e-05	-5.00e-02	0.00	0.00e+00	1.0000	8.33e-15	20
0.800	1.05e-05	0.0	2.02e-05	-4.00e-02	0.00	0.00e+00	1.0000	8.33e-15	20
0.800	1.05e-05	0.0	2.02e-05	-3.00e-02	0.00	0.00e+00	1.0000	8.33e-15	20
0.800	1.05e-05	0.0	2.02e-05	-2.00e-02	0.00	0.00e+00	1.0000	8.33e-15	20
0.800	1.05e-05	0.0	2.02e-05	-1.00e-02	0.00	0.00e+00	1.0000	8.33e-15	20
0.800	1.05e-05	0.0	2.02e-05	3.47e-18	0.00	0.00e+00	1.0000	8.33e-15	20
0.800	1.05e-05	0.0	2.02e-05	1.00e-02	0.00	0.00e+00	1.0000	8.33e-15	20
0.800	1.05e-05	0.0	2.02e-05	2.00e-02	0.00	0.00e+00	1.0000	8.33e-15	20
0.800	1.05e-05	0.0	2.02e-05	3.00e-02	0.00	0.00e+00	1.0000	8.33e-15	20
0.800	1.05e-05	0.0	2.02e-05	4.00e-02	0.00	0.00e+00	1.0000	8.33e-15	20
0.790	1.25e-05	0.0	2.59e-05	-5.00e-02	0.00	0.00e+00	1.0000	8.33e-15	21
0.790	1.25e-05	0.0	2.59e-05	-4.00e-02	0.00	0.00e+00	1.0000	8.33e-15	21
0.790	1.25e-05	0.0	2.59e-05	-3.00e-02	0.00	0.00e+00	1.0000	8.33e-15	21
0.790	1.25e-05	0.0	2.59e-05	-2.00e-02	0.00	0.00e+00	1.0000	8.33e-15	21
0.790	1.25e-05	0.0	2.59e-05	-1.00e-02	0.00	0.00e+00	1.0000	8.33e-15	21
0.790	1.25e-05	0.0	2.59e-05	3.47e-18	0.00	0.00e+00	1.0000	8.33e-15	21
0.790	1.25e-05	0.0	2.59e-05	1.00e-02	0.00	0.00e+00	1.0000	8.33e-15	21
0.790	1.25e-05	0.0	2.59e-05	2.00e-02	0.00	0.00e+00	1.0000	8.33e-15	21
0.790	1.25e-05	0.0	2.59e-05	3.00e-02	0.00	0.00e+00	1.0000	8.33e-15	21
0.790	1.25e-05	0.0	2.59e-05	4.00e-02	0.00	0.00e+00	1.0000	8.33e-15	21
0.780	1.51e-05	0.0	3.35e-05	-5.00e-02	0.00	0.00e+00	1.0000	8.33e-15	22
0.780	1.51e-05	0.0	3.35e-05	-4.00e-02	0.00	0.00e+00	1.0000	8.33e-15	22
0.780	1.51e-05	0.0	3.35e-05	-3.00e-02	0.00	0.00e+00	1.0000	8.33e-15	22
0.780	1.51e-05	0.0	3.35e-05	-2.00e-02	0.00	0.00e+00	1.0000	8.33e-15	22
0.780	1.51e-05	0.0	3.35e-05	-1.00e-02	0.00	0.00e+00	1.0000	8.33e-15	22
0.780	1.51e-05	0.0	3.35e-05	3.47e-18	0.00	0.00e+00	1.0000	8.33e-15	22
0.780	1.51e-05	0.0	3.35e-05	1.00e-02	0.00	0.00e+00	1.0000	8.33e-15	22
0.780	1.51e-05	0.0	3.35e-05	2.00e-02	0.00	0.00e+00	1.0000	8.33e-15	22
0.780	1.51e-05	0.0	3.35e-05	3.00e-02	0.00	0.00e+00	1.0000	8.33e-15	22
0.780	1.51e-05	0.0	3.35e-05	4.00e-02	0.00	0.00e+00	1.0000	8.33e-15	22
0.770	1.84e-05	0.0	4.32e-05	-5.00e-02	0.00	0.00e+00	1.0000	8.33e-15	23
0.770	1.84e-05	0.0	4.32e-05	-4.00e-02	0.00	0.00e+00	1.0000	8.33e-15	23
0.770	1.84e-05	0.0	4.32e-05	-3.00e-02	0.00	0.00e+00	1.0000	8.33e-15	23
0.770	1.84e-05	0.0	4.32e-05	-2.00e-02	0.00	0.00e+00	1.0000	8.33e-15	23
0.770	1.84e-05	0.0	4.32e-05	-1.00e-02	0.00	0.00e+00	1.0000	8.33e-15	23
0.770	1.84e-05	0.0	4.32e-05	3.47e-18	0.00	0.00e+00	1.0000	8.33e-15	23
0.770	1.84e-05	0.0	4.32e-05	1.00e-02	0.00	0.00e+00	1.0000	8.33e-15	23
0.770	1.84e-05	0.0	4.32e-05	2.00e-02	0.00	0.00e+00	1.0000	8.33e-15	23
0.770	1.84e-05	0.0	4.32e-05	3.00e-02	0.00	0.00e+00	1.0000	8.33e-15	23
0.770	1.84e-05	0.0	4.32e-05	4.00e-02	0.00	0.00e+00	1.0000	8.33e-15	23
0.760	2.28e-05	0.0	5.54e-05	-5.00e-02	0.00	0.00e+00	1.0000	8.33e-15	24
0.760	2.28e-05	0.0	5.54e-05	-4.00e-02	0.00	0.00e+00	1.0000	8.33e-15	24
0.760	2.28e-05	0.0	5.54e-05	-3.00e-02	0.00	0.00e+00	1.0000	8.33e-15	24
0.760	2.28e-05	0.0	5.54e-05	-2.00e-02	0.00	0.00e+00	1.0000	8.33e-15	24
0.760	2.28e-05	0.0	5.54e-05	-1.00e-02	0.00	0.00e+00	1.0000	8.33e-15	24
0.760	2.28e-05	0.0	5.54e-05	3.47e-18	0.00	0.00e+00	1.0000	8.33e-15	24
0.760	2.28e-05	0.0	5.54e-05	1.00e-02	0.00	0.00e+00	1.0000	8.33e-15	24
0.760	2.28e-05	0.0	5.54e-05	2.00e-02	0.00	0.00e+00	1.0000	8.33e-15	24
0.760	2.28e-05	0.0	5.54e-05	3.00e-02	0.00	0.00e+00	1.0000	8.33e-15	24
0.760	2.28e-05	0.0	5.54e-05	4.00e-02	0.00	0.00e+00	1.0000	8.33e-15	24
0.750	2.83e-05	0.0	7.04e-05	-5.00e-02	0.00	0.00e+00	1.0000	8.33e-15	25
0.750	2.83e-05	0.0	7.04e-05	-4.00e-02	0.00	0.00e+00	1.0000	8.33e-15	25
0.750	2.83e-05	0.0	7.04e-05	-3.00e-02	0.00	0.00e+00	1.0000	8.33e-15	25
0.750	2.83e-05	0.0	7.04e-05	-2.00e-02	0.00	0.00e+00	1.0000	8.33e-15	25
0.750	2.83e-05	0.0	7.04e-05	-1.00e-02	0.00	0.00e+00	1.0000	8.33e-15	25
0.750	2.83e-05	0.0	7.04e-05	3.47e-18	0.00	0.00e+00	1.0000	8.33e-15	25
0.750	2.83e-05	0.0	7.04e-05	1.00e-02	0.00	0.00e+00	1.0000	8.33e-15	25
0.750	2.83e-05	0.0	7.04e-05	2.00e-02	0.00	0.00e+00	1.0000	8.33e-15	25
0.750	2.83e-05	0.0	7.04e-05	3.00e-02	0.00	0.00e+00	1.0000	8.33e-15	25
0.750	2.83e-05	0.0	7.04e-05	4.00e-02	0.00	0.00e+00	1.0000	8.33e-15	25
0.740	3.53e-05	0.0	8.82e-05	-5.00e-02	0.00	0.00e+00	1.0000	8.33e-15	26
0.740	3.53e-05	0.0	8.82e-05	-4.00e-02	0.00	0.00e+00	1.0000	8.33e-15	26
0.740	3.53e-05	0.0	8.82e-05	-3.00e-02	0.00	0.00e+00	1.0000	8.33e-15	26
0.740	3.53e-05	0.0	8.82e-05	-2.00e-02	0.00	0.00e+00	1.0000	8.33e-15	26
0.740	3.53e-05	0.0	8.82e-05	-1.00e-02	0.00	0.00e+00	1.0000	8.33e-15	26
0.740	3.53e-05	0.0	8.82e-05	3.47e-18	0.00	0.00e+00	1.0000	8.33e-15	26
0.740	3.53e-05	0.0	8.82e-05	1.00e-02	0.00	0.00e+00	1.0000	8.33e-15	26
0.740	3.53e-05	0.0	8.82e-05	2.00e-02	0.00	0.00e+00	1.0000	8.33e-15	26
0.740	3.53e-05	0.0	8.82e-05	3.00e-02	0.00	0.00e+00	1.0000	8.33e-15	26
0.740	3.53e-05	0.0	8.82e-05	4.00e-02	0.00	0.00e+00	1.0000	8.33e-15	26
0.730	4.42e-05	0.0	1.09e-04	-5.00e-02	0.00	0.00e+00	1.0000	8.33e-15	27
0.730	4.42e-05	0.0	1.09e-04	-4.00e-02	0.00	0.00e+00	1.0000	8.33e-15	27
0.730	4.42e-05	0.0	1.09e-04	-3.00e-02	0.00	0.00e+00	1.0000	8.33e-15	27
0.730	4.42e-05	0.0	1.09e-04	-2.00e-02	0.00	0.00e+00	1.0000	8.33e-15	27
0.730	4.42e-05	0.0	1.09e-04	-1.00e-02	0.00	0.00e+00	1.0000	8.33e-15	27
0.730	4.42e-05	0.0	1.09e-04	3.47e-18	0.00	0.00e+00	1.0000	8.33e-15	27
0.730	4.42e-05	0.0	1.09e-04	1.00e-02	0.00	0.00e+00	1.0000	8.33e-15	27
0.730	4.42e-05	0.0	1.09e-04	2.00e-02	0.00	0.00e+00	1.0000	8.33e-15	27
0.730	4.42e-05	0.0	1.09e-04	3.00e-02	0.00	0.00e+00	1.0000	8.33e-15	27
0.730	4.42e-05	0.0	1.09e-04	4.00e-02	0.00	0.00e+00	1.0000	8.33e-15	27
0.720	5.51e-05	0.0	1.33e-04	-5.00e-02	0.00	0.00e+00	1.0000	8.33e-15	28
0.720	5.51e-05	0.0	1.33e-04	-4.00e-02	0.00	0.00e+00	1.0000	8.33e-15	28
0.720	5.51e-05	0.0	1.33e-04	-3.00e-02	0.00	0.00e+00	1.0000	8.33e-15	28
0.720	5.51e-05	0.0	1.33e-04	-2.00e-02	0.00	0.00e+00	1.0000	8.33e-15	28
0.720	5.51e-05	0.0	1.33e-04	-1.00e-02	0.00	0.00e+00	1.0000	8.33e-15	28
0.720	5.51e-05	0.0	1.33e-04	3.47e-18	0.00	0.00e+00	1.0000	8.33e-15	28
0.720	5.51e-05	0.0	1.33e-04	1.00e-02	0.00	0.00e+00	1.0000	8.33e-15	28
0.720	5.51e-05	0.0	1.33e-04	2.00e-02	0.00	0.00e+00	1.0000	8.33e-15	28
0.720	5.51e-05	0.0	1.33e-04	3.00e-02	0.00	0.00e+00	1.0000	8.33e-15	28
0.720	5.51e-05	0.0	1.33e-04	4.00e-02	0.00	0.00e+00	1.0000	8.33e-15	28
0.710	6.84e-05	0.0	1.59e-04	-5.00e-02	0.00	0.00e+00	1.0000	8.33e-15	29
0.710	6.84e-05	0.0	1.59e-04	-4.00e-02	0.00	0.00e+00	1.0000	8.33e-15	29
0.710	6.84e-05	0.0	1.59e-04	-3.00e-02	0.00	0.00e+00	1.0000	8.33e-15	29
0.710	6.84e-05	0.0	1.59e-04	-2.00e-02	0.00	0.00e+00	1.0000	8.33e-15	29
0.710	6.84e-05	0.0	1.59e-04	-1.00e-02	0.00	0.00e+00	1.0000	8.33e-15	29
0.710	6.84e-05	0.0	1.59e-04	3.47e-18	0.00	0.00e+00	1.0000	8.33e-15	29
0.710	6.84e-05	0.0	1.59e-04	1.00e-02	0.00	0.00e+00	1.0000	8.33e-15	29
0.710	6.84e-05	0.0	1.59e-04	2.00e-02	0.00	0.00e+00	1.0000	8.33e-15	29
0.710	6.84e-05	0.0	1.59e-04	3.00e-02	0.00	0.00e+00	1.0000	8.33e-15	29
0.710	6.84e-05	0.0	1.59e-04	4.00e-02	0.00	0.00e+00	1.0000	8.33e-15	29
0.700	8.43e-05	0.0	1.88e-04	-5.00e-02	0.00	0.00e+00	1.0000	8.33e-15	30
0.700	8.43e-05	0.0	1.88e-04	-4.00e-02	0.00	0.00e+00	1.0000	8.33e-15	30
0.700	8.43e-05	0.0	1.88e-04	-3.00e-02	0.00	0.00e+00	1.0000	8.33e-15	30
0.700	8.43e-05	0.0	1.88e-04	-2.00e-02	0.00	0.00e+00	1.0000	8.33e-15	30
0.700	8.43e-05	0.0	1.88e-04	-1.00e-02	0.00	0.00e+00	1.0000	8.33e-15	30
0.700	8.43e-05	0.0	1.88e-04	3.47e-18	0.00	0.00e+00	1.0000	8.33e-15	30
0.700	8.43e-05	0.0	1.88e-04	1.00e-02	0.00	0.00e+00	1.0000	8.33e-15	30
0.700	8.43e-05	0.0	1.88e-04	2.00e-02	0.00	0.00e+00	1.0000	8.33e-15	30
0.700	8.43e-05	0.0	1.88e-04	3.00e-02	0.00	0.00e+00	1.0000	8.33e-15	30
0.700	8.43e-05	0.0	1.88e-04	4.00e-02	0.00	0.00e+00	1.0000	8.33e-15	30
0.690	1.03e-04	0.0	2.17e-04	-5.00e-02	0.00	0.00e+00	1.0000	8.33e-15	31
0.690	1.03e-04	0.0	2.17e-04	-4.00e-02	0.00	0.00e+00	1.0000	8.33e-15	31
0.690	1.03e-04	0.0	2.17e-04	-3.00e-02	0.00	0.00e+00	1.0000	8.33e-15	31
0.690	1.03e-04	0.0	2.17e-04	-2.00e-02	0.00	0.00e+00	1.0000	8.33e-15	31
0.690	1.03e-04	0.0	2.17e-04	-1.00e-02	0.00	0.00e+00	1.0000	8.33e-15	31
0.690	1.03e-04	0.0	2.17e-04	3.47e-18	0.00	0.00e+00	1.0000	8.33e-15	31
0.690	1.03e-04	0.0	2.17e-04	1.00e-02	0.00	0.00e+00	1.0000	8.33e-15	31
0.690	1.03e-04	0.0	2.17e-04	2.00e-02	0.00	0.00e+00	1.0000	8.33e-15	31
0.690	1.03e-04	0.0	2.17e-04	3.00e-02	0.00	0.00e+00	1.0000	8.33e-15	31
0.690	1.03e-04	0.0	2.17e-04	4.00e-02	0.00	0.00e+00	1.0000	8.33e-15	31
0.680	1.25e-04	0.0	2.47e-04	-5.00e-02	0.00	0.00e+00	1.0000	8.33e-15	32
0.680	1.25e-04	0.0	2.47e-04	-4.00e-02	0.00	0.00e+00	1.0000	8.33e-15	32
0.680	1.25e-04	0.0	2.47e-04	-3.00e-02	0.00	0.00e+00	1.0000	8.33e-15	32
0.680	1.25e-04	0.0	2.47e-04	-2.00e-02	0.00	0.00e+00	1.0000	8.33e-15	32
0.680	1.25e-04	0.0	2.47e-04	-1.00e-02	0.00	0.00e+00	1.0000	8.33e-15	32
0.680	1.25e-04	0.0	2.47e-04	3.47e-18	0.00	0.00e+00	1.0000	8.33e-15	32
0.680	1.25e-04	0.0	2.47e-04	1.00e-02	0.00	0.00e+00	1.0000	8.33e-15	32
0.680	1.25e-04	0.0	2.47e-04	2.00e-02	0.00	0.00e+00	1.0000	8.33e-15	32
0.680	1.25e-04	0.0	2.47e-04	3.00e-02	0.00	0.00e+00	1.0000	8.33e-15	32
0.680	1.25e-04	0.0	2.47e-04	4.00e-02	0.00	0.00e+00	1.0000	8.33e-15	32
0.670	1.49e-04	0.0	2.74e-04	-5.00e-02	0.00	0.00e+00	1.0000	8.33e-15	33
0.670	1.49e-04	0.0	2.74e-04	-4.00e-02	0.00	0.00e+00	1.0000	8.33e-15	33
0.670	1.49e-04	0.0	2.74e-04	-3.00e-02	0.00	0.00e+00	1.0000	8.33e-15	33
0.670	1.49e-04	0.0	2.74e-04	-2.00e-02	0.00	0.00e+00	1.0000	8.33e-15	33
0.670	1.49e-04	0.0	2.74e-04	-1.00e-02	0.00	0.00e+00	1.0000	8.33e-15	33
0.670	1.49e-04	0.0	2.74e-04	3.47e-18	0.00	0.00e+00	1.0000	8.33e-15	33
0.670	1.49e-04	0.0	2.74e-04	1.00e-02	0.00	0.00e+00	1.0000	8.33e-15	33
0.670	1.49e-04	0.0	2.74e-04	2.00e-02	0.00	0.00e+00	1.0000	8.33e-15	33
0.670	1.49e-04	0.0	2.74e-04	3.00e-02	0.00	0.00e+00	1.0000	8.33e-15	33
0.670	1.49e-04	0.0	2.74e-04	4.00e-02	0.00	0.00e+00	1.0000	8.33e-15	33
0.660	1.77e-04	0.0	2.99e-04	-5.00e-02	0.00	0.00e+00	1.0000	8.33e-15	34
0.660	1.77e-04	0.0	2.99e-04	-4.00e-02	0.00	0.00e+00	1.0000	8.33e-15	34
0.660	1.77e-04	0.0	2.99e-04	-3.00e-02	0.00	0.00e+00	1.0000	8.33e-15	34
0.660	1.77e-04	0.0	2.99e-04	-2.00e-02	0.00	0.00e+00	1.0000	8.33e-15	34
0.660	1.77e-04	0.0	2.99e-04	-1.00e-02	0.00	0.00e+00	1.0000	8.33e-15	34
0.660	1.77e-04	0.0	2.99e-04	3.47e-18	0.00	0.00e+00	1.0000	8.33e-15	34
0.660	1.77e-04	0.0	2.99e-04	1.00e-02	0.00	0.00e+00	1.0000	8.33e-15	34
0.660	1.77e-04	0.0	2.99e-04	2.00e-02	0.00	0.00e+00	1.0000	8.33e-15	34
0.660	1.77e-04	0.0	2.99e-04	3.00e-02	0.00	0.00e+00	1.0000	8.33e-15	34
0.660	1.77e-04	0.0	2.99e-04	4.00e-02	0.00	0.00e+00	1.0000	8.33e-15	34
0.650	2.07e-04	0.0	3.17e-04	-5.00e-02	0.00	0.00e+00	1.0000	8.33e-15	35
0.650	2.07e-04	0.0	3.17e-04	-4.00e-02	0.00	0.00e+00	1.0000	8.33e-15	35
0.650	2.07e-04	0.0	3.17e-04	-3.00e-02	0.00	0.00e+00	1.0000	8.33e-15	35
0.650	2.07e-04	0.0	3.17e-04	-2.00e-02	0.00	0.00e+00	1.0000	8.33e-15	35
0.650	2.07e-04	0.0	3.17e-04	-1.00e-02	0.00	0.00e+00	1.0000	8.33e-15	35
0.650	2.07e-04	0.0	3.17e-04	3.47e-18	0.00	0.00e+00	1.0000	8.33e-15	35
0.650	2.07e-04	0.0	3.17e-04	1.00e-02	0.00	0.00e+00	1.0000	8.33e-15	35
0.650	2.07e-04	0.0	3.17e-04	2.00e-02	0.00	0.00e+00	1.0000	8.33e-15	35
0.650	2.07e-04	0.0	3.17e-04	3.00e-02	0.00	0.00e+00	1.0000	8.33e-15	35
0.650	2.07e-04	0.0	3.17e-04	4.00e-02	0.00	0.00e+00	1.0000	8.33e-15	35
0.640	2.39e-04	0.0	3.28e-04	-5.00e-02	0.00	0.00e+00	1.0000	8.33e-15	36
0.640	2.39e-04	0.0	3.28e-04	-4.00e-02	0.00	0.00e+00	1.0000	8.33e-15	36
0.640	2.39e-04	0.0	3.28e-04	-3.00e-02	0.00	0.00e+00	1.0000	8.33e-15	36
0.640	2.39e-04	0.0	3.28e-04	-2.00e-02	0.00	0.00e+00	1.0000	8.33e-15	36
0.640	2.39e-04	0.0	3.28e-04	-1.00e-02	0.00	0.00e+00	1.0000	8.33e-15	36
0.640	2.39e-04	0.0	3.28e-04	3.47e-18	0.00	0.00e+00	1.0000	8.33e-15	36
0.640	2.39e-04	0.0	3.28e-04	1.00e-02	0.00	0.00e+00	1.0000	8.33e-15	36
0.640	2.39e-04	0.0	3.28e-04	2.00e-02	0.00	0.00e+00	1.0000	8.33e-15	36
0.640	2.39e-04	0.0	3.28e-04	3.00e-02	0.00	0.00e+00	1.0000	8.33e-15	36
0.640	2.39e-04	0.0	3.28e-04	4.00e-02	0.00	0.00e+00	1.0000	8.33e-15	36
0.630	2.71e-04	0.0	3.28e-04	-5.00e-02	0.00	0.00e+00	1.0000	8.33e-15	37
0.630	2.71e-04	0.0	3.28e-04	-4.00e-02	0.00	0.00e+00	1.0000	8.33e-15	37
0.630	2.71e-04	0.0	3.28e-04	-3.00e-02	0.00	0.00e+00	1.0000	8.33e-15	37
0.630	2.71e-04	0.0	3.28e-04	-2.00e-02	0.00	0.00e+00	1.0000	8.33e-15	37
0.630	2.71e-04	0.0	3.28e-04	-1.00e-02	0.00	0.00e+00	1.0000	8.33e-15	37
0.630	2.71e-04	0.0	3.28e-04	3.47e-18	0.00	0.00e+00	1.0000	8.33e-15	37
0.630	2.71e-04	0.0	3.28e-04	1.00e-02	0.00	0.00e+00	1.0000	8.33e-15	37
0.630	2.71e-04	0.0	3.28e-04	2.00e-02	0.00	0.00e+00	1.0000	8.33e-15	37
0.630	2.71e-04	0.0	3.28e-04	3.00e-02	0.00	0.00e+00	1.0000	8.33e-15	37
0.630	2.71e-04	0.0	3.28e-04	4.00e-02	0.00	0.00e+00	1.0000	8.33e-15	37
0.620	3.04e-04	0.0	3.14e-04	-5.00e-02	0.00	0.00e+00	1.0000	8.33e-15	38
0.620	3.04e-04	0.0	3.14e-04	-4.00e-02	0.00	0.00e+00	1.0000	8.33e-15	38
0.620	3.04e-04	0.0	3.14e-04	-3.00e-02	0.00	0.00e+00	1.0000	8.33e-15	38
0.620	3.04e-04	0.0	3.14e-04	-2.00e-02	0.00	0.00e+00	1.0000	8.33e-15	38
0.620	3.04e-04	0.0	3.14e-04	-1.00e-02	0.00	0.00e+00	1.0000	8.33e-15	38
0.620	3.04e-04	0.0	3.14e-04	3.47e-18	0.00	0.00e+00	1.0000	8.33e-15	38
0.620	3.04e-04	0.0	3.14e-04	1.00e-02	0.00	0.00e+00	1.0000	8.33e-15	38
0.620	3.04e-04	0.0	3.14e-04	2.00e-02	0.00	0.00e+00	1.0000	8.33e-15	38
0.620	3.04e-04	0.0	3.14e-04	3.00e-02	0.00	0.00e+00	1.0000	8.33e-15	38
0.620	3.04e-04	0.0	3.14e-04	4.00e-02	0.00	0.00e+00	1.0000	8.33e-15	38
0.610	3.35e-04	0.0	2.84e-04	-5.00e-02	0.00	0.00e+00	1.0000	8.33e-15	39
0.610	3.35e-04	0.0	2.84e-04	-4.00e-02	0.00	0.00e+00	1.0000	8.33e-15	39
0.610	3.35e-04	0.0	2.84e-04	-3.00e-02	0.00	0.00e+00	1.0000	8.33e-15	39
0.610	3.35e-04	0.0	2.84e-04	-2.00e-02	0.00	0.00e+00	1.0000	8.33e-15	39
0.610	3.35e-04	0.0	2.84e-04	-1.00e-02	0.00	0.00e+00	1.0000	8.33e-15	39
0.610	3.35e-04	0.0	2.84e-04	3.47e-18	0.00	0.00e+00	1.0000	8.33e-15	39
0.610	3.35e-04	0.0	2.84e-04	1.00e-02	0.00	0.00e+00	1.0000	8.33e-15	39
0.610	3.35e-04	0.0	2.84e-04	2.00e-02	0.00	0.00e+00	1.0000	8.33e-15	39
0.610	3.35e-04	0.0	2.84e-04	3.00e-02	0.00	0.00e+00	1.0000	8.33e-15	39
0.610	3.35e-04	0.0	2.84e-04	4.00e-02	0.00	0.00e+00	1.0000	8.33e-15	39
0.600	3.64e-04	0.0	2.35e-04	-5.00e-02	0.00	0.00e+00	1.0000	8.33e-15	40
0.600	3.64e-04	0.0	2.35e-04	-4.00e-02	0.00	0.00e+00	1.0000	8.33e-15	40
0.600	3.64e-04	0.0	2.35e-04	-3.00e-02	0.00	0.00e+00	1.0000	8.33e-15	40
0.600	3.64e-04	0.0	2.35e-04	-2.00e-02	0.00	0.00e+00	1.0000	8.33e-15	40
0.600	3.64e-04	0.0	2.35e-04	-1.00e-02	0.00	0.00e+00	1.0000	8.33e-15	40
0.600	3.64e-04	0.0	2.35e-04	3.47e-18	0.00	0.00e+00	1.0000	8.33e-15	40
0.600	3.64e-04	0.0	2.35e-04	1.00e-02	0.00	0.00e+00	1.0000	8.33e-15	40
0.600	3.64e-04	0.0	2.35e-04	2.00e-02	0.00	0.00e+00	1.0000	8.33e-15	40
0.600	3.64e-04	0.0	2.35e-04	3.00e-02	0.00	0.00e+00	1.0000	8.33e-15	40
0.600	3.64e-04	0.0	2.35e-04	4.00e-02	0.00	0.00e+00	1.0000	8.33e-15	40
0.590	3.87e-04	0.0	1.65e-04	-5.00e-02	0.00	0.00e+00	1.0000	8.33e-15	41
0.590	3.87e-04	0.0	1.65e-04	-4.00e-02	0.00	0.00e+00	1.0000	8.33e-15	41
0.590	3.87e-04	0.0	1.65e-04	-3.00e-02	0.00	0.00e+00	1.0000	8.33e-15	41
0.590	3.87e-04	0.0	1.65e-04	-2.00e-02	0.00	0.00e+00	1.0000	8.33e-15	41
0.590	3.87e-04	0.0	1.65e-04	-1.00e-02	0.00	0.00e+00	1.0000	8.33e-15	41
0.590	3.87e-04	0.0	1.65e-04	3.47e-18	0.00	0.00e+00	1.0000	8.33e-15	41
0.590	3.87e-04	0.0	1.65e-04	1.00e-02	0.00	0.00e+00	1.0000	8.33e-15	41
0.590	3.87e-04	0.0	1.65e-04	2.00e-02	0.00	0.00e+00	1.0000	8.33e-15	41
0.590	3.87e-04	0.0	1.65e-04	3.00e-02	0.00	0.00e+00	1.0000	8.33e-15	41
0.590	3.87e-04	0.0	1.65e-04	4.00e-02	0.00	0.00e+00	1.0000	8.33e-15	41
0.580	4.04e-04	0.0	7.15e-05	-5.00e-02	0.00	0.00e+00	1.0000	8.33e-15	42
0.580	4.04e-04	0.0	7.15e-05	-4.00e-02	0.00	0.00e+00	1.0000	8.33e-15	42
0.580	4.04e-04	0.0	7.15e-05	-3.00e-02	0.00	0.00e+00	1.0000	8.33e-15	42
0.580	4.04e-04	0.0	7.15e-05	-2.00e-02	0.00	0.00e+00	1.0000	8.33e-15	42
0.580	4.04e-04	0.0	7.15e-05	-1.00e-02	0.00	0.00e+00	1.0000	8.33e-15	42
0.580	4.04e-04	0.0	7.15e-05	3.47e-18	0.00	0.00e+00	1.0000	8.33e-15	42
0.580	4.04e-04	0.0	7.15e-05	1.00e-02	0.00	0.00e+00	1.0000	8.33e-15	42
0.580	4.04e-04	0.0	7.15e-05	2.00e-02	0.00	0.00e+00	1.0000	8.33e-15	42
0.580	4.04e-04	0.0	7.15e-05	3.00e-02	0.00	0.00e+00	1.0000	8.33e-15	42
0.580	4.04e-04	0.0	7.15e-05	4.00e-02	0.00	0.00e+00	1.0000	8.33e-15	42
0.570	4.11e-04	0.0	-4.55e-05	-5.00e-02	0.00	0.00e+00	1.0000	8.33e-15	43
0.570	4.11e-04	0.0	-4.55e-05	-4.00e-02	0.00	0.00e+00	1.0000	8.33e-15	43
0.570	4.11e-04	0.0	-4.55e-05	-3.00e-02	0.00	0.00e+00	1.0000	8.33e-15	43
0.570	4.11e-04	0.0	-4.55e-05	-2.00e-02	0.00	0.00e+00	1.0000	8.33e-15	43
0.570	4.11e-04	0.0	-4.55e-05	-1.00e-02	0.00	0.00e+00	1.0000	8.33e-15	43
0.570	4.11e-04	0.0	-4.55e-05	3.47e-18	0.00	0.00e+00	1.0000	8.33e-15	43
0.570	4.11e-04	0.0	-4.55e-05	1.00e-02	0.00	0.00e+00	1.0000	8.33e-15	43
0.570	4.11e-04	0.0	-4.55e-05	2.00e-02	0.00	0.00e+00	1.0000	8.33e-15	43
0.570	4.11e-04	0.0	-4.55e-05	3.00e-02	0.00	0.00e+00	1.0000	8.33e-15	43
0.570	4.11e-04	0.0	-4.55e-05	4.00e-02	0.00	0.00e+00	1.0000	8.33e-15	43
0.560	4.06e-04	0.0	-1.87e-04	-5.00e-02	0.00	0.00e+00	1.0000	8.33e-15	44
0.560	4.06e-04	0.0	-1.87e-04	-4.00e-02	0.00	0.00e+00	1.0000	8.33e-15	44
0.560	4.06e-04	0.0	-1.87e-04	-3.00e-02	0.00	0.00e+00	1.0000	8.33e-15	44
0.560	4.06e-04	0.0	-1.87e-04	-2.00e-02	0.00	0.00e+00	1.0000	8.33e-15	44
0.560	4.06e-04	0.0	-1.87e-04	-1.00e-02	0.00	0.00e+00	1.0000	8.33e-15	44
0.560	4.06e-04	0.0	-1.87e-04	3.47e-18	0.00	0.00e+00	1.0000	8.33e-15	44
0.560	4.06e-04	0.0	-1.87e-04	1.00e-02	0.00	0.00e+00	1.0000	8.33e-15	44
0.560	4.06e-04	0.0	-1.87e-04	2.00e-02	0.00	0.00e+00	1.0000	8.33e-15	44
0.560	4.06e-04	0.0	-1.87e-04	3.00e-02	0.00	0.00e+00	1.0000	8.33e-15	44
0.560	4.06e-04	0.0	-1.87e-04	4.00e-02	0.00	0.00e+00	1.0000	8.33e-15	44
0.550	3.88e-04	0.0	-3.51e-04	-5.00e-02	0.00	0.00e+00	1.0000	8.33e-15	45
0.550	3.88e-04	0.0	-3.51e-04	-4.00e-02	0.00	0.00e+00	1.0000	8.33e-15	45
0.550	3.88e-04	0.0	-3.51e-04	-3.00e-02	0.00	0.00e+00	1.0000	8.33e-15	45
0.550	3.88e-04	0.0	-3.51e-04	-2.00e-02	0.00	0.00e+00	1.0000	8.33e-15	45
0.550	3.88e-04	0.0	-3.51e-04	-1.00e-02	0.00	0.00e+00	1.0000	8.33e-15	45
0.550	3.88e-04	0.0	-3.51e-04	3.47e-18	0.00	0.00e+00	1.0000	8.33e-15	45
0.550	3.88e-04	0.0	-3.51e-04	1.00e-02	0.00	0.00e+00	1.0000	8.33e-15	45
0.550	3.88e-04	0.0	-3.51e-04	2.00e-02	0.00	0.00e+00	1.0000	8.33e-15	45
0.550	3.88e-04	0.0	-3.51e-04	3.00e-02	0.00	0.00e+00	1.0000	8.33e-15	45
0.550	3.88e-04	0.0	-3.51e-04	4.00e-02	0.00	0.00e+00	1.0000	8.33e-15	45
0.540	3.53e-04	0.0	-5.37e-04	-5.00e-02	0.00	0.00e+00	1.0000	8.33e-15	46
0.540	3.53e-04	0.0	-5.37e-04	-4.00e-02	0.00	0.00e+00	1.0000	8.33e-15	46
0.540	3.53e-04	0.0	-5.37e-04	-3.00e-02	0.00	0.00e+00	1.0000	8.33e-15	46
0.540	3.53e-04	0.0	-5.37e-04	-2.00e-02	0.00	0.00e+00	1.0000	8.33e-15	46
0.540	3.53e-04	0.0	-5.37e-04	-1.00e-02	0.00	0.00e+00	1.0000	8.33e-15	46
0.540	3.53e-04	0.0	-5.37e-04	3.47e-18	0.00	0.00e+00	1.0000	8.33e-15	46
0.540	3.53e-04	0.0	-5.37e-04	1.00e-02	0.00	0.00e+00	1.0000	8.33e-15	46
0.540	3.53e-04	0.0	-5.37e-04	2.00e-02	0.00	0.00e+00	1.0000	8.33e-15	46
0.540	3.53e-04	0.0	-5.37e-04	3.00e-02	0.00	0.00e+00	1.0000	8.33e-15	46
0.540	3.53e-04	0.0	-5.37e-04	4.00e-02	0.00	0.00e+00	1.0000	8.33e-15	46
0.530	2.99e-04	0.0	-7.40e-04	-5.00e-02	0.00	0.00e+00	1.0000	8.33e-15	47
0.530	2.99e-04	0.0	-7.40e-04	-4.00e-02	0.00	0.00e+00	1.0000	8.33e-15	47
0.530	2.99e-04	0.0	-7.40e-04	-3.00e-02	0.00	0.00e+00	1.0000	8.33e-15	47
0.530	2.99e-04	0.0	-7.40e-04	-2.00e-02	0.00	0.00e+00	1.0000	8.33e-15	47
0.530	2.99e-04	0.0	-7.40e-04	-1.00e-02	0.00	0.00e+00	1.0000	8.33e-15	47
0.530	2.99e-04	0.0	-7.40e-04	3.47e-18	0.00	0.00e+00	1.0000	8.33e-15	47
0.530	2.99e-04	0.0	-7.40e-04	1.00e-02	0.00	0.00e+00	1.0000	8.33e-15	47
0.530	2.99e-04	0.0	-7.40e-04	2.00e-02	0.00	0.00e+00	1.0000	8.33e-15	47
0.530	2.99e-04	0.0	-7.40e-04	3.00e-02	0.00	0.00e+00	1.0000	8.33e-15	47
0.530	2.99e-04	0.0	-7.40e-04	4.00e-02	0.00	0.00e+00	1.0000	8.33e-15	47
0.520	2.25e-04	0.0	-9.55e-04	-5.00e-02	0.00	0.00e+00	1.0000	8.33e-15	48
0.520	2.25e-04	0.0	-9.55e-04	-4.00e-02	0.00	0.00e+00	1.0000	8.33e-15	48
0.520	2.25e-04	0.0	-9.55e-04	-3.00e-02	0.00	0.00e+00	1.0000	8.33e-15	48
0.520	2.25e-04	0.0	-9.55e-04	-2.00e-02	0.00	0.00e+00	1.0000	8.33e-15	48
0.520	2.25e-04	0.0	-9.55e-04	-1.00e-02	0.00	0.00e+00	1.0000	8.33e-15	48
0.520	2.25e-04	0.0	-9.55e-04	3.47e-18	0.00	0.00e+00	1.0000	8.33e-15	48
0.520	2.25e-04	0.0	-9.55e-04	1.00e-02	0.00	0.00e+00	1.0000	8.33e-15	48
0.520	2.25e-04	0.0	-9.55e-04	2.00e-02	0.00	0.00e+00	1.0000	8.33e-15	48
0.520	2.25e-04	0.0	-9.55e-04	3.00e-02	0.00	0.00e+00	1.0000	8.33e-15	48
0.520	2.25e-04	0.0	-9.55e-04	4.00e-02	0.00	0.00e+00	1.0000	8.33e-15	48
0.510	1.29e-04	0.0	-1.18e-03	-5.00e-02	0.00	0.00e+00	1.0000	8.33e-15	49
0.510	1.29e-04	0.0	-1.18e-03	-4.00e-02	0.00	0.00e+00	1.0000	8.33e-15	49
0.510	1.29e-04	0.0	-1.18e-03	-3.00e-02	0.00	0.00e+00	1.0000	8.33e-15	49
0.510	1.29e-04	0.0	-1.18e-03	-2.00e-02	0.00	0.00e+00	1.0000	8.33e-15	49
0.510	1.29e-04	0.0	-1.18e-03	-1.00e-02	0.00	0.00e+00	1.0000	8.33e-15	49
0.510	1.29e-04	0.0	-1.18e-03	3.47e-18	0.00	0.00e+00	1.0000	8.33e-15	49
0.510	1.29e-04	0.0	-1.18e-03	1.00e-02	0.00	0.00e+00	1.0000	8.33e-15	49
0.510	1.29e-04	0.0	-1.18e-03	2.00e-02	0.00	0.00e+00	1.0000	8.33e-15	49
0.510	1.29e-04	0.0	-1.18e-03	3.00e-02	0.00	0.00e+00	1.0000	8.33e-15	49
0.510	1.29e-04	0.0	-1.18e-03	4.00e-02	0.00	0.00e+00	1.0000	8.33e-15	49
0.500	1.18e-05	0.0	-1.40e-03	-5.00e-02	0.00	0.00e+00	1.0000	8.33e-15	50
0.500	1.18e-05	0.0	-1.40e-03	-4.00e-02	0.00	0.00e+00	1.0000	8.33e-15	50
0.500	1.18e-05	0.0	-1.40e-03	-3.00e-02	0.00	0.00e+00	1.0000	8.33e-15	50
0.500	1.18e-05	0.0	-1.40e-03	-2.00e-02	0.00	0.00e+00	1.0000	8.33e-15	50
0.500	1.18e-05	0.0	-1.40e-03	-1.00e-02	0.00	0.00e+00	1.0000	8.33e-15	50
0.500	1.18e-05	0.0	-1.40e-03	3.47e-18	0.00	0.00e+00	1.0000	8.33e-15	50
0.500	1.18e-05	0.0	-1.40e-03	1.00e-02	0.00	0.00e+00	1.0000	8.33e-15	50
0.500	1.18e-05	0.0	-1.40e-03	2.00e-02	0.00	0.00e+00	1.0000	8.33e-15	50
0.500	1.18e-05	0.0	-1.40e-03	3.00e-02	0.00	0.00e+00	1.0000	8.33e-15	50
0.500	1.18e-05	0.0	-1.40e-03	4.00e-02	0.00	0.00e+00	1.0000	8.33e-15	50
0.490	-1.28e-04	0.0	-1.60e-03	-5.00e-02	0.00	0.00e+00	1.0000	8.33e-15	51
0.490	-1.28e-04	0.0	-1.60e-03	-4.00e-02	0.00	0.00e+00	1.0000	8.33e-15	51
0.490	-1.28e-04	0.0	-1.60e-03	-3.00e-02	0.00	0.00e+00	1.0000	8.33e-15	51
0.490	-1.28e-04	0.0	-1.60e-03	-2.00e-02	0.00	0.00e+00	1.0000	8.33e-15	51
0.490	-1.28e-04	0.0	-1.60e-03	-1.00e-02	0.00	0.00e+00	1.0000	8.33e-15	51
0.490	-1.28e-04	0.0	-1.60e-03	3.47e-18	0.00	0.00e+00	1.0000	8.33e-15	51
0.490	-1.28e-04	0.0	-1.60e-03	1.00e-02	0.00	0.00e+00	1.0000	8.33e-15	51
0.490	-1.28e-04	0.0	-1.60e-03	2.00e-02	0.00	0.00e+00	1.0000	8.33e-15	51
0.490	-1.28e-04	0.0	-1.60e-03	3.00e-02	0.00	0.00e+00	1.0000	8.33e-15	51
0.490	-1.28e-04	0.0	-1.60e-03	4.00e-02	0.00	0.00e+00	1.0000	8.33e-15	51
0.480	-2.88e-04	0.0	-1.79e-03	-5.00e-02	0.00	0.00e+00	1.0000	8.33e-15	52
0.480	-2.88e-04	0.0	-1.79e-03	-4.00e-02	0.00	0.00e+00	1.0000	8.33e-15	52
0.480	-2.88e-04	0.0	-1.79e-03	-3.00e-02	0.00	0.00e+00	1.0000	8.33e-15	52
0.480	-2.88e-04	0.0	-1.79e-03	-2.00e-02	0.00	0.00e+00	1.0000	8.33e-15	52
0.480	-2.88e-04	0.0	-1.79e-03	-1.00e-02	0.00	0.00e+00	1.0000	8.33e-15	52
0.480	-2.88e-04	0.0	-1.79e-03	3.47e-18	0.00	0.00e+00	1.0000	8.33e-15	52
0.480	-2.88e-04	0.0	-1.79e-03	1.00e-02	0.00	0.00e+00	1.0000	8.33e-15	52
0.480	-2.88e-04	0.0	-1.79e-03	2.00e-02	0.00	0.00e+00	1.0000	8.33e-15	52
0.480	-2.88e-04	0.0	-1.79e-03	3.00e-02	0.00	0.00e+00	1.0000	8.33e-15	52
0.480	-2.88e-04	0.0	-1.79e-03	4.00e-02	0.00	0.00e+00	1.0000	8.33e-15	52
0.470	-4.67e-04	0.0	-1.94e-03	-5.00e-02	0.00	0.00e+00	1.0000	8.33e-15	53
0.470	-4.67e-04	0.0	-1.94e-03	-4.00e-02	0.00	0.00e+00	1.0000	8.33e-15	53
0.470	-4.67e-04	0.0	-1.94e-03	-3.00e-02	0.00	0.00e+00	1.0000	8.33e-15	53
0.470	-4.67e-04	0.0	-1.94e-03	-2.00e-02	0.00	0.00e+00	1.0000	8.33e-15	53
0.470	-4.67e-04	0.0	-1.94e-03	-1.00e-02	0.00	0.00e+00	1.0000	8.33e-15	53
0.470	-4.67e-04	0.0	-1.94e-03	3.47e-18	0.00	0.00e+00	1.0000	8.33e-15	53
0.470	-4.67e-04	0.0	-1.94e-03	1.00e-02	0.00	0.00e+00	1.0000	8.33e-15	53
0.470	-4.67e-04	0.0	-1.94e-03	2.00e-02	0.00	0.00e+00	1.0000	8.33e-15	53
0.470	-4.67e-04	0.0	-1.94e-03	3.00e-02	0.00	0.00e+00	1.0000	8.33e-15	53
0.470	-4.67e-04	0.0	-1.94e-03	4.00e-02	0.00	0.00e+00	1.0000	8.33e-15	53
0.460	-6.62e-04	0.0	-2.05e-03	-5.00e-02	0.00	0.00e+00	1.0000	8.33e-15	54
0.460	-6.62e-04	0.0	-2.05e-03	-4.00e-02	0.00	0.00e+00	1.0000	8.33e-15	54
0.460	-6.62e-04	0.0	-2.05e-03	-3.00e-02	0.00	0.00e+00	1.0000	8.33e-15	54
0.460	-6.62e-04	0.0	-2.05e-03	-2.00e-02	0.00	0.00e+00	1.0000	8.33e-15	54
0.460	-6.62e-04	0.0	-2.05e-03	-1.00e-02	0.00	0.00e+00	1.0000	8.33e-15	54
0.460	-6.62e-04	0.0	-2.05e-03	3.47e-18	0.00	0.00e+00	1.0000	8.33e-15	54
0.460	-6.62e-04	0.0	-2.05e-03	1.00e-02	0.00	0.00e+00	1.0000	8.33e-15	54
0.460	-6.62e-04	0.0	-2.05e-03	2.00e-02	0.00	0.00e+00	1.0000	8.33e-15	54
0.460	-6.62e-04	0.0	-2.05e-03	3.00e-02	0.00	0.00e+00	1.0000	8.33e-15	54
0.460	-6.62e-04	0.0	-2.05e-03	4.00e-02	0.00	0.00e+00	1.0000	8.33e-15	54
0.450	-8.67e-04	0.0	-2.10e-03	-5.00e-02	0.00	0.00e+00	1.0000	8.33e-15	55
0.450	-8.67e-04	0.0	-2.10e-03	-4.00e-02	0.00	0.00e+00	1.0000	8.33e-15	55
0.450	-8.67e-04	0.0	-2.10e-03	-3.00e-02	0.00	0.00e+00	1.0000	8.33e-15	55
0.450	-8.67e-04	0.0	-2.10e-03	-2.00e-02	0.00	0.00e+00	1.0000	8.33e-15	55
0.450	-8.67e-04	0.0	-2.10e-03	-1.00e-02	0.00	0.00e+00	1.0000	8.33e-15	55
0.450	-8.67e-04	0.0	-2.10e-03	3.47e-18	0.00	0.00e+00	1.0000	8.33e-15	55
0.450	-8.67e-04	0.0	-2.10e-03	1.00e-02	0.00	0.00e+00	1.0000	8.33e-15	55
0.450	-8.67e-04	0.0	-2.10e-03	2.00e-02	0.00	0.00e+00	1.0000	8.33e-15	55
0.450	-8.67e-04	0.0	-2.10e-03	3.00e-02	0.00	0.00e+00	1.0000	8.33e-15	55
0.450	-8.67e-04	0.0	-2.10e-03	4.00e-02	0.00	0.00e+00	1.0000	8.33e-15	55
0.440	-1.08e-03	0.0	-2.08e-03	-5.00e-02	0.00	0.00e+00	1.0000	8.33e-15	56
0.440	-1.08e-03	0.0	-2.08e-03	-4.00e-02	0.00	0.00e+00	1.0000	8.33e-15	56
0.440	-1.08e-03	0.0	-2.08e-03	-3.00e-02	0.00	0.00e+00	1.0000	8.33e-15	56
0.440	-1.08e-03	0.0	-2.08e-03	-2.00e-02	0.00	0.00e+00	1.0000	8.33e-15	56
0.440	-1.08e-03	0.0	-2.08e-03	-1.00e-02	0.00	0.00e+00	1.0000	8.33e-15	56
0.440	-1.08e-03	0.0	-2.08e-03	3.47e-18	0.00	0.00e+00	1.0000	8.33e-15	56
0.440	-1.08e-03	0.0	-2.08e-03	1.00e-02	0.00	0.00e+00	1.0000	8.33e-15	56
0.440	-1.08e-03	0.0	-2.08e-03	2.00e-02	0.00	0.00e+00	1.0000	8.33e-15	56
0.440	-1.08e-03	0.0	-2.08e-03	3.00e-02	0.00	0.00e+00	1.0000	8.33e-15	56
0.440	-1.08e-03	0.0	-2.08e-03	4.00e-02	0.00	0.00e+00	1.0000	8.33e-15	56
0.430	-1.29e-03	0.0	-1.99e-03	-5.00e-02	0.00	0.00e+00	1.0000	8.33e-15	57
0.430	-1.29e-03	0.0	-1.99e-03	-4.00e-02	0.00	0.00e+00	1.0000	8.33e-15	57
0.430	-1.29e-03	0.0	-1.99e-03	-3.00e-02	0.00	0.00e+00	1.0000	8.33e-15	57
0.430	-1.29e-03	0.0	-1.99e-03	-2.00e-02	0.00	0.00e+00	1.0000	8.33e-15	57
0.430	-1.29e-03	0.0	-1.99e-03	-1.00e-02	0.00	0.00e+00	1.0000	8.33e-15	57
0.430	-1.29e-03	0.0	-1.99e-03	3.47e-18	0.00	0.00e+00	1.0000	8.33e-15	57
0.430	-1.29e-03	0.0	-1.99e-03	1.00e-02	0.00	0.00e+00	1.0000	8.33e-15	57
0.430	-1.29e-03	0.0	-1.99e-03	2.00e-02	0.00	0.00e+00	1.0000	8.33e-15	57
0.430	-1.29e-03	0.0	-1.99e-03	3.00e-02	0.00	0.00e+00	1.0000	8.33e-15	57
0.430	-1.29e-03	0.0	-1.99e-03	4.00e-02	0.00	0.00e+00	1.0000	8.33e-15	57
0.420	-1.48e-03	0.0	-1.80e-03	-5.00e-02	0.00	0.00e+00	1.0000	8.33e-15	58
0.420	-1.48e-03	0.0	-1.80e-03	-4.00e-02	0.00	0.00e+00	1.0000	8.33e-15	58
0.420	-1.48e-03	0.0	-1.80e-03	-3.00e-02	0.00	0.00e+00	1.0000	8.33e-15	58
0.420	-1.48e-03	0.0	-1.80e-03	-2.00e-02	0.00	0.00e+00	1.0000	8.33e-15	58
0.420	-1.48e-03	0.0	-1.80e-03	-1.00e-02	0.00	0.00e+00	1.0000	8.33e-15	58
0.420	-1.48e-03	0.0	-1.80e-03	3.47e-18	0.00	0.00e+00	1.0000	8.33e-15	58
0.420	-1.48e-03	0.0	-1.80e-03	1.00e-02	0.00	0.00e+00	1.0000	8.33e-15	58
0.420	-1.48e-03	0.0	-1.80e-03	2.00e-02	0.00	0.00e+00	1.0000	8.33e-15	58
0.420	-1.48e-03	0.0	-1.80e-03	3.00e-02	0.00	0.00e+00	1.0000	8.33e-15	58
0.420	-1.48e-03	0.0	-1.80e-03	4.00e-02	0.00	0.00e+00	1.0000	8.33e-15	58
0.410	-1.66e-03	0.0	-1.51e-03	-5.00e-02	0.00	0.00e+00	1.0000	8.33e-15	59
0.410	-1.66e-03	0.0	-1.51e-03	-4.00e-02	0.00	0.00e+00	1.0000	8.33e-15	59
0.410	-1.66e-03	0.0	-1.51e-03	-3.00e-02	0.00	0.00e+00	1.0000	8.33e-15	59
0.410	-1.66e-03	0.0	-1.51e-03	-2.00e-02	0.00	0.00e+00	1.0000	8.33e-15	59
0.410	-1.66e-03	0.0	-1.51e-03	-1.00e-02	0.00	0.00e+00	1.0000	8.33e-15	59
0.410	-1.66e-03	0.0	-1.51e-03	3.47e-18	0.00	0.00e+00	1.0000	8.33e-15	59
0.410	-1.66e-03	0.0	-1.51e-03	1.00e-02	0.00	0.00e+00	1.0000	8.33e-15	59
0.410	-1.66e-03	0.0	-1.51e-03	2.00e-02	0.00	0.00e+00	1.0000	8.33e-15	59
0.410	-1.66e-03	0.0	-1.51e-03	3.00e-02	0.00	0.00e+00	1.0000	8.33e-15	59
0.410	-1.66e-03	0.0	-1.51e-03	4.00e-02	0.00	0.00e+00	1.0000	8.33e-15	59
0.400	-1.82e-03	0.0	-1.12e-03	-5.00e-02	0.00	0.00e+00	1.0000	8.33e-15	60
0.400	-1.82e-03	0.0	-1.12e-03	-4.00e-02	0.00	0.00e+00	1.0000	8.33e-15	60
0.400	-1.82e-03	0.0	-1.12e-03	-3.00e-02	0.00	0.00e+00	1.0000	8.33e-15	60
0.400	-1.82e-03	0.0	-1.12e-03	-2.00e-02	0.00	0.00e+00	1.0000	8.33e-15	60
0.400	-1.82e-03	0.0	-1.12e-03	-1.00e-02	0.00	0.00e+00	1.0000	8.33e-15	60
0.400	-1.82e-03	0.0	-1.12e-03	3.47e-18	0.00	0.00e+00	1.0000	8.33e-15	60
0.400	-1.82e-03	0.0	-1.12e-03	1.00e-02	0.00	0.00e+00	1.0000	8.33e-15	60
0.400	-1.82e-03	0.0	-1.12e-03	2.00e-02	0.00	0.00e+00	1.0000	8.33e-15	60
0.400	-1.82e-03	0.0	-1.12e-03	3.00e-02	0.00	0.00e+00	1.0000	8.33e-15	60
0.400	-1.82e-03	0.0	-1.12e-03	4.00e-02	0.00	0.00e+00	1.0000	8.33e-15	60
0.390	-1.93e-03	0.0	-6.33e-04	-5.00e-02	0.00	0.00e+00	1.0000	8.33e-15	61
0.390	-1.93e-03	0.0	-6.33e-04	-4.00e-02	0.00	0.00e+00	1.0000	8.33e-15	61
0.390	-1.93e-03	0.0	-6.33e-04	-3.00e-02	0.00	0.00e+00	1.0000	8.33e-15	61
0.390	-1.93e-03	0.0	-6.33e-04	-2.00e-02	0.00	0.00e+00	1.0000	8.33e-15	61
0.390	-1.93e-03	0.0	-6.33e-04	-1.00e-02	0.00	0.00e+00	1.0000	8.33e-15	61
0.390	-1.93e-03	0.0	-6.33e-04	3.47e-18	0.00	0.00e+00	1.0000	8.33e-15	61
0.390	-1.93e-03	0.0	-6.33e-04	1.00e-02	0.00	0.00e+00	1.0000	8.33e-15	61
0.390	-1.93e-03	0.0	-6.33e-04	2.00e-02	0.00	0.00e+00	1.0000	8.33e-15	61
0.390	-1.93e-03	0.0	-6.33e-04	3.00e-02	0.00	0.00e+00	1.0000	8.33e-15	61
0.390	-1.93e-03	0.0	-6.33e-04	4.00e-02	0.00	0.00e+00	1.0000	8.33e-15	61
0.380	-1.99e-03	0.0	-4.25e-05	-5.00e-02	0.00	0.00e+00	1.0000	8.33e-15	62
0.380	-1.99e-03	0.0	-4.25e-05	-4.00e-02	0.00	0.00e+00	1.0000	8.33e-15	62
0.380	-1.99e-03	0.0	-4.25e-05	-3.00e-02	0.00	0.00e+00	1.0000	8.33e-15	62
0.380	-1.99e-03	0.0	-4.25e-05	-2.00e-02	0.00	0.00e+00	1.0000	8.33e-15	62
0.380	-1.99e-03	0.0	-4.25e-05	-1.00e-02	0.00	0.00e+00	1.0000	8.33e-15	62
0.380	-1.99e-03	0.0	-4.25e-05	3.47e-18	0.00	0.00e+00	1.0000	8.33e-15	62
0.380	-1.99e-03	0.0	-4.25e-05	1.00e-02	0.00	0.00e+00	1.0000	8.33e-15	62
0.380	-1.99e-03	0.0	-4.25e-05	2.00e-02	0.00	0.00e+00	1.0000	8.33e-15	62
0.380	-1.99e-03	0.0	-4.25e-05	3.00e-02	0.00	0.00e+00	1.0000	8.33e-15	62
0.380	-1.99e-03	0.0	-4.25e-05	4.00e-02	0.00	0.00e+00	1.0000	8.33e-15	62
0.370	-2.00e-03	0.0	6.41e-04	-5.00e-02	0.00	0.00e+00	1.0000	8.33e-15	63
0.370	-2.00e-03	0.0	6.41e-04	-4.00e-02	0.00	0.00e+00	1.0000	8.33e-15	63
0.370	-2.00e-03	0.0	6.41e-04	-3.00e-02	0.00	0.00e+00	1.0000	8.33e-15	63
0.370	-2.00e-03	0.0	6.41e-04	-2.00e-02	0.00	0.00e+00	1.0000	8.33e-15	63
0.370	-2.00e-03	0.0	6.41e-04	-1.00e-02	0.00	0.00e+00	1.0000	8.33e-15	63
0.370	-2.00e-03	0.0	6.41e-04	3.47e-18	0.00	0.00e+00	1.0000	8.33e-15	63
0.370	-2.00e-03	0.0	6.41e-04	1.00e-02	0.00	0.00e+00	1.0000	8.33e-15	63
0.370	-2.00e-03	0.0	6.41e-04	2.00e-02	0.00	0.00e+00	1.0000	8.33e-15	63
0.370	-2.00e-03	0.0	6.41e-04	3.00e-02	0.00	0.00e+00	1.0000	8.33e-15	63
0.370	-2.00e-03	0.0	6.41e-04	4.00e-02	0.00	0.00e+00	1.0000	8.33e-15	63
0.360	-1.93e-03	0.0	1.41e-03	-5.00e-02	0.00	0.00e+00	1.0000	8.33e-15	64
0.360	-1.93e-03	0.0	1.41e-03	-4.00e-02	0.00	0.00e+00	1.0000	8.33e-15	64
0.360	-1.93e-03	0.0	1.41e-03	-3.00e-02	0.00	0.00e+00	1.0000	8.33e-15	64
0.360	-1.93e-03	0.0	1.41e-03	-2.00e-02	0.00	0.00e+00	1.0000	8.33e-15	64
0.360	-1.93e-03	0.0	1.41e-03	-1.00e-02	0.00	0.00e+00	1.0000	8.33e-15	64
0.360	-1.93e-03	0.0	1.41e-03	3.47e-18	0.00	0.00e+00	1.0000	8.33e-15	64
0.360	-1.93e-03	0.0	1.41e-03	1.00e-02	0.00	0.00e+00	1.0000	8.33e-15	64
0.360	-1.93e-03	0.0	1.41e-03	2.00e-02	0.00	0.00e+00	1.0000	8.33e-15	64
0.360	-1.93e-03	0.0	1.41e-03	3.00e-02	0.00	0.00e+00	1.0000	8.33e-15	64
0.360	-1.93e-03	0.0	1.41e-03	4.00e-02	0.00	0.00e+00	1.0000	8.33e-15	64
0.350	-1.79e-03	0.0	2.24e-03	-5.00e-02	0.00	0.00e+00	1.0000	8.33e-15	65
0.350	-1.79e-03	0.0	2.24e-03	-4.00e-02	0.00	0.00e+00	1.0000	8.33e-15	65
0.350	-1.79e-03	0.0	2.24e-03	-3.00e-02	0.00	0.00e+00	1.0000	8.33e-15	65
0.350	-1.79e-03	0.0	2.24e-03	-2.00e-02	0.00	0.00e+00	1.0000	8.33e-15	65
0.350	-1.79e-03	0.0	2.24e-03	-1.00e-02	0.00	0.00e+00	1.0000	8.33e-15	65
0.350	-1.79e-03	0.0	2.24e-03	3.47e-18	0.00	0.00e+00	1.0000	8.33e-15	65
0.350	-1.79e-03	0.0	2.24e-03	1.00e-02	0.00	0.00e+00	1.0000	8.33e-15	65
0.350	-1.79e-03	0.0	2.24e-03	2.00e-02	0.00	0.00e+00	1.0000	8.33e-15	65
0.350	-1.79e-03	0.0	2.24e-03	3.00e-02	0.00	0.00e+00	1.0000	8.33e-15	65
0.350	-1.79e-03	0.0	2.24e-03	4.00e-02	0.00	0.00e+00	1.0000	8.33e-15	65
0.340	-1.57e-03	0.0	3.11e-03	-5.00e-02	0.00	0.00e+00	1.0000	8.33e-15	66
0.340	-1.57e-03	0.0	3.11e-03	-4.00e-02	0.00	0.00e+00	1.0000	8.33e-15	66
0.340	-1.57e-03	0.0	3.11e-03	-3.00e-02	0.00	0.00e+00	1.0000	8.33e-15	66
0.340	-1.57e-03	0.0	3.11e-03	-2.00e-02	0.00	0.00e+00	1.0000	8.33e-15	66
0.340	-1.57e-03	0.0	3.11e-03	-1.00e-02	0.00	0.00e+00	1.0000	8.33e-15	66
0.340	-1.57e-03	0.0	3.11e-03	3.47e-18	0.00	0.00e+00	1.0000	8.33e-15	66
0.340	-1.57e-03	0.0	3.11e-03	1.00e-02	0.00	0.00e+00	1.0000	8.33e-15	66
0.340	-1.57e-03	0.0	3.11e-03	2.00e-02	0.00	0.00e+00	1.0000	8.33e-15	66
0.340	-1.57e-03	0.0	3.11e-03	3.00e-02	0.00	0.00e+00	1.0000	8.33e-15	66
0.340	-1.57e-03	0.0	3.11e-03	4.00e-02	0.00	0.00e+00	1.0000	8.33e-15	66
0.330	-1.26e-03	0.0	4.00e-03	-5.00e-02	0.00	0.00e+00	1.0000	8.33e-15	67
0.330	-1.26e-03	0.0	4.00e-03	-4.00e-02	0.00	0.00e+00	1.0000	8.33e-15	67
0.330	-1.26e-03	0.0	4.00e-03	-3.00e-02	0.00	0.00e+00	1.0000	8.33e-15	67
0.330	-1.26e-03	0.0	4.00e-03	-2.00e-02	0.00	0.00e+00	1.0000	8.33e-15	67
0.330	-1.26e-03	0.0	4.00e-03	-1.00e-02	0.00	0.00e+00	1.0000	8.33e-15	67
0.330	-1.26e-03	0.0	4.00e-03	3.47e-18	0.00	0.00e+00	1.0000	8.33e-15	67
0.330	-1.26e-03	0.0	4.00e-03	1.00e-02	0.00	0.00e+00	1.0000	8.33e-15	67
0.330	-1.26e-03	0.0	4.00e-03	2.00e-02	0.00	0.00e+00	1.0000	8.33e-15	67
0.330	-1.26e-03	0.0	4.00e-03	3.00e-02	0.00	0.00e+00	1.0000	8.33e-15	67
0.330	-1.26e-03	0.0	4.00e-03	4.00e-02	0.00	0.00e+00	1.0000	8.33e-15	67
0.320	-8.56e-04	0.0	4.88e-03	-5.00e-02	0.00	0.00e+00	1.0000	8.33e-15	68
0.320	-8.56e-04	0.0	4.88e-03	-4.00e-02	0.00	0.00e+00	1.0000	8.33e-15	68
0.320	-8.56e-04	0.0	4.88e-03	-3.00e-02	0.00	0.00e+00	1.0000	8.33e-15	68
0.320	-8.56e-04	0.0	4.88e-03	-2.00e-02	0.00	0.00e+00	1.0000	8.33e-15	68
0.320	-8.56e-04	0.0	4.88e-03	-1.00e-02	0.00	0.00e+00	1.0000	8.33e-15	68
0.320	-8.56e-04	0.0	4.88e-03	3.47e-18	0.00	0.00e+00	1.0000	8.33e-15	68
0.320	-8.56e-04	0.0	4.88e-03	1.00e-02	0.00	0.00e+00	1.0000	8.33e-15	68
0.320	-8.56e-04	0.0	4.88e-03	2.00e-02	0.00	0.00e+00	1.0000	8.33e-15	68
0.320	-8.56e-04	0.0	4.88e-03	3.00e-02	0.00	0.00e+00	1.0000	8.33e-15	68
0.320	-8.56e-04	0.0	4.88e-03	4.00e-02	0.00	0.00e+00	1.0000	8.33e-15	68
0.310	-3.68e-04	0.0	5.71e-03	-5.00e-02	0.00	0.00e+00	1.0000	8.33e-15	69
0.310	-3.68e-04	0.0	5.71e-03	-4.00e-02	0.00	0.00e+00	1.0000	8.33e-15	69
0.310	-3.68e-04	0.0	5.71e-03	-3.00e-02	0.00	0.00e+00	1.0000	8.33e-15	69
0.310	-3.68e-04	0.0	5.71e-03	-2.00e-02	0.00	0.00e+00	1.0000	8.33e-15	69
0.310	-3.68e-04	0.0	5.71e-03	-1.00e-02	0.00	0.00e+00	1.0000	8.33e-15	69
0.310	-3.68e-04	0.0	5.71e-03	3.47e-18	0.00	0.00e+00	1.0000	8.33e-15	69
0.310	-3.68e-04	0.0	5.71e-03	1.00e-02	0.00	0.00e+00	1.0000	8.33e-15	69
0.310	-3.68e-04	0.0	5.71e-03	2.00e-02	0.00	0.00e+00	1.0000	8.33e-15	69
0.310	-3.68e-04	0.0	5.71e-03	3.00e-02	0.00	0.00e+00	1.0000	8.33e-15	69
0.310	-3.68e-04	0.0	5.71e-03	4.00e-02	0.00	0.00e+00	1.0000	8.33e-15	69
0.300	2.03e-04	0.0	6.45e-03	-5.00e-02	0.00	0.00e+00	1.0000	8.33e-15	70
0.300	2.03e-04	0.0	6.45e-03	-4.00e-02	0.00	0.00e+00	1.0000	8.33e-15	70
0.300	2.03e-04	0.0	6.45e-03	-3.00e-02	0.00	0.00e+00	1.0000	8.33e-15	70
0.300	2.03e-04	0.0	6.45e-03	-2.00e-02	0.00	0.00e+00	1.0000	8.33e-15	70
0.300	2.03e-04	0.0	6.45e-03	-1.00e-02	0.00	0.00e+00	1.0000	8.33e-15	70
0.300	2.03e-04	0.0	6.45e-03	3.47e-18	0.00	0.00e+00	1.0000	8.33e-15	70
0.300	2.03e-04	0.0	6.45e-03	1.00e-02	0.00	0.00e+00	1.0000	8.33e-15	70
0.300	2.03e-04	0.0	6.45e-03	2.00e-02	0.00	0.00e+00	1.0000	8.33e-15	70
0.300	2.03e-04	0.0	6.45e-03	3.00e-02	0.00	0.00e+00	1.0000	8.33e-15	70
0.300	2.03e-04	0.0	6.45e-03	4.00e-02	0.00	0.00e+00	1.0000	8.33e-15	70
0.290	8.48e-04	0.0	7.08e-03	-5.00e-02	0.00	0.00e+00	1.0000	8.33e-15	71
0.290	8.48e-04	0.0	7.08e-03	-4.00e-02	0.00	0.00e+00	1.0000	8.33e-15	71
0.290	8.48e-04	0.0	7.08e-03	-3.00e-02	0.00	0.00e+00	1.0000	8.33e-15	71
0.290	8.48e-04	0.0	7.08e-03	-2.00e-02	0.00	0.00e+00	1.0000	8.33e-15	71
0.290	8.48e-04	0.0	7.08e-03	-1.00e-02	0.00	0.00e+00	1.0000	8.33e-15	71
0.290	8.48e-04	0.0	7.08e-03	3.47e-18	0.00	0.00e+00	1.0000	8.33e-15	71
0.290	8.48e-04	0.0	7.08e-03	1.00e-02	0.00	0.00e+00	1.0000	8.33e-15	71
0.290	8.48e-04	0.0	7.08e-03	2.00e-02	0.00	0.00e+00	1.0000	8.33e-15	71
0.290	8.48e-04	0.0	7.08e-03	3.00e-02	0.00	0.00e+00	1.0000	8.33e-15	71
0.290	8.48e-04	0.0	7.08e-03	4.00e-02	0.00	0.00e+00	1.0000	8.33e-15	71
0.280	1.56e-03	0.0	7.54e-03	-5.00e-02	0.00	0.00e+00	1.0000	8.33e-15	72
0.280	1.56e-03	0.0	7.54e-03	-4.00e-02	0.00	0.00e+00	1.0000	8.33e-15	72
0.280	1.56e-03	0.0	7.54e-03	-3.00e-02	0.00	0.00e+00	1.0000	8.33e-15	72
0.280	1.56e-03	0.0	7.54e-03	-2.00e-02	0.00	0.00e+00	1.0000	8.33e-15	72
0.280	1.56e-03	0.0	7.54e-03	-1.00e-02	0.00	0.00e+00	1.0000	8.33e-15	72
0.280	1.56e-03	0.0	7.54e-03	3.47e-18	0.00	0.00e+00	1.0000	8.33e-15	72
0.280	1.56e-03	0.0	7.54e-03	1.00e-02	0.00	0.00e+00	1.0000	8.33e-15	72
0.280	1.56e-03	0.0	7.54e-03	2.00e-02	0.00	0.00e+00	1.0000	8.33e-15	72
0.280	1.56e-03	0.0	7.54e-03	3.00e-02	0.00	0.00e+00	1.0000	8.33e-15	72
0.280	1.56e-03	0.0	7.54e-03	4.00e-02	0.00	0.00e+00	1.0000	8.33e-15	72
0.270	2.31e-03	0.0	7.80e-03	-5.00e-02	0.00	0.00e+00	1.0000	8.33e-15	73
0.270	2.31e-03	0.0	7.80e-03	-4.00e-02	0.00	0.00e+00	1.0000	8.33e-15	73
0.270	2.31e-03	0.0	7.80e-03	-3.00e-02	0.00	0.00e+00	1.0000	8.33e-15	73
0.270	2.31e-03	0.0	7.80e-03	-2.00e-02	0.00	0.00e+00	1.0000	8.33e-15	73
0.270	2.31e-03	0.0	7.80e-03	-1.00e-02	0.00	0.00e+00	1.0000	8.33e-15	73
0.270	2.31e-03	0.0	7.80e-03	3.47e-18	0.00	0.00e+00	1.0000	8.33e-15	73
0.270	2.31e-03	0.0	7.80e-03	1.00e-02	0.00	0.00e+00	1.0000	8.33e-15	73
0.270	2.31e-03	0.0	7.80e-03	2.00e-02	0.00	0.00e+00	1.0000	8.33e-15	73
0.270	2.31e-03	0.0	7.80e-03	3.00e-02	0.00	0.00e+00	1.0000	8.33e-15	73
0.270	2.31e-03	0.0	7.80e-03	4.00e-02	0.00	0.00e+00	1.0000	8.33e-15	73
0.260	3.09e-03	0.0	7.82e-03	-5.00e-02	0.00	0.00e+00	1.0000	8.33e-15	74
0.260	3.09e-03	0.0	7.82e-03	-4.00e-02	0.00	0.00e+00	1.0000	8.33e-15	74
0.260	3.09e-03	0.0	7.82e-03	-3.00e-02	0.00	0.00e+00	1.0000	8.33e-15	74
0.260	3.09e-03	0.0	7.82e-03	-2.00e-02	0.00	0.00e+00	1.0000	8.33e-15	74
0.260	3.09e-03	0.0	7.82e-03	-1.00e-02	0.00	0.00e+00	1.0000	8.33e-15	74
0.260	3.09e-03	0.0	7.82e-03	3.47e-18	0.00	0.00e+00	1.0000	8.33e-15	74
0.260	3.09e-03	0.0	7.82e-03	1.00e-02	0.00	0.00e+00	1.0000	8.33e-15	74
0.260	3.09e-03	0.0	7.82e-03	2.00e-02	0.00	0.00e+00	1.0000	8.33e-15	74
0.260	3.09e-03	0.0	7.82e-03	3.00e-02	0.00	0.00e+00	1.0000	8.33e-15	74
0.260	3.09e-03	0.0	7.82e-03	4.00e-02	0.00	0.00e+00	1.0000	8.33e-15	74
0.250	3.87e-03	0.0	7.57e-03	-5.00e-02	0.00	0.00e+00	1.0000	8.33e-15	75
0.250	3.87e-03	0.0	7.57e-03	-4.00e-02	0.00	0.00e+00	1.0000	8.33e-15	75
0.250	3.87e-03	0.0	7.57e-03	-3.00e-02	0.00	0.00e+00	1.0000	8.33e-15	75
0.250	3.87e-03	0.0	7.57e-03	-2.00e-02	0.00	0.00e+00	1.0000	8.33e-15	75
0.250	3.87e-03	0.0	7.57e-03	-1.00e-02	0.00	0.00e+00	1.0000	8.33e-15	75
0.250	3.87e-03	0.0	7.57e-03	3.47e-18	0.00	0.00e+00	1.0000	8.33e-15	75
0.250	3.87e-03	0.0	7.57e-03	1.00e-02	0.00	0.00e+00	1.0000	8.33e-15	75
0.250	3.87e-03	0.0	7.57e-03	2.00e-02	0.00	0.00e+00	1.0000	8.33e-15	75
0.250	3.87e-03	0.0	7.57e-03	3.00e-02	0.00	0.00e+00	1.0000	8.33e-15	75
0.250	3.87e-03	0.0	7.57e-03	4.00e-02	0.00	0.00e+00	1.0000	8.33e-15	75
0.240	4.63e-03	0.0	7.04e-03	-5.00e-02	0.00	0.00e+00	1.0000	8.33e-15	76
0.240	4.63e-03	0.0	7.04e-03	-4.00e-02	0.00	0.00e+00	1.0000	8.33e-15	76
0.240	4.63e-03	0.0	7.04e-03	-3.00e-02	0.00	0.00e+00	1.0000	8.33e-15	76
0.240	4.63e-03	0.0	7.04e-03	-2.00e-02	0.00	0.00e+00	1.0000	8.33e-15	76
0.240	4.63e-03	0.0	7.04e-03	-1.00e-02	0.00	0.00e+00	1.0000	8.33e-15	76
0.240	4.63e-03	0.0	7.04e-03	3.47e-18	0.00	0.00e+00	1.0000	8.33e-15	76
0.240	4.63e-03	0.0	7.04e-03	1.00e-02	0.00	0.00e+00	1.0000	8.33e-15	76
0.240	4.63e-03	0.0	7.04e-03	2.00e-02	0.00	0.00e+00	1.0000	8.33e-15	76
0.240	4.63e-03	0.0	7.04e-03	3.00e-02	0.00	0.00e+00	1.0000	8.33e-15	76
0.240	4.63e-03	0.0	7.04e-03	4.00e-02	0.00	0.00e+00	1.0000	8.33e-15	76
0.230	5.33e-03	0.0	6.19e-03	-5.00e-02	0.00	0.00e+00	1.0000	8.33e-15	77
0.230	5.33e-03	0.0	6.19e-03	-4.00e-02	0.00	0.00e+00	1.0000	8.33e-15	77
0.230	5.33e-03	0.0	6.19e-03	-3.00e-02	0.00	0.00e+00	1.0000	8.33e-15	77
0.230	5.33e-03	0.0	6.19e-03	-2.00e-02	0.00	0.00e+00	1.0000	8.33e-15	77
0.230	5.33e-03	0.0	6.19e-03	-1.00e-02	0.00	0.00e+00	1.0000	8.33e-15	77
0.230	5.33e-03	0.0	6.19e-03	3.47e-18	0.00	0.00e+00	1.0000	8.33e-15	77
0.230	5.33e-03	0.0	6.19e-03	1.00e-02	0.00	0.00e+00	1.0000	8.33e-15	77
0.230	5.33e-03	0.0	6.19e-03	2.00e-02	0.00	0.00e+00	1.0000	8.33e-15	77
0.230	5.33e-03	0.0	6.19e-03	3.00e-02	0.00	0.00e+00	1.0000	8.33e-15	77
0.230	5.33e-03	0.0	6.19e-03	4.00e-02	0.00	0.00e+00	1.0000	8.33e-15	77
0.220	5.95e-03	0.0	5.02e-03	-5.00e-02	0.00	0.00e+00	1.0000	8.33e-15	78
0.220	5.95e-03	0.0	5.02e-03	-4.00e-02	0.00	0.00e+00	1.0000	8.33e-15	78
0.220	5.95e-03	0.0	5.02e-03	-3.00e-02	0.00	0.00e+00	1.0000	8.33e-15	78
0.220	5.95e-03	0.0	5.02e-03	-2.00e-02	0.00	0.00e+00	1.0000	8.33e-15	78
0.220	5.95e-03	0.0	5.02e-03	-1.00e-02	0.00	0.00e+00	1.0000	8.33e-15	78
0.220	5.95e-03	0.0	5.02e-03	3.47e-18	0.00	0.00e+00	1.0000	8.33e-15	78
0.220	5.95e-03	0.0	5.02e-03	1.00e-02	0.00	0.00e+00	1.0000	8.33e-15	78
0.220	5.95e-03	0.0	5.02e-03	2.00e-02	0.00	0.00e+00	1.0000	8.33e-15	78
0.220	5.95e-03	0.0	5.02e-03	3.00e-02	0.00	0.00e+00	1.0000	8.33e-15	78
0.220	5.95e-03	0.0	5.02e-03	4.00e-02	0.00	0.00e+00	1.0000	8.33e-15	78
0.210	6.45e-03	0.0	3.53e-03	-5.00e-02	0.00	0.00e+00	1.0000	8.33e-15	79
0.210	6.45e-03	0.0	3.53e-03	-4.00e-02	0.00	0.00e+00	1.0000	8.33e-15	79
0.210	6.45e-03	0.0	3.53e-03	-3.00e-02	0.00	0.00e+00	1.0000	8.33e-15	79
0.210	6.45e-03	0.0	3.53e-03	-2.00e-02	0.00	0.00e+00	1.0000	8.33e-15	79
0.210	6.45e-03	0.0	3.53e-03	-1.00e-02	0.00	0.00e+00	1.0000	8.33e-15	79
0.210	6.45e-03	0.0	3.53e-03	3.47e-18	0.00	0.00e+00	1.0000	8.33e-15	79
0.210	6.45e-03	0.0	3.53e-03	1.00e-02	0.00	0.00e+00	1.0000	8.33e-15	79
0.210	6.45e-03	0.0	3.53e-03	2.00e-02	0.00	0.00e+00	1.0000	8.33e-15	79
0.210	6.45e-03	0.0	3.53e-03	3.00e-02	0.00	0.00e+00	1.0000	8.33e-15	79
0.210	6.45e-03	0.0	3.53e-03	4.00e-02	0.00	0.00e+00	1.0000	8.33e-15	79
0.200	6.80e-03	0.0	1.73e-03	-5.00e-02	0.00	0.00e+00	1.0000	8.33e-15	80
0.200	6.80e-03	0.0	1.73e-03	-4.00e-02	0.00	0.00e+00	1.0000	8.33e-15	80
0.200	6.80e-03	0.0	1.73e-03	-3.00e-02	0.00	0.00e+00	1.0000	8.33e-15	80
0.200	6.80e-03	0.0	1.73e-03	-2.00e-02	0.00	0.00e+00	1.0000	8.33e-15	80
0.200	6.80e-03	0.0	1.73e-03	-1.00e-02	0.00	0.00e+00	1.0000	8.33e-15	80
0.200	6.80e-03	0.0	1.73e-03	3.47e-18	0.00	0.00e+00	1.0000	8.33e-15	80
0.200	6.80e-03	0.0	1.73e-03	1.00e-02	0.00	0.00e+00	1.0000	8.33e-15	80
0.200	6.80e-03	0.0	1.73e-03	2.00e-02	0.00	0.00e+00	1.0000	8.33e-15	80
0.200	6.80e-03	0.0	1.73e-03	3.00e-02	0.00	0.00e+00	1.0000	8.33e-15	80
0.200	6.80e-03	0.0	1.73e-03	4.00e-02	0.00	0.00e+00	1.0000	8.33e-15	80
0.190	6.98e-03	0.0	-3.42e-04	-5.00e-02	0.00	0.00e+00	1.0000	8.33e-15	81
0.190	6.98e-03	0.0	-3.42e-04	-4.00e-02	0.00	0.00e+00	1.0000	8.33e-15	81
0.190	6.98e-03	0.0	-3.42e-04	-3.00e-02	0.00	0.00e+00	1.0000	8.33e-15	81
0.190	6.98e-03	0.0	-3.42e-04	-2.00e-02	0.00	0.00e+00	1.0000	8.33e-15	81
0.190	6.98e-03	0.0	-3.42e-04	-1.00e-02	0.00	0.00e+00	1.0000	8.33e-15	81
0.190	6.98e-03	0.0	-3.42e-04	3.47e-18	0.00	0.00e+00	1.0000	8.33e-15	81
0.190	6.98e-03	0.0	-3.42e-04	1.00e-02	0.00	0.00e+00	1.0000	8.33e-15	81
0.190	6.98e-03	0.0	-3.42e-04	2.00e-02	0.00	0.00e+00	1.0000	8.33e-15	81
0.190	6.98e-03	0.0	-3.42e-04	3.00e-02	0.00	0.00e+00	1.0000	8.33e-15	81
0.190	6.98e-03	0.0	-3.42e-04	4.00e-02	0.00	0.00e+00	1.0000	8.33e-15	81
0.180	6.94e-03	0.0	-2.66e-03	-5.00e-02	0.00	0.00e+00	1.0000	8.33e-15	82
0.180	6.94e-03	0.0	-2.66e-03	-4.00e-02	0.00	0.00e+00	1.0000	8.33e-15	82
0.180	6.94e-03	0.0	-2.66e-03	-3.00e-02	0.00	0.00e+00	1.0000	8.33e-15	82
0.180	6.94e-03	0.0	-2.66e-03	-2.00e-02	0.00	0.00e+00	1.0000	8.33e-15	82
0.180	6.94e-03	0.0	-2.66e-03	-1.00e-02	0.00	0.00e+00	1.0000	8.33e-15	82
0.180	6.94e-03	0.0	-2.66e-03	3.47e-18	0.00	0.00e+00	1.0000	8.33e-15	82
0.180	6.94e-03	0.0	-2.66e-03	1.00e-02	0.00	0.00e+00	1.0000	8.33e-15	82
0.180	6.94e-03	0.0	-2.66e-03	2.00e-02	0.00	0.00e+00	1.0000	8.33e-15	82
0.180	6.94e-03	0.0	-2.66e-03	3.00e-02	0.00	0.00e+00	1.0000	8.33e-15	82
0.180	6.94e-03	0.0	-2.66e-03	4.00e-02	0.00	0.00e+00	1.0000	8.33e-15	82
0.170	6.68e-03	0.0	-5.16e-03	-5.00e-02	0.00	0.00e+00	1.0000	8.33e-15	83
0.170	6.68e-03	0.0	-5.16e-03	-4.00e-02	0.00	0.00e+00	1.0000	8.33e-15	83
0.170	6.68e-03	0.0	-5.16e-03	-3.00e-02	0.00	0.00e+00	1.0000	8.33e-15	83
0.170	6.68e-03	0.0	-5.16e-03	-2.00e-02	0.00	0.00e+00	1.0000	8.33e-15	83
0.170	6.68e-03	0.0	-5.16e-03	-1.00e-02	0.00	0.00e+00	1.0000	8.33e-15	83
0.170	6.68e-03	0.0	-5.16e-03	3.47e-18	0.00	0.00e+00	1.0000	8.33e-15	83
0.170	6.68e-03	0.0	-5.16e-03	1.00e-02	0.00	0.00e+00	1.0000	8.33e-15	83
0.170	6.68e-03	0.0	-5.16e-03	2.00e-02	0.00	0.00e+00	1.0000	8.33e-15	83
0.170	6.68e-03	0.0	-5.16e-03	3.00e-02	0.00	0.00e+00	1.0000	8.33e-15	83
0.170	6.68e-03	0.0	-5.16e-03	4.00e-02	0.00	0.00e+00	1.0000	8.33e-15	83
0.160	6.16e-03	0.0	-7.80e-03	-5.00e-02	0.00	0.00e+00	1.0000	8.33e-15	84
0.160	6.16e-03	0.0	-7.80e-03	-4.00e-02	0.00	0.00e+00	1.0000	8.33e-15	84
0.160	6.16e-03	0.0	-7.80e-03	-3.00e-02	0.00	0.00e+00	1.0000	8.33e-15	84
0.160	6.16e-03	0.0	-7.80e-03	-2.00e-02	0.00	0.00e+00	1.0000	8.33e-15	84
0.160	6.16e-03	0.0	-7.80e-03	-1.00e-02	0.00	0.00e+00	1.0000	8.33e-15	84
0.160	6.16e-03	0.0	-7.80e-03	3.47e-18	0.00	0.00e+00	1.0000	8.33e-15	84
0.160	6.16e-03	0.0	-7.80e-03	1.00e-02	0.00	0.00e+00	1.0000	8.33e-15	84
0.160	6.16e-03	0.0	-7.80e-03	2.00e-02	0.00	0.00e+00	1.0000	8.33e-15	84
0.160	6.16e-03	0.0	-7.80e-03	3.00e-02	0.00	0.00e+00	1.0000	8.33e-15	84
0.160	6.16e-03	0.0	-7.80e-03	4.00e-02	0.00	0.00e+00	1.0000	8.33e-15	84
0.150	5.38e-03	0.0	-1.05e-02	-5.00e-02	0.00	0.00e+00	1.0000	8.33e-15	85
0.150	5.38e-03	0.0	-1.05e-02	-4.00e-02	0.00	0.00e+00	1.0000	8.33e-15	85
0.150	5.38e-03	0.0	-1.05e-02	-3.00e-02	0.00	0.00e+00	1.0000	8.33e-15	85
0.150	5.38e-03	0.0	-1.05e-02	-2.00e-02	0.00	0.00e+00	1.0000	8.33e-15	85
0.150	5.38e-03	0.0	-1.05e-02	-1.00e-02	0.00	0.00e+00	1.0000	8.33e-15	85
0.150	5.38e-03	0.0	-1.05e-02	3.47e-18	0.00	0.00e+00	1.0000	8.33e-15	85
0.150	5.38e-03	0.0	-1.05e-02	1.00e-02	0.00	0.00e+00	1.0000	8.33e-15	85
0.150	5.38e-03	0.0	-1.05e-02	2.00e-02	0.00	0.00e+00	1.0000	8.33e-15	85
0.150	5.38e-03	0.0	-1.05e-02	3.00e-02	0.00	0.00e+00	1.0000	8.33e-15	85
0.150	5.38e-03	0.0	-1.05e-02	4.00e-02	0.00	0.00e+00	1.0000	8.33e-15	85
0.140	4.33e-03	0.0	-1.31e-02	-5.00e-02	0.00	0.00e+00	1.0000	8.33e-15	86
0.140	4.33e-03	0.0	-1.31e-02	-4.00e-02	0.00	0.00e+00	1.0000	8.33e-15	86
0.140	4.33e-03	0.0	-1.31e-02	-3.00e-02	0.00	0.00e+00	1.0000	8.33e-15	86
0.140	4.33e-03	0.0	-1.31e-02	-2.00e-02	0.00	0.00e+00	1.0000	8.33e-15	86
0.140	4.33e-03	0.0	-1.31e-02	-1.00e-02	0.00	0.00e+00	1.0000	8.33e-15	86
0.140	4.33e-03	0.0	-1.31e-02	3.47e-18	0.00	0.00e+00	1.0000	8.33e-15	86
0.140	4.33e-03	0.0	-1.31e-02	1.00e-02	0.00	0.00e+00	1.0000	8.33e-15	86
0.140	4.33e-03	0.0	-1.31e-02	2.00e-02	0.00	0.00e+00	1.0000	8.33e-15	86
0.140	4.33e-03	0.0	-1.31e-02	3.00e-02	0.00	0.00e+00	1.0000	8.33e-15	86
0.140	4.33e-03	0.0	-1.31e-02	4.00e-02	0.00	0.00e+00	1.0000	8.33e-15	86
0.130	3.02e-03	0.0	-1.56e-02	-5.00e-02	0.00	0.00e+00	1.0000	8.33e-15	87
0.130	3.02e-03	0.0	-1.56e-02	-4.00e-02	0.00	0.00e+00	1.0000	8.33e-15	87
0.130	3.02e-03	0.0	-1.56e-02	-3.00e-02	0.00	0.00e+00	1.0000	8.33e-15	87
0.130	3.02e-03	0.0	-1.56e-02	-2.00e-02	0.00	0.00e+00	1.0000	8.33e-15	87
0.130	3.02e-03	0.0	-1.56e-02	-1.00e-02	0.00	0.00e+00	1.0000	8.33e-15	87
0.130	3.02e-03	0.0	-1.56e-02	3.47e-18	0.00	0.00e+00	1.0000	8.33e-15	87
0.130	3.02e-03	0.0	-1.56e-02	1.00e-02	0.00	0.00e+00	1.0000	8.33e-15	87
0.130	3.02e-03	0.0	-1.56e-02	2.00e-02	0.00	0.00e+00	1.0000	8.33e-15	87
0.130	3.02e-03	0.0	-1.56e-02	3.00e-02	0.00	0.00e+00	1.0000	8.33e-15	87
0.130	3.02e-03	0.0	-1.56e-02	4.00e-02	0.00	0.00e+00	1.0000	8.33e-15	87
0.120	1.46e-03	0.0	-1.79e-02	-5.00e-02	0.00	0.00e+00	1.0000	8.33e-15	88
0.120	1.46e-03	0.0	-1.79e-02	-4.00e-02	0.00	0.00e+00	1.0000	8.33e-15	88
0.120	1.46e-03	0.0	-1.79e-02	-3.00e-02	0.00	0.00e+00	1.0000	8.33e-15	88
0.120	1.46e-03	0.0	-1.79e-02	-2.00e-02	0.00	0.00e+00	1.0000	8.33e-15	88
0.120	1.46e-03	0.0	-1.79e-02	-1.00e-02	0.00	0.00e+00	1.0000	8.33e-15	88
0.120	1.46e-03	0.0	-1.79e-02	3.47e-18	0.00	0.00e+00	1.0000	8.33e-15	88
0.120	1.46e-03	0.0	-1.79e-02	1.00e-02	0.00	0.00e+00	1.0000	8.33e-15	88
0.120	1.46e-03	0.0	-1.79e-02	2.00e-02	0.00	0.00e+00	1.0000	8.33e-15	88
0.120	1.46e-03	0.0	-1.79e-02	3.00e-02	0.00	0.00e+00	1.0000	8.33e-15	88
0.120	1.46e-03	0.0	-1.79e-02	4.00e-02	0.00	0.00e+00	1.0000	8.33e-15	88
0.110	-3.35e-04	0.0	-1.99e-02	-5.00e-02	0.00	0.00e+00	1.0000	8.33e-15	89
0.110	-3.35e-04	0.0	-1.99e-02	-4.00e-02	0.00	0.00e+00	1.0000	8.33e-15	89
0.110	-3.35e-04	0.0	-1.99e-02	-3.00e-02	0.00	0.00e+00	1.0000	8.33e-15	89
0.110	-3.35e-04	0.0	-1.99e-02	-2.00e-02	0.00	0.00e+00	1.0000	8.33e-15	89
0.110	-3.35e-04	0.0	-1.99e-02	-1.00e-02	0.00	0.00e+00	1.0000	8.33e-15	89
0.110	-3.35e-04	0.0	-1.99e-02	3.47e-18	0.00	0.00e+00	1.0000	8.33e-15	89
0.110	-3.35e-04	0.0	-1.99e-02	1.00e-02	0.00	0.00e+00	1.0000	8.33e-15	89
0.110	-3.35e-04	0.0	-1.99e-02	2.00e-02	0.00	0.00e+00	1.0000	8.33e-15	89
0.110	-3.35e-04	0.0	-1.99e-02	3.00e-02	0.00	0.00e+00	1.0000	8.33e-15	89
0.110	-3.35e-04	0.0	-1.99e-02	4.00e-02	0.00	0.00e+00	1.0000	8.33e-15	89
0.100	-2.32e-03	0.0	-2.14e-02	-5.00e-02	0.00	0.00e+00	1.0000	8.33e-15	90
0.100	-2.32e-03	0.0	-2.14e-02	-4.00e-02	0.00	0.00e+00	1.0000	8.33e-15	90
0.100	-2.32e-03	0.0	-2.14e-02	-3.00e-02	0.00	0.00e+00	1.0000	8.33e-15	90
0.100	-2.32e-03	0.0	-2.14e-02	-2.00e-02	0.00	0.00e+00	1.0000	8.33e-15	90
0.100	-2.32e-03	0.0	-2.14e-02	-1.00e-02	0.00	0.00e+00	1.0000	8.33e-15	90
0.100	-2.32e-03	0.0	-2.14e-02	3.47e-18	0.00	0.00e+00	1.0000	8.33e-15	90
0.100	-2.32e-03	0.0	-2.14e-02	1.00e-02	0.00	0.00e+00	1.0000	8.33e-15	90
0.100	-2.32e-03	0.0	-2.14e-02	2.00e-02	0.00	0.00e+00	1.0000	8.33e-15	90
0.100	-2.32e-03	0.0	-2.14e-02	3.00e-02	0.00	0.00e+00	1.0000	8.33e-15	90
0.100	-2.32e-03	0.0	-2.14e-02	4.00e-02	0.00	0.00e+00	1.0000	8.33e-15	90
0.090	-4.46e-03	0.0	-2.24e-02	-5.00e-02	0.00	0.00e+00	1.0000	8.33e-15	91
0.090	-4.46e-03	0.0	-2.24e-02	-4.00e-02	0.00	0.00e+00	1.0000	8.33e-15	91
0.090	-4.46e-03	0.0	-2.24e-02	-3.00e-02	0.00	0.00e+00	1.0000	8.33e-15	91
0.090	-4.46e-03	0.0	-2.24e-02	-2.00e-02	0.00	0.00e+00	1.0000	8.33e-15	91
0.090	-4.46e-03	0.0	-2.24e-02	-1.00e-02	0.00	0.00e+00	1.0000	8.33e-15	91
0.090	-4.46e-03	0.0	-2.24e-02	3.47e-18	0.00	0.00e+00	1.0000	8.33e-15	91
0.090	-4.46e-03	0.0	-2.24e-02	1.00e-02	0.00	0.00e+00	1.0000	8.33e-15	91
0.090	-4.46e-03	0.0	-2.24e-02	2.00e-02	0.00	0.00e+00	1.0000	8.33e-15	91
0.090	-4.46e-03	0.0	-2.24e-02	3.00e-02	0.00	0.00e+00	1.0000	8.33e-15	91
0.090	-4.46e-03	0.0	-2.24e-02	4.00e-02	0.00	0.00e+00	1.0000	8.33e-15	91
0.080	-6.70e-03	0.0	-2.28e-02	-5.00e-02	0.00	0.00e+00	1.0000	8.33e-15	92
0.080	-6.70e-03	0.0	-2.28e-02	-4.00e-02	0.00	0.00e+00	1.0000	8.33e-15	92
0.080	-6.70e-03	0.0	-2.28e-02	-3.00e-02	0.00	0.00e+00	1.0000	8.33e-15	92
0.080	-6.70e-03	0.0	-2.28e-02	-2.00e-02	0.00	0.00e+00	1.0000	8.33e-15	92
0.080	-6.70e-03	0.0	-2.28e-02	-1.00e-02	0.00	0.00e+00	1.0000	8.33e-15	92
0.080	-6.70e-03	0.0	-2.28e-02	3.47e-18	0.00	0.00e+00	1.0000	8.33e-15	92
0.080	-6.70e-03	0.0	-2.28e-02	1.00e-02	0.00	0.00e+00	1.0000	8.33e-15	92
0.080	-6.70e-03	0.0	-2.28e-02	2.00e-02	0.00	0.00e+00	1.0000	8.33e-15	92
0.080	-6.70e-03	0.0	-2.28e-02	3.00e-02	0.00	0.00e+00	1.0000	8.33e-15	92
0.080	-6.70e-03	0.0	-2.28e-02	4.00e-02	0.00	0.00e+00	1.0000	8.33e-15	92
0.070	-8.98e-03	0.0	-2.25e-02	-5.00e-02	0.00	0.00e+00	1.0000	8.33e-15	93
0.070	-8.98e-03	0.0	-2.25e-02	-4.00e-02	0.00	0.00e+00	1.0000	8.33e-15	93
0.070	-8.98e-03	0.0	-2.25e-02	-3.00e-02	0.00	0.00e+00	1.0000	8.33e-15	93
0.070	-8.98e-03	0.0	-2.25e-02	-2.00e-02	0.00	0.00e+00	1.0000	8.33e-15	93
0.070	-8.98e-03	0.0	-2.25e-02	-1.00e-02	0.00	0.00e+00	1.0000	8.33e-15	93
0.070	-8.98e-03	0.0	-2.25e-02	3.47e-18	0.00	0.00e+00	1.0000	8.33e-15	93
0.070	-8.98e-03	0.0	-2.25e-02	1.00e-02	0.00	0.00e+00	1.0000	8.33e-15	93
0.070	-8.98e-03	0.0	-2.25e-02	2.00e-02	0.00	0.00e+00	1.0000	8.33e-15	93
0.070	-8.98e-03	0.0	-2.25e-02	3.00e-02	0.00	0.00e+00	1.0000	8.33e-15	93
0.070	-8.98e-03	0.0	-2.25e-02	4.00e-02	0.00	0.00e+00	1.0000	8.33e-15	93
0.060	-1.12e-02	0.0	-2.14e-02	-5.00e-02	0.00	0.00e+00	1.0000	8.33e-15	94
0.060	-1.12e-02	0.0	-2.14e-02	-4.00e-02	0.00	0.00e+00	1.0000	8.33e-15	94
0.060	-1.12e-02	0.0	-2.14e-02	-3.00e-02	0.00	0.00e+00	1.0000	8.33e-15	94
0.060	-1.12e-02	0.0	-2.14e-02	-2.00e-02	0.00	0.00e+00	1.0000	8.33e-15	94
0.060	-1.12e-02	0.0	-2.14e-02	-1.00e-02	0.00	0.00e+00	1.0000	8.33e-15	94
0.060	-1.12e-02	0.0	-2.14e-02	3.47e-18	0.00	0.00e+00	1.0000	8.33e-15	94
0.060	-1.12e-02	0.0	-2.14e-02	1.00e-02	0.00	0.00e+00	1.0000	8.33e-15	94
0.060	-1.12e-02	0.0	-2.14e-02	2.00e-02	0.00	0.00e+00	1.0000	8.33e-15	94
0.060	-1.12e-02	0.0	-2.14e-02	3.00e-02	0.00	0.00e+00	1.0000	8.33e-15	94
0.060	-1.12e-02	0.0	-2.14e-02	4.00e-02	0.00	0.00e+00	1.0000	8.33e-15	94
0.050	-1.34e-02	0.0	-1.95e-02	-5.00e-02	0.00	0.00e+00	1.0000	8.33e-15	95
0.050	-1.34e-02	0.0	-1.95e-02	-4.00e-02	0.00	0.00e+00	1.0000	8.33e-15	95
0.050	-1.34e-02	0.0	-1.95e-02	-3.00e-02	0.00	0.00e+00	1.0000	8.33e-15	95
0.050	-1.34e-02	0.0	-1.95e-02	-2.00e-02	0.00	0.00e+00	1.0000	8.33e-15	95
0.050	-1.34e-02	0.0	-1.95e-02	-1.00e-02	0.00	0.00e+00	1.0000	8.33e-15	95
0.050	-1.34e-02	0.0	-1.95e-02	3.47e-18	0.00	0.00e+00	1.0000	8.33e-15	95
0.050	-1.34e-02	0.0	-1.95e-02	1.00e-02	0.00	0.00e+00	1.0000	8.33e-15	95
0.050	-1.34e-02	0.0	-1.95e-02	2.00e-02	0.00	0.00e+00	1.0000	8.33e-15	95
0.050	-1.34e-02	0.0	-1.95e-02	3.00e-02	0.00	0.00e+00	1.0000	8.33e-15	95
0.050	-1.34e-02	0.0	-1.95e-02	4.00e-02	0.00	0.00e+00	1.0000	8.33e-15	95
0.040	-1.53e-02	0.0	-1.68e-02	-5.00e-02	0.00	0.00e+00	1.0000	8.33e-15	96
0.040	-1.53e-02	0.0	-1.68e-02	-4.00e-02	0.00	0.00e+00	1.0000	8.33e-15	96
0.040	-1.53e-02	0.0	-1.68e-02	-3.00e-02	0.00	0.00e+00	1.0000	8.33e-15	96
0.040	-1.53e-02	0.0	-1.68e-02	-2.00e-02	0.00	0.00e+00	1.0000	8.33e-15	96
0.040	-1.53e-02	0.0	-1.68e-02	-1.00e-02	0.00	0.00e+00	1.0000	8.33e-15	96
0.040	-1.53e-02	0.0	-1.68e-02	3.47e-18	0.00	0.00e+00	1.0000	8.33e-15	96
0.040	-1.53e-02	0.0	-1.68e-02	1.00e-02	0.00	0.00e+00	1.0000	8.33e-15	96
0.040	-1.53e-02	0.0	-1.68e-02	2.00e-02	0.00	0.00e+00	1.0000	8.33e-15	96
0.040	-1.53e-02	0.0	-1.68e-02	3.00e-02	0.00	0.00e+00	1.0000	8.33e-15	96
0.040	-1.53e-02	0.0	-1.68e-02	4.00e-02	0.00	0.00e+00	1.0000	8.33e-15	96
0.030	-1.70e-02	0.0	-1.33e-02	-5.00e-02	0.00	0.00e+00	1.0000	8.33e-15	97
0.030	-1.70e-02	0.0	-1.33e-02	-4.00e-02	0.00	0.00e+00	1.0000	8.33e-15	97
0.030	-1.70e-02	0.0	-1.33e-02	-3.00e-02	0.00	0.00e+00	1.0000	8.33e-15	97
0.030	-1.70e-02	0.0	-1.33e-02	-2.00e-02	0.00	0.00e+00	1.0000	8.33e-15	97
0.030	-1.70e-02	0.0	-1.33e-02	-1.00e-02	0.00	0.00e+00	1.0000	8.33e-15	97
0.030	-1.70e-02	0.0	-1.33e-02	3.47e-18	0.00	0.00e+00	1.0000	8.33e-15	97
0.030	-1.70e-02	0.0	-1.33e-02	1.00e-02	0.00	0.00e+00	1.0000	8.33e-15	97
0.030	-1.70e-02	0.0	-1.33e-02	2.00e-02	0.00	0.00e+00	1.0000	8.33e-15	97
0.030	-1.70e-02	0.0	-1.33e-02	3.00e-02	0.00	0.00e+00	1.0000	8.33e-15	97
0.030	-1.70e-02	0.0	-1.33e-02	4.00e-02	0.00	0.00e+00	1.0000	8.33e-15	97
0.020	-1.83e-02	0.0	-9.08e-03	-5.00e-02	0.00	0.00e+00	1.0000	8.33e-15	98
0.020	-1.83e-02	0.0	-9.08e-03	-4.00e-02	0.00	0.00e+00	1.0000	8.33e-15	98
0.020	-1.83e-02	0.0	-9.08e-03	-3.00e-02	0.00	0.00e+00	1.0000	8.33e-15	98
0.020	-1.83e-02	0.0	-9.08e-03	-2.00e-02	0.00	0.00e+00	1.0000	8.33e-15	98
0.020	-1.83e-02	0.0	-9.08e-03	-1.00e-02	0.00	0.00e+00	1.0000	8.33e-15	98
0.020	-1.83e-02	0.0	-9.08e-03	3.47e-18	0.00	0.00e+00	1.0000	8.33e-15	98
0.020	-1.83e-02	0.0	-9.08e-03	1.00e-02	0.00	0.00e+00	1.0000	8.33e-15	98
0.020	-1.83e-02	0.0	-9.08e-03	2.00e-02	0.00	0.00e+00	1.0000	8.33e-15	98
0.020	-1.83e-02	0.0	-9.08e-03	3.00e-02	0.00	0.00e+00	1.0000	8.33e-15	98
0.020	-1.83e-02	0.0	-9.08e-03	4.00e-02	0.00	0.00e+00	1.0000	8.33e-15	98
0.010	-1.92e-02	0.0	-4.16e-03	-5.00e-02	0.00	0.00e+00	1.0000	8.33e-15	99
0.010	-1.92e-02	0.0	-4.16e-03	-4.00e-02	0.00	0.00e+00	1.0000	8.33e-15	99
0.010	-1.92e-02	0.0	-4.16e-03	-3.00e-02	0.00	0.00e+00	1.0000	8.33e-15	99
0.010	-1.92e-02	0.0	-4.16e-03	-2.00e-02	0.00	0.00e+00	1.0000	8.33e-15	99
0.010	-1.92e-02	0.0	-4.16e-03	-1.00e-02	0.00	0.00e+00	1.0000	8.33e-15	99
0.010	-1.92e-02	0.0	-4.16e-03	3.47e-18	0.00	0.00e+00	1.0000	8.33e-15	99
0.010	-1.92e-02	0.0	-4.16e-03	1.00e-02	0.00	0.00e+00	1.0000	8.33e-15	99
0.010	-1.92e-02	0.0	-4.16e-03	2.00e-02	0.00	0.00e+00	1.0000	8.33e-15	99
0.010	-1.92e-02	0.0	-4.16e-03	3.00e-02	0.00	0.00e+00	1.0000	8.33e-15	99
0.010	-1.92e-02	0.0	-4.16e-03	4.00e-02	0.00	0.00e+00	1.0000	8.33e-15	99
