1.000	0.00e+00	0.0	0.00e+00	-5.00e-02	0.00	0.00e+00	0.7000	8.33e-15	0
1.000	0.00e+00	0.0	0.00e+00	-4.00e-02	0.00	0.00e+00	0.7000	8.33e-15	0
1.000	0.00e+00	0.0	0.00e+00	-3.00e-02	0.00	0.00e+00	0.7000	8.33e-15	0
1.000	0.00e+00	0.0	0.00e+00	-2.00e-02	0.00	0.00e+00	0.7000	8.33e-15	0
1.000	0.00e+00	0.0	0.00e+00	-1.00e-02	0.00	0.00e+00	0.7000	8.33e-15	0
1.000	0.00e+00	0.0	0.00e+00	3.47e-18	0.00	0.00e+00	0.7000	8.33e-15	0
1.000	0.00e+00	0.0	0.00e+00	1.00e-02	0.00	0.00e+00	0.7000	8.33e-15	0
1.000	0.00e+00	0.0	0.00e+00	2.00e-02	0.00	0.00e+00	0.7000	8.33e-15	0
1.000	0.00e+00	0.0	0.00e+00	3.00e-02	0.00	0.00e+00	0.7000	8.33e-15	0
1.000	0.00e+00	0.0	0.00e+00	4.00e-02	0.00	0.00e+00	0.7000	8.33e-15	0
0.990	0.00e+00	0.0	-3.97e-07	-5.00e-02	0.00	0.00e+00	0.7000	8.33e-15	1
0.990	0.00e+00	0.0	-3.97e-07	-4.00e-02	0.00	0.00e+00	0.7000	8.33e-15	1
0.990	0.00e+00	0.0	-3.97e-07	-3.00e-02	0.00	0.00e+00	0.7000	8.33e-15	1
0.990	0.00e+00	0.0	-3.97e-07	-2.00e-02	0.00	0.00e+00	0.7000	8.33e-15	1
0.990	0.00e+00	0.0	-3.97e-07	-1.00e-02	0.00	0.00e+00	0.7000	8.33e-15	1
0.990	0.00e+00	0.0	-3.97e-07	3.47e-18	0.00	0.00e+00	0.7000	8.33e-15	1
0.990	0.00e+00	0.0	-3.97e-07	1.00e-02	0.00	0.00e+00	0.7000	8.33e-15	1
0.990	0.00e+00	0.0	-3.97e-07	2.00e-02	0.00	0.00e+00	0.7000	8.33e-15	1
0.990	0.00e+00	0.0	-3.97e-07	3.00e-02	0.00	0.00e+00	0.7000	8.33e-15	1
0.990	0.00e+00	0.0	-3.97e-07	4.00e-02	0.00	0.00e+00	0.7000	8.33e-15	1
0.980	-3.97e-08	0.0	1.77e-06	-5.00e-02	0.00	0.00e+00	0.7000	8.33e-15	2
0.980	-3.97e-08	0.0	1.77e-06	-4.00e-02	0.00	0.00e+00	0.7000	8.33e-15	2
0.980	-3.97e-08	0.0	1.77e-06	-3.00e-02	0.00	0.00e+00	0.7000	8.33e-15	2
0.980	-3.97e-08	0.0	1.77e-06	-2.00e-02	0.00	0.00e+00	0.7000	8.33e-15	2
0.980	-3.97e-08	0.0	1.77e-06	-1.00e-02	0.00	0.00e+00	0.7000	8.33e-15	2
0.980	-3.97e-08	0.0	1.77e-06	3.47e-18	0.00	0.00e+00	0.7000	8.33e-15	2
0.980	-3.97e-08	0.0	1.77e-06	1.00e-02	0.00	0.00e+00	0.7000	8.33e-15	2
0.980	-3.97e-08	0.0	1.77e-06	2.00e-02	0.00	0.00e+00	0.7000	8.33e-15	2
0.980	-3.97e-08	0.0	1.77e-06	3.00e-02	0.00	0.00e+00	0.7000	8.33e-15	2
0.980	-3.97e-08	0.0	1.77e-06	4.00e-02	0.00	0.00e+00	0.7000	8.33e-15	2
0.970	1.38e-07	0.0	6.60e-06	-5.00e-02	0.00	0.00e+00	0.7000	8.33e-15	3
0.970	1.38e-07	0.0	6.60e-06	-4.00e-02	0.00	0.00e+00	0.7000	8.33e-15	3
0.970	1.38e-07	0.0	6.60e-06	-3.00e-02	0.00	0.00e+00	0.7000	8.33e-15	3
0.970	1.38e-07	0.0	6.60e-06	-2.00e-02	0.00	0.00e+00	0.7000	8.33e-15	3
0.970	1.38e-07	0.0	6.60e-06	-1.00e-02	0.00	0.00e+00	0.7000	8.33e-15	3
0.970	1.38e-07	0.0	6.60e-06	3.47e-18	0.00	0.00e+00	0.7000	8.33e-15	3
0.970	1.38e-07	0.0	6.60e-06	1.00e-02	0.00	0.00e+00	0.7000	8.33e-15	3
0.970	1.38e-07	0.0	6.60e-06	2.00e-02	0.00	0.00e+00	0.7000	8.33e-15	3
0.970	1.38e-07	0.0	6.60e-06	3.00e-02	0.00	0.00e+00	0.7000	8.33e-15	3
0.970	1.38e-07	0.0	6.60e-06	4.00e-02	0.00	0.00e+00	0.7000	8.33e-15	3
0.960	7.98e-07	0.0	1.38e-05	-5.00e-02	0.00	0.00e+00	0.7000	8.33e-15	4
0.960	7.98e-07	0.0	1.38e-05	-4.00e-02	0.00	0.00e+00	0.7000	8.33e-15	4
0.960	7.98e-07	0.0	1.38e-05	-3.00e-02	0.00	0.00e+00	0.7000	8.33e-15	4
0.960	7.98e-07	0.0	1.38e-05	-2.00e-02	0.00	0.00e+00	0.7000	8.33e-15	4
0.960	7.98e-07	0.0	1.38e-05	-1.00e-02	0.00	0.00e+00	0.7000	8.33e-15	4
0.960	7.98e-07	0.0	1.38e-05	3.47e-18	0.00	0.00e+00	0.7000	8.33e-15	4
0.960	7.98e-07	0.0	1.38e-05	1.00e-02	0.00	0.00e+00	0.7000	8.33e-15	4
0.960	7.98e-07	0.0	1.38e-05	2.00e-02	0.00	0.00e+00	0.7000	8.33e-15	4
0.960	7.98e-07	0.0	1.38e-05	3.00e-02	0.00	0.00e+00	0.7000	8.33e-15	4
0.960	7.98e-07	0.0	1.38e-05	4.00e-02	0.00	0.00e+00	0.7000	8.33e-15	4
0.950	2.18e-06	0.0	2.31e-05	-5.00e-02	0.00	0.00e+00	0.7000	8.33e-15	5
0.950	2.18e-06	0.0	2.31e-05	-4.00e-02	0.00	0.00e+00	0.7000	8.33e-15	5
0.950	2.18e-06	0.0	2.31e-05	-3.00e-02	0.00	0.00e+00	0.7000	8.33e-15	5
0.950	2.18e-06	0.0	2.31e-05	-2.00e-02	0.00	0.00e+00	0.7000	8.33e-15	5
0.950	2.18e-06	0.0	2.31e-05	-1.00e-02	0.00	0.00e+00	0.7000	8.33e-15	5
0.950	2.18e-06	0.0	2.31e-05	3.47e-18	0.00	0.00e+00	0.7000	8.33e-15	5
0.950	2.18e-06	0.0	2.31e-05	1.00e-02	0.00	0.00e+00	0.7000	8.33e-15	5
0.950	2.18e-06	0.0	2.31e-05	2.00e-02	0.00	0.00e+00	0.7000	8.33e-15	5
0.950	2.18e-06	0.0	2.31e-05	3.00e-02	0.00	0.00e+00	0.7000	8.33e-15	5
0.950	2.18e-06	0.0	2.31e-05	4.00e-02	0.00	0.00e+00	0.7000	8.33e-15	5
0.940	4.49e-06	0.0	3.38e-05	-5.00e-02	0.00	0.00e+00	0.7000	8.33e-15	6
0.940	4.49e-06	0.0	3.38e-05	-4.00e-02	0.00	0.00e+00	0.7000	8.33e-15	6
0.940	4.49e-06	0.0	3.38e-05	-3.00e-02	0.00	0.00e+00	0.7000	8.33e-15	6
0.940	4.49e-06	0.0	3.38e-05	-2.00e-02	0.00	0.00e+00	0.7000	8.33e-15	6
0.940	4.49e-06	0.0	3.38e-05	-1.00e-02	0.00	0.00e+00	0.7000	8.33e-15	6
0.940	4.49e-06	0.0	3.38e-05	3.47e-18	0.00	0.00e+00	0.7000	8.33e-15	6
0.940	4.49e-06	0.0	3.38e-05	1.00e-02	0.00	0.00e+00	0.7000	8.33e-15	6
0.940	4.49e-06	0.0	3.38e-05	2.00e-02	0.00	0.00e+00	0.7000	8.33e-15	6
0.940	4.49e-06	0.0	3.38e-05	3.00e-02	0.00	0.00e+00	0.7000	8.33e-15	6
0.940	4.49e-06	0.0	3.38e-05	4.00e-02	0.00	0.00e+00	0.7000	8.33e-15	6
0.930	7.87e-06	0.0	4.55e-05	-5.00e-02	0.00	0.00e+00	0.7000	8.33e-15	7
0.930	7.87e-06	0.0	4.55e-05	-4.00e-02	0.00	0.00e+00	0.7000	8.33e-15	7
0.930	7.87e-06	0.0	4.55e-05	-3.00e-02	0.00	0.00e+00	0.7000	8.33e-15	7
0.930	7.87e-06	0.0	4.55e-05	-2.00e-02	0.00	0.00e+00	0.7000	8.33e-15	7
0.930	7.87e-06	0.0	4.55e-05	-1.00e-02	0.00	0.00e+00	0.7000	8.33e-15	7
0.930	7.87e-06	0.0	4.55e-05	3.47e-18	0.00	0.00e+00	0.7000	8.33e-15	7
0.930	7.87e-06	0.0	4.55e-05	1.00e-02	0.00	0.00e+00	0.7000	8.33e-15	7
0.930	7.87e-06	0.0	4.55e-05	2.00e-02	0.00	0.00e+00	0.7000	8.33e-15	7
0.930	7.87e-06	0.0	4.55e-05	3.00e-02	0.00	0.00e+00	0.7000	8.33e-15	7
0.930	7.87e-06	0.0	4.55e-05	4.00e-02	0.00	0.00e+00	0.7000	8.33e-15	7
0.920	1.24e-05	0.0	5.73e-05	-5.00e-02	0.00	0.00e+00	0.7000	8.33e-15	8
0.920	1.24e-05	0.0	5.73e-05	-4.00e-02	0.00	0.00e+00	0.7000	8.33e-15	8
0.920	1.24e-05	0.0	5.73e-05	-3.00e-02	0.00	0.00e+00	0.7000	8.33e-15	8
0.920	1.24e-05	0.0	5.73e-05	-2.00e-02	0.00	0.00e+00	0.7000	8.33e-15	8
0.920	1.24e-05	0.0	5.73e-05	-1.00e-02	0.00	0.00e+00	0.7000	8.33e-15	8
0.920	1.24e-05	0.0	5.73e-05	3.47e-18	0.00	0.00e+00	0.7000	8.33e-15	8
0.920	1.24e-05	0.0	5.73e-05	1.00e-02	0.00	0.00e+00	0.7000	8.33e-15	8
0.920	1.24e-05	0.0	5.73e-05	2.00e-02	0.00	0.00e+00	0.7000	8.33e-15	8
0.920	1.24e-05	0.0	5.73e-05	3.00e-02	0.00	0.00e+00	0.7000	8.33e-15	8
0.920	1.24e-05	0.0	5.73e-05	4.00e-02	0.00	0.00e+00	0.7000	8.33e-15	8
0.910	1.81e-05	0.0	6.86e-05	-5.00e-02	0.00	0.00e+00	0.7000	8.33e-15	9
0.910	1.81e-05	0.0	6.86e-05	-4.00e-02	0.00	0.00e+00	0.7000	8.33e-15	9
0.910	1.81e-05	0.0	6.86e-05	-3.00e-02	0.00	0.00e+00	0.7000	8.33e-15	9
0.910	1.81e-05	0.0	6.86e-05	-2.00e-02	0.00	0.00e+00	0.7000	8.33e-15	9
0.910	1.81e-05	0.0	6.86e-05	-1.00e-02	0.00	0.00e+00	0.7000	8.33e-15	9
0.910	1.81e-05	0.0	6.86e-05	3.47e-18	0.00	0.00e+00	0.7000	8.33e-15	9
0.910	1.81e-05	0.0	6.86e-05	1.00e-02	0.00	0.00e+00	0.7000	8.33e-15	9
0.910	1.81e-05	0.0	6.86e-05	2.00e-02	0.00	0.00e+00	0.7000	8.33e-15	9
0.910	1.81e-05	0.0	6.86e-05	3.00e-02	0.00	0.00e+00	0.7000	8.33e-15	9
0.910	1.81e-05	0.0	6.86e-05	4.00e-02	0.00	0.00e+00	0.7000	8.33e-15	9
0.900	2.50e-05	0.0	7.86e-05	-5.00e-02	0.00	0.00e+00	0.7000	8.33e-15	10
0.900	2.50e-05	0.0	7.86e-05	-4.00e-02	0.00	0.00e+00	0.7000	8.33e-15	10
0.900	2.50e-05	0.0	7.86e-05	-3.00e-02	0.00	0.00e+00	0.7000	8.33e-15	10
0.900	2.50e-05	0.0	7.86e-05	-2.00e-02	0.00	0.00e+00	0.7000	8.33e-15	10
0.900	2.50e-05	0.0	7.86e-05	-1.00e-02	0.00	0.00e+00	0.7000	8.33e-15	10
0.900	2.50e-05	0.0	7.86e-05	3.47e-18	0.00	0.00e+00	0.7000	8.33e-15	10
0.900	2.50e-05	0.0	7.86e-05	1.00e-02	0.00	0.00e+00	0.7000	8.33e-15	10
0.900	2.50e-05	0.0	7.86e-05	2.00e-02	0.00	0.00e+00	0.7000	8.33e-15	10
0.900	2.50e-05	0.0	7.86e-05	3.00e-02	0.00	0.00e+00	0.7000	8.33e-15	10
0.900	2.50e-05	0.0	7.86e-05	4.00e-02	0.00	0.00e+00	0.7000	8.33e-15	10
0.890	3.29e-05	0.0	8.64e-05	-5.00e-02	0.00	0.00e+00	0.7000	8.33e-15	11
0.890	3.29e-05	0.0	8.64e-05	-4.00e-02	0.00	0.00e+00	0.7000	8.33e-15	11
0.890	3.29e-05	0.0	8.64e-05	-3.00e-02	0.00	0.00e+00	0.7000	8.33e-15	11
0.890	3.29e-05	0.0	8.64e-05	-2.00e-02	0.00	0.00e+00	0.7000	8.33e-15	11
0.890	3.29e-05	0.0	8.64e-05	-1.00e-02	0.00	0.00e+00	0.7000	8.33e-15	11
0.890	3.29e-05	0.0	8.64e-05	3.47e-18	0.00	0.00e+00	0.7000	8.33e-15	11
0.890	3.29e-05	0.0	8.64e-05	1.00e-02	0.00	0.00e+00	0.7000	8.33e-15	11
0.890	3.29e-05	0.0	8.64e-05	2.00e-02	0.00	0.00e+00	0.7000	8.33e-15	11
0.890	3.29e-05	0.0	8.64e-05	3.00e-02	0.00	0.00e+00	0.7000	8.33e-15	11
0.890	3.29e-05	0.0	8.64e-05	4.00e-02	0.00	0.00e+00	0.7000	8.33e-15	11
0.880	4.15e-05	0.0	9.14e-05	-5.00e-02	0.00	0.00e+00	0.7000	8.33e-15	12
0.880	4.15e-05	0.0	9.14e-05	-4.00e-02	0.00	0.00e+00	0.7000	8.33e-15	12
0.880	4.15e-05	0.0	9.14e-05	-3.00e-02	0.00	0.00e+00	0.7000	8.33e-15	12
0.880	4.15e-05	0.0	9.14e-05	-2.00e-02	0.00	0.00e+00	0.7000	8.33e-15	12
0.880	4.15e-05	0.0	9.14e-05	-1.00e-02	0.00	0.00e+00	0.7000	8.33e-15	12
0.880	4.15e-05	0.0	9.14e-05	3.47e-18	0.00	0.00e+00	0.7000	8.33e-15	12
0.880	4.15e-05	0.0	9.14e-05	1.00e-02	0.00	0.00e+00	0.7000	8.33e-15	12
0.880	4.15e-05	0.0	9.14e-05	2.00e-02	0.00	0.00e+00	0.7000	8.33e-15	12
0.880	4.15e-05	0.0	9.14e-05	3.00e-02	0.00	0.00e+00	0.7000	8.33e-15	12
0.880	4.15e-05	0.0	9.14e-05	4.00e-02	0.00	0.00e+00	0.7000	8.33e-15	12
0.870	5.06e-05	0.0	9.28e-05	-5.00e-02	0.00	0.00e+00	0.7000	8.33e-15	13
0.870	5.06e-05	0.0	9.28e-05	-4.00e-02	0.00	0.00e+00	0.7000	8.33e-15	13
0.870	5.06e-05	0.0	9.28e-05	-3.00e-02	0.00	0.00e+00	0.7000	8.33e-15	13
0.870	5.06e-05	0.0	9.28e-05	-2.00e-02	0.00	0.00e+00	0.7000	8.33e-15	13
0.870	5.06e-05	0.0	9.28e-05	-1.00e-02	0.00	0.00e+00	0.7000	8.33e-15	13
0.870	5.06e-05	0.0	9.28e-05	3.47e-18	0.00	0.00e+00	0.7000	8.33e-15	13
0.870	5.06e-05	0.0	9.28e-05	1.00e-02	0.00	0.00e+00	0.7000	8.33e-15	13
0.870	5.06e-05	0.0	9.28e-05	2.00e-02	0.00	0.00e+00	0.7000	8.33e-15	13
0.870	5.06e-05	0.0	9.28e-05	3.00e-02	0.00	0.00e+00	0.7000	8.33e-15	13
0.870	5.06e-05	0.0	9.28e-05	4.00e-02	0.00	0.00e+00	0.7000	8.33e-15	13
0.860	5.99e-05	0.0	9.03e-05	-5.00e-02	0.00	0.00e+00	0.7000	8.33e-15	14
0.860	5.99e-05	0.0	9.03e-05	-4.00e-02	0.00	0.00e+00	0.7000	8.33e-15	14
0.860	5.99e-05	0.0	9.03e-05	-3.00e-02	0.00	0.00e+00	0.7000	8.33e-15	14
0.860	5.99e-05	0.0	9.03e-05	-2.00e-02	0.00	0.00e+00	0.7000	8.33e-15	14
0.860	5.99e-05	0.0	9.03e-05	-1.00e-02	0.00	0.00e+00	0.7000	8.33e-15	14
0.860	5.99e-05	0.0	9.03e-05	3.47e-18	0.00	0.00e+00	0.7000	8.33e-15	14
0.860	5.99e-05	0.0	9.03e-05	1.00e-02	0.00	0.00e+00	0.7000	8.33e-15	14
0.860	5.99e-05	0.0	9.03e-05	2.00e-02	0.00	0.00e+00	0.7000	8.33e-15	14
0.860	5.99e-05	0.0	9.03e-05	3.00e-02	0.00	0.00e+00	0.7000	8.33e-15	14
0.860	5.99e-05	0.0	9.03e-05	4.00e-02	0.00	0.00e+00	0.7000	8.33e-15	14
0.850	6.90e-05	0.0	8.34e-05	-5.00e-02	0.00	0.00e+00	0.7000	8.33e-15	15
0.850	6.90e-05	0.0	8.34e-05	-4.00e-02	0.00	0.00e+00	0.7000	8.33e-15	15
0.850	6.90e-05	0.0	8.34e-05	-3.00e-02	0.00	0.00e+00	0.7000	8.33e-15	15
0.850	6.90e-05	0.0	8.34e-05	-2.00e-02	0.00	0.00e+00	0.7000	8.33e-15	15
0.850	6.90e-05	0.0	8.34e-05	-1.00e-02	0.00	0.00e+00	0.7000	8.33e-15	15
0.850	6.90e-05	0.0	8.34e-05	3.47e-18	0.00	0.00e+00	0.7000	8.33e-15	15
0.850	6.90e-05	0.0	8.34e-05	1.00e-02	0.00	0.00e+00	0.7000	8.33e-15	15
0.850	6.90e-05	0.0	8.34e-05	2.00e-02	0.00	0.00e+00	0.7000	8.33e-15	15
0.850	6.90e-05	0.0	8.34e-05	3.00e-02	0.00	0.00e+00	0.7000	8.33e-15	15
0.850	6.90e-05	0.0	8.34e-05	4.00e-02	0.00	0.00e+00	0.7000	8.33e-15	15
0.840	7.73e-05	0.0	7.20e-05	-5.00e-02	0.00	0.00e+00	0.7000	8.33e-15	16
0.840	7.73e-05	0.0	7.20e-05	-4.00e-02	0.00	0.00e+00	0.7000	8.33e-15	16
0.840	7.73e-05	0.0	7.20e-05	-3.00e-02	0.00	0.00e+00	0.7000	8.33e-15	16
0.840	7.73e-05	0.0	7.20e-05	-2.00e-02	0.00	0.00e+00	0.7000	8.33e-15	16
0.840	7.73e-05	0.0	7.20e-05	-1.00e-02	0.00	0.00e+00	0.7000	8.33e-15	16
0.840	7.73e-05	0.0	7.20e-05	3.47e-18	0.00	0.00e+00	0.7000	8.33e-15	16
0.840	7.73e-05	0.0	7.20e-05	1.00e-02	0.00	0.00e+00	0.7000	8.33e-15	16
0.840	7.73e-05	0.0	7.20e-05	2.00e-02	0.00	0.00e+00	0.7000	8.33e-15	16
0.840	7.73e-05	0.0	7.20e-05	3.00e-02	0.00	0.00e+00	0.7000	8.33e-15	16
0.840	7.73e-05	0.0	7.20e-05	4.00e-02	0.00	0.00e+00	0.7000	8.33e-15	16
0.830	8.45e-05	0.0	5.61e-05	-5.00e-02	0.00	0.00e+00	0.7000	8.33e-15	17
0.830	8.45e-05	0.0	5.61e-05	-4.00e-02	0.00	0.00e+00	0.7000	8.33e-15	17
0.830	8.45e-05	0.0	5.61e-05	-3.00e-02	0.00	0.00e+00	0.7000	8.33e-15	17
0.830	8.45e-05	0.0	5.61e-05	-2.00e-02	0.00	0.00e+00	0.7000	8.33e-15	17
0.830	8.45e-05	0.0	5.61e-05	-1.00e-02	0.00	0.00e+00	0.7000	8.33e-15	17
0.830	8.45e-05	0.0	5.61e-05	3.47e-18	0.00	0.00e+00	0.7000	8.33e-15	17
0.830	8.45e-05	0.0	5.61e-05	1.00e-02	0.00	0.00e+00	0.7000	8.33e-15	17
0.830	8.45e-05	0.0	5.61e-05	2.00e-02	0.00	0.00e+00	0.7000	8.33e-15	17
0.830	8.45e-05	0.0	5.61e-05	3.00e-02	0.00	0.00e+00	0.7000	8.33e-15	17
0.830	8.45e-05	0.0	5.61e-05	4.00e-02	0.00	0.00e+00	0.7000	8.33e-15	17
0.820	9.01e-05	0.0	3.58e-05	-5.00e-02	0.00	0.00e+00	0.7000	8.33e-15	18
0.820	9.01e-05	0.0	3.58e-05	-4.00e-02	0.00	0.00e+00	0.7000	8.33e-15	18
0.820	9.01e-05	0.0	3.58e-05	-3.00e-02	0.00	0.00e+00	0.7000	8.33e-15	18
0.820	9.01e-05	0.0	3.58e-05	-2.00e-02	0.00	0.00e+00	0.7000	8.33e-15	18
0.820	9.01e-05	0.0	3.58e-05	-1.00e-02	0.00	0.00e+00	0.7000	8.33e-15	18
0.820	9.01e-05	0.0	3.58e-05	3.47e-18	0.00	0.00e+00	0.7000	8.33e-15	18
0.820	9.01e-05	0.0	3.58e-05	1.00e-02	0.00	0.00e+00	0.7000	8.33e-15	18
0.820	9.01e-05	0.0	3.58e-05	2.00e-02	0.00	0.00e+00	0.7000	8.33e-15	18
0.820	9.01e-05	0.0	3.58e-05	3.00e-02	0.00	0.00e+00	0.7000	8.33e-15	18
0.820	9.01e-05	0.0	3.58e-05	4.00e-02	0.00	0.00e+00	0.7000	8.33e-15	18
0.810	9.37e-05	0.0	1.17e-05	-5.00e-02	0.00	0.00e+00	0.7000	8.33e-15	19
0.810	9.37e-05	0.0	1.17e-05	-4.00e-02	0.00	0.00e+00	0.7000	8.33e-15	19
0.810	9.37e-05	0.0	1.17e-05	-3.00e-02	0.00	0.00e+00	0.7000	8.33e-15	19
0.810	9.37e-05	0.0	1.17e-05	-2.00e-02	0.00	0.00e+00	0.7000	8.33e-15	19
0.810	9.37e-05	0.0	1.17e-05	-1.00e-02	0.00	0.00e+00	0.7000	8.33e-15	19
0.810	9.37e-05	0.0	1.17e-05	3.47e-18	0.00	0.00e+00	0.7000	8.33e-15	19
0.810	9.37e-05	0.0	1.17e-05	1.00e-02	0.00	0.00e+00	0.7000	8.33e-15	19
0.810	9.37e-05	0.0	1.17e-05	2.00e-02	0.00	0.00e+00	0.7000	8.33e-15	19
0.810	9.37e-05	0.0	1.17e-05	3.00e-02	0.00	0.00e+00	0.7000	8.33e-15	19
0.810	9.37e-05	0.0	1.17e-05	4.00e-02	0.00	0.00e+00	0.7000	8.33e-15	19
0.800	9.49e-05	0.0	-1.56e-05	-5.00e-02	0.00	0.00e+00	0.7000	8.33e-15	20
0.800	9.49e-05	0.0	-1.56e-05	-4.00e-02	0.00	0.00e+00	0.7000	8.33e-15	20
0.800	9.49e-05	0.0	-1.56e-05	-3.00e-02	0.00	0.00e+00	0.7000	8.33e-15	20
0.800	9.49e-05	0.0	-1.56e-05	-2.00e-02	0.00	0.00e+00	0.7000	8.33e-15	20
0.800	9.49e-05	0.0	-1.56e-05	-1.00e-02	0.00	0.00e+00	0.7000	8.33e-15	20
0.800	9.49e-05	0.0	-1.56e-05	3.47e-18	0.00	0.00e+00	0.7000	8.33e-15	20
0.800	9.49e-05	0.0	-1.56e-05	1.00e-02	0.00	0.00e+00	0.7000	8.33e-15	20
0.800	9.49e-05	0.0	-1.56e-05	2.00e-02	0.00	0.00e+00	0.7000	8.33e-15	20
0.800	9.49e-05	0.0	-1.56e-05	3.00e-02	0.00	0.00e+00	0.7000	8.33e-15	20
0.800	9.49e-05	0.0	-1.56e-05	4.00e-02	0.00	0.00e+00	0.7000	8.33e-15	20
0.790	9.33e-05	0.0	-4.53e-05	-5.00e-02	0.00	0.00e+00	0.7000	8.33e-15	21
0.790	9.33e-05	0.0	-4.53e-05	-4.00e-02	0.00	0.00e+00	0.7000	8.33e-15	21
0.790	9.33e-05	0.0	-4.53e-05	-3.00e-02	0.00	0.00e+00	0.7000	8.33e-15	21
0.790	9.33e-05	0.0	-4.53e-05	-2.00e-02	0.00	0.00e+00	0.7000	8.33e-15	21
0.790	9.33e-05	0.0	-4.53e-05	-1.00e-02	0.00	0.00e+00	0.7000	8.33e-15	21
0.790	9.33e-05	0.0	-4.53e-05	3.47e-18	0.00	0.00e+00	0.7000	8.33e-15	21
0.790	9.33e-05	0.0	-4.53e-05	1.00e-02	0.00	0.00e+00	0.7000	8.33e-15	21
0.790	9.33e-05	0.0	-4.53e-05	2.00e-02	0.00	0.00e+00	0.7000	8.33e-15	21
0.790	9.33e-05	0.0	-4.53e-05	3.00e-02	0.00	0.00e+00	0.7000	8.33e-15	21
0.790	9.33e-05	0.0	-4.53e-05	4.00e-02	0.00	0.00e+00	0.7000	8.33e-15	21
0.780	8.88e-05	0.0	-7.64e-05	-5.00e-02	0.00	0.00e+00	0.7000	8.33e-15	22
0.780	8.88e-05	0.0	-7.64e-05	-4.00e-02	0.00	0.00e+00	0.7000	8.33e-15	22
0.780	8.88e-05	0.0	-7.64e-05	-3.00e-02	0.00	0.00e+00	0.7000	8.33e-15	22
0.780	8.88e-05	0.0	-7.64e-05	-2.00e-02	0.00	0.00e+00	0.7000	8.33e-15	22
0.780	8.88e-05	0.0	-7.64e-05	-1.00e-02	0.00	0.00e+00	0.7000	8.33e-15	22
0.780	8.88e-05	0.0	-7.64e-05	3.47e-18	0.00	0.00e+00	0.7000	8.33e-15	22
0.780	8.88e-05	0.0	-7.64e-05	1.00e-02	0.00	0.00e+00	0.7000	8.33e-15	22
0.780	8.88e-05	0.0	-7.64e-05	2.00e-02	0.00	0.00e+00	0.7000	8.33e-15	22
0.780	8.88e-05	0.0	-7.64e-05	3.00e-02	0.00	0.00e+00	0.7000	8.33e-15	22
0.780	8.88e-05	0.0	-7.64e-05	4.00e-02	0.00	0.00e+00	0.7000	8.33e-15	22
0.770	8.11e-05	0.0	-1.08e-04	-5.00e-02	0.00	0.00e+00	0.7000	8.33e-15	23
0.770	8.11e-05	0.0	-1.08e-04	-4.00e-02	0.00	0.00e+00	0.7000	8.33e-15	23
0.770	8.11e-05	0.0	-1.08e-04	-3.00e-02	0.00	0.00e+00	0.7000	8.33e-15	23
0.770	8.11e-05	0.0	-1.08e-04	-2.00e-02	0.00	0.00e+00	0.7000	8.33e-15	23
0.770	8.11e-05	0.0	-1.08e-04	-1.00e-02	0.00	0.00e+00	0.7000	8.33e-15	23
0.770	8.11e-05	0.0	-1.08e-04	3.47e-18	0.00	0.00e+00	0.7000	8.33e-15	23
0.770	8.11e-05	0.0	-1.08e-04	1.00e-02	0.00	0.00e+00	0.7000	8.33e-15	23
0.770	8.11e-05	0.0	-1.08e-04	2.00e-02	0.00	0.00e+00	0.7000	8.33e-15	23
0.770	8.11e-05	0.0	-1.08e-04	3.00e-02	0.00	0.00e+00	0.7000	8.33e-15	23
0.770	8.11e-05	0.0	-1.08e-04	4.00e-02	0.00	0.00e+00	0.7000	8.33e-15	23
0.760	7.04e-05	0.0	-1.38e-04	-5.00e-02	0.00	0.00e+00	0.7000	8.33e-15	24
0.760	7.04e-05	0.0	-1.38e-04	-4.00e-02	0.00	0.00e+00	0.7000	8.33e-15	24
0.760	7.04e-05	0.0	-1.38e-04	-3.00e-02	0.00	0.00e+00	0.7000	8.33e-15	24
0.760	7.04e-05	0.0	-1.38e-04	-2.00e-02	0.00	0.00e+00	0.7000	8.33e-15	24
0.760	7.04e-05	0.0	-1.38e-04	-1.00e-02	0.00	0.00e+00	0.7000	8.33e-15	24
0.760	7.04e-05	0.0	-1.38e-04	3.47e-18	0.00	0.00e+00	0.7000	8.33e-15	24
0.760	7.04e-05	0.0	-1.38e-04	1.00e-02	0.00	0.00e+00	0.7000	8.33e-15	24
0.760	7.04e-05	0.0	-1.38e-04	2.00e-02	0.00	0.00e+00	0.7000	8.33e-15	24
0.760	7.04e-05	0.0	-1.38e-04	3.00e-02	0.00	0.00e+00	0.7000	8.33e-15	24
0.760	7.04e-05	0.0	-1.38e-04	4.00e-02	0.00	0.00e+00	0.7000	8.33e-15	24
0.750	5.65e-05	0.0	-1.66e-04	-5.00e-02	0.00	0.00e+00	0.7000	8.33e-15	25
0.750	5.65e-05	0.0	-1.66e-04	-4.00e-02	0.00	0.00e+00	0.7000	8.33e-15	25
0.750	5.65e-05	0.0	-1.66e-04	-3.00e-02	0.00	0.00e+00	0.7000	8.33e-15	25
0.750	5.65e-05	0.0	-1.66e-04	-2.00e-02	0.00	0.00e+00	0.7000	8.33e-15	25
0.750	5.65e-05	0.0	-1.66e-04	-1.00e-02	0.00	0.00e+00	0.7000	8.33e-15	25
0.750	5.65e-05	0.0	-1.66e-04	3.47e-18	0.00	0.00e+00	0.7000	8.33e-15	25
0.750	5.65e-05	0.0	-1.66e-04	1.00e-02	0.00	0.00e+00	0.7000	8.33e-15	25
0.750	5.65e-05	0.0	-1.66e-04	2.00e-02	0.00	0.00e+00	0.7000	8.33e-15	25
0.750	5.65e-05	0.0	-1.66e-04	3.00e-02	0.00	0.00e+00	0.7000	8.33e-15	25
0.750	5.65e-05	0.0	-1.66e-04	4.00e-02	0.00	0.00e+00	0.7000	8.33e-15	25
0.740	3.99e-05	0.0	-1.91e-04	-5.00e-02	0.00	0.00e+00	0.7000	8.33e-15	26
0.740	3.99e-05	0.0	-1.91e-04	-4.00e-02	0.00	0.00e+00	0.7000	8.33e-15	26
0.740	3.99e-05	0.0	-1.91e-04	-3.00e-02	0.00	0.00e+00	0.7000	8.33e-15	26
0.740	3.99e-05	0.0	-1.91e-04	-2.00e-02	0.00	0.00e+00	0.7000	8.33e-15	26
0.740	3.99e-05	0.0	-1.91e-04	-1.00e-02	0.00	0.00e+00	0.7000	8.33e-15	26
0.740	3.99e-05	0.0	-1.91e-04	3.47e-18	0.00	0.00e+00	0.7000	8.33e-15	26
0.740	3.99e-05	0.0	-1.91e-04	1.00e-02	0.00	0.00e+00	0.7000	8.33e-15	26
0.740	3.99e-05	0.0	-1.91e-04	2.00e-02	0.00	0.00e+00	0.7000	8.33e-15	26
0.740	3.99e-05	0.0	-1.91e-04	3.00e-02	0.00	0.00e+00	0.7000	8.33e-15	26
0.740	3.99e-05	0.0	-1.91e-04	4.00e-02	0.00	0.00e+00	0.7000	8.33e-15	26
0.730	2.09e-05	0.0	-2.10e-04	-5.00e-02	0.00	0.00e+00	0.7000	8.33e-15	27
0.730	2.09e-05	0.0	-2.10e-04	-4.00e-02	0.00	0.00e+00	0.7000	8.33e-15	27
0.730	2.09e-05	0.0	-2.10e-04	-3.00e-02	0.00	0.00e+00	0.7000	8.33e-15	27
0.730	2.09e-05	0.0	-2.10e-04	-2.00e-02	0.00	0.00e+00	0.7000	8.33e-15	27
0.730	2.09e-05	0.0	-2.10e-04	-1.00e-02	0.00	0.00e+00	0.7000	8.33e-15	27
0.730	2.09e-05	0.0	-2.10e-04	3.47e-18	0.00	0.00e+00	0.7000	8.33e-15	27
0.730	2.09e-05	0.0	-2.10e-04	1.00e-02	0.00	0.00e+00	0.7000	8.33e-15	27
0.730	2.09e-05	0.0	-2.10e-04	2.00e-02	0.00	0.00e+00	0.7000	8.33e-15	27
0.730	2.09e-05	0.0	-2.10e-04	3.00e-02	0.00	0.00e+00	0.7000	8.33e-15	27
0.730	2.09e-05	0.0	-2.10e-04	4.00e-02	0.00	0.00e+00	0.7000	8.33e-15	27
0.720	-1.85e-07	0.0	-2.24e-04	-5.00e-02	0.00	0.00e+00	0.7000	8.33e-15	28
0.720	-1.85e-07	0.0	-2.24e-04	-4.00e-02	0.00	0.00e+00	0.7000	8.33e-15	28
0.720	-1.85e-07	0.0	-2.24e-04	-3.00e-02	0.00	0.00e+00	0.7000	8.33e-15	28
0.720	-1.85e-07	0.0	-2.24e-04	-2.00e-02	0.00	0.00e+00	0.7000	8.33e-15	28
0.720	-1.85e-07	0.0	-2.24e-04	-1.00e-02	0.00	0.00e+00	0.7000	8.33e-15	28
0.720	-1.85e-07	0.0	-2.24e-04	3.47e-18	0.00	0.00e+00	0.7000	8.33e-15	28
0.720	-1.85e-07	0.0	-2.24e-04	1.00e-02	0.00	0.00e+00	0.7000	8.33e-15	28
0.720	-1.85e-07	0.0	-2.24e-04	2.00e-02	0.00	0.00e+00	0.7000	8.33e-15	28
0.720	-1.85e-07	0.0	-2.24e-04	3.00e-02	0.00	0.00e+00	0.7000	8.33e-15	28
0.720	-1.85e-07	0.0	-2.24e-04	4.00e-02	0.00	0.00e+00	0.7000	8.33e-15	28
0.710	-2.26e-05	0.0	-2.31e-04	-5.00e-02	0.00	0.00e+00	0.7000	8.33e-15	29
0.710	-2.26e-05	0.0	-2.31e-04	-4.00e-02	0.00	0.00e+00	0.7000	8.33e-15	29
0.710	-2.26e-05	0.0	-2.31e-04	-3.00e-02	0.00	0.00e+00	0.7000	8.33e-15	29
0.710	-2.26e-05	0.0	-2.31e-04	-2.00e-02	0.00	0.00e+00	0.7000	8.33e-15	29
0.710	-2.26e-05	0.0	-2.31e-04	-1.00e-02	0.00	0.00e+00	0.7000	8.33e-15	29
0.710	-2.26e-05	0.0	-2.31e-04	3.47e-18	0.00	0.00e+00	0.7000	8.33e-15	29
0.710	-2.26e-05	0.0	-2.31e-04	1.00e-02	0.00	0.00e+00	0.7000	8.33e-15	29
0.710	-2.26e-05	0.0	-2.31e-04	2.00e-02	0.00	0.00e+00	0.7000	8.33e-15	29
0.710	-2.26e-05	0.0	-2.31e-04	3.00e-02	0.00	0.00e+00	0.7000	8.33e-15	29
0.710	-2.26e-05	0.0	-2.31e-04	4.00e-02	0.00	0.00e+00	0.7000	8.33e-15	29
0.700	-4.57e-05	0.0	-2.30e-04	-5.00e-02	0.00	0.00e+00	0.7000	8.33e-15	30
0.700	-4.57e-05	0.0	-2.30e-04	-4.00e-02	0.00	0.00e+00	0.7000	8.33e-15	30
0.700	-4.57e-05	0.0	-2.30e-04	-3.00e-02	0.00	0.00e+00	0.7000	8.33e-15	30
0.700	-4.57e-05	0.0	-2.30e-04	-2.00e-02	0.00	0.00e+00	0.7000	8.33e-15	30
0.700	-4.57e-05	0.0	-2.30e-04	-1.00e-02	0.00	0.00e+00	0.7000	8.33e-15	30
0.700	-4.57e-05	0.0	-2.30e-04	3.47e-18	0.00	0.00e+00	0.7000	8.33e-15	30
0.700	-4.57e-05	0.0	-2.30e-04	1.00e-02	0.00	0.00e+00	0.7000	8.33e-15	30
0.700	-4.57e-05	0.0	-2.30e-04	2.00e-02	0.00	0.00e+00	0.7000	8.33e-15	30
0.700	-4.57e-05	0.0	-2.30e-04	3.00e-02	0.00	0.00e+00	0.7000	8.33e-15	30
0.700	-4.57e-05	0.0	-2.30e-04	4.00e-02	0.00	0.00e+00	0.7000	8.33e-15	30
0.690	-6.87e-05	0.0	-2.20e-04	-5.00e-02	0.00	0.00e+00	0.7000	8.33e-15	31
0.690	-6.87e-05	0.0	-2.20e-04	-4.00e-02	0.00	0.00e+00	0.7000	8.33e-15	31
0.690	-6.87e-05	0.0	-2.20e-04	-3.00e-02	0.00	0.00e+00	0.7000	8.33e-15	31
0.690	-6.87e-05	0.0	-2.20e-04	-2.00e-02	0.00	0.00e+00	0.7000	8.33e-15	31
0.690	-6.87e-05	0.0	-2.20e-04	-1.00e-02	0.00	0.00e+00	0.7000	8.33e-15	31
0.690	-6.87e-05	0.0	-2.20e-04	3.47e-18	0.00	0.00e+00	0.7000	8.33e-15	31
0.690	-6.87e-05	0.0	-2.20e-04	1.00e-02	0.00	0.00e+00	0.7000	8.33e-15	31
0.690	-6.87e-05	0.0	-2.20e-04	2.00e-02	0.00	0.00e+00	0.7000	8.33e-15	31
0.690	-6.87e-05	0.0	-2.20e-04	3.00e-02	0.00	0.00e+00	0.7000	8.33e-15	31
0.690	-6.87e-05	0.0	-2.20e-04	4.00e-02	0.00	0.00e+00	0.7000	8.33e-15	31
0.680	-9.07e-05	0.0	-2.02e-04	-5.00e-02	0.00	0.00e+00	0.7000	8.33e-15	32
0.680	-9.07e-05	0.0	-2.02e-04	-4.00e-02	0.00	0.00e+00	0.7000	8.33e-15	32
0.680	-9.07e-05	0.0	-2.02e-04	-3.00e-02	0.00	0.00e+00	0.7000	8.33e-15	32
0.680	-9.07e-05	0.0	-2.02e-04	-2.00e-02	0.00	0.00e+00	0.7000	8.33e-15	32
0.680	-9.07e-05	0.0	-2.02e-04	-1.00e-02	0.00	0.00e+00	0.7000	8.33e-15	32
0.680	-9.07e-05	0.0	-2.02e-04	3.47e-18	0.00	0.00e+00	0.7000	8.33e-15	32
0.680	-9.07e-05	0.0	-2.02e-04	1.00e-02	0.00	0.00e+00	0.7000	8.33e-15	32
0.680	-9.07e-05	0.0	-2.02e-04	2.00e-02	0.00	0.00e+00	0.7000	8.33e-15	32
0.680	-9.07e-05	0.0	-2.02e-04	3.00e-02	0.00	0.00e+00	0.7000	8.33e-15	32
0.680	-9.07e-05	0.0	-2.02e-04	4.00e-02	0.00	0.00e+00	0.7000	8.33e-15	32
0.670	-1.11e-04	0.0	-1.76e-04	-5.00e-02	0.00	0.00e+00	0.7000	8.33e-15	33
0.670	-1.11e-04	0.0	-1.76e-04	-4.00e-02	0.00	0.00e+00	0.7000	8.33e-15	33
0.670	-1.11e-04	0.0	-1.76e-04	-3.00e-02	0.00	0.00e+00	0.7000	8.33e-15	33
0.670	-1.11e-04	0.0	-1.76e-04	-2.00e-02	0.00	0.00e+00	0.7000	8.33e-15	33
0.670	-1.11e-04	0.0	-1.76e-04	-1.00e-02	0.00	0.00e+00	0.7000	8.33e-15	33
0.670	-1.11e-04	0.0	-1.76e-04	3.47e-18	0.00	0.00e+00	0.7000	8.33e-15	33
0.670	-1.11e-04	0.0	-1.76e-04	1.00e-02	0.00	0.00e+00	0.7000	8.33e-15	33
0.670	-1.11e-04	0.0	-1.76e-04	2.00e-02	0.00	0.00e+00	0.7000	8.33e-15	33
0.670	-1.11e-04	0.0	-1.76e-04	3.00e-02	0.00	0.00e+00	0.7000	8.33e-15	33
0.670	-1.11e-04	0.0	-1.76e-04	4.00e-02	0.00	0.00e+00	0.7000	8.33e-15	33
0.660	-1.28e-04	0.0	-1.40e-04	-5.00e-02	0.00	0.00e+00	0.7000	8.33e-15	34
0.660	-1.28e-04	0.0	-1.40e-04	-4.00e-02	0.00	0.00e+00	0.7000	8.33e-15	34
0.660	-1.28e-04	0.0	-1.40e-04	-3.00e-02	0.00	0.00e+00	0.7000	8.33e-15	34
0.660	-1.28e-04	0.0	-1.40e-04	-2.00e-02	0.00	0.00e+00	0.7000	8.33e-15	34
0.660	-1.28e-04	0.0	-1.40e-04	-1.00e-02	0.00	0.00e+00	0.7000	8.33e-15	34
0.660	-1.28e-04	0.0	-1.40e-04	3.47e-18	0.00	0.00e+00	0.7000	8.33e-15	34
0.660	-1.28e-04	0.0	-1.40e-04	1.00e-02	0.00	0.00e+00	0.7000	8.33e-15	34
0.660	-1.28e-04	0.0	-1.40e-04	2.00e-02	0.00	0.00e+00	0.7000	8.33e-15	34
0.660	-1.28e-04	0.0	-1.40e-04	3.00e-02	0.00	0.00e+00	0.7000	8.33e-15	34
0.660	-1.28e-04	0.0	-1.40e-04	4.00e-02	0.00	0.00e+00	0.7000	8.33e-15	34
0.650	-1.43e-04	0.0	-9.75e-05	-5.00e-02	0.00	0.00e+00	0.7000	8.33e-15	35
0.650	-1.43e-04	0.0	-9.75e-05	-4.00e-02	0.00	0.00e+00	0.7000	8.33e-15	35
0.650	-1.43e-04	0.0	-9.75e-05	-3.00e-02	0.00	0.00e+00	0.7000	8.33e-15	35
0.650	-1.43e-04	0.0	-9.75e-05	-2.00e-02	0.00	0.00e+00	0.7000	8.33e-15	35
0.650	-1.43e-04	0.0	-9.75e-05	-1.00e-02	0.00	0.00e+00	0.7000	8.33e-15	35
0.650	-1.43e-04	0.0	-9.75e-05	3.47e-18	0.00	0.00e+00	0.7000	8.33e-15	35
0.650	-1.43e-04	0.0	-9.75e-05	1.00e-02	0.00	0.00e+00	0.7000	8.33e-15	35
0.650	-1.43e-04	0.0	-9.75e-05	2.00e-02	0.00	0.00e+00	0.7000	8.33e-15	35
0.650	-1.43e-04	0.0	-9.75e-05	3.00e-02	0.00	0.00e+00	0.7000	8.33e-15	35
0.650	-1.43e-04	0.0	-9.75e-05	4.00e-02	0.00	0.00e+00	0.7000	8.33e-15	35
0.640	-1.52e-04	0.0	-4.78e-05	-5.00e-02	0.00	0.00e+00	0.7000	8.33e-15	36
0.640	-1.52e-04	0.0	-4.78e-05	-4.00e-02	0.00	0.00e+00	0.7000	8.33e-15	36
0.640	-1.52e-04	0.0	-4.78e-05	-3.00e-02	0.00	0.00e+00	0.7000	8.33e-15	36
0.640	-1.52e-04	0.0	-4.78e-05	-2.00e-02	0.00	0.00e+00	0.7000	8.33e-15	36
0.640	-1.52e-04	0.0	-4.78e-05	-1.00e-02	0.00	0.00e+00	0.7000	8.33e-15	36
0.640	-1.52e-04	0.0	-4.78e-05	3.47e-18	0.00	0.00e+00	0.7000	8.33e-15	36
0.640	-1.52e-04	0.0	-4.78e-05	1.00e-02	0.00	0.00e+00	0.7000	8.33e-15	36
0.640	-1.52e-04	0.0	-4.78e-05	2.00e-02	0.00	0.00e+00	0.7000	8.33e-15	36
0.640	-1.52e-04	0.0	-4.78e-05	3.00e-02	0.00	0.00e+00	0.7000	8.33e-15	36
0.640	-1.52e-04	0.0	-4.78e-05	4.00e-02	0.00	0.00e+00	0.7000	8.33e-15	36
0.630	-1.57e-04	0.0	7.38e-06	-5.00e-02	0.00	0.00e+00	0.7000	8.33e-15	37
0.630	-1.57e-04	0.0	7.38e-06	-4.00e-02	0.00	0.00e+00	0.7000	8.33e-15	37
0.630	-1.57e-04	0.0	7.38e-06	-3.00e-02	0.00	0.00e+00	0.7000	8.33e-15	37
0.630	-1.57e-04	0.0	7.38e-06	-2.00e-02	0.00	0.00e+00	0.7000	8.33e-15	37
0.630	-1.57e-04	0.0	7.38e-06	-1.00e-02	0.00	0.00e+00	0.7000	8.33e-15	37
0.630	-1.57e-04	0.0	7.38e-06	3.47e-18	0.00	0.00e+00	0.7000	8.33e-15	37
0.630	-1.57e-04	0.0	7.38e-06	1.00e-02	0.00	0.00e+00	0.7000	8.33e-15	37
0.630	-1.57e-04	0.0	7.38e-06	2.00e-02	0.00	0.00e+00	0.7000	8.33e-15	37
0.630	-1.57e-04	0.0	7.38e-06	3.00e-02	0.00	0.00e+00	0.7000	8.33e-15	37
0.630	-1.57e-04	0.0	7.38e-06	4.00e-02	0.00	0.00e+00	0.7000	8.33e-15	37
0.620	-1.56e-04	0.0	6.66e-05	-5.00e-02	0.00	0.00e+00	0.7000	8.33e-15	38
0.620	-1.56e-04	0.0	6.66e-05	-4.00e-02	0.00	0.00e+00	0.7000	8.33e-15	38
0.620	-1.56e-04	0.0	6.66e-05	-3.00e-02	0.00	0.00e+00	0.7000	8.33e-15	38
0.620	-1.56e-04	0.0	6.66e-05	-2.00e-02	0.00	0.00e+00	0.7000	8.33e-15	38
0.620	-1.56e-04	0.0	6.66e-05	-1.00e-02	0.00	0.00e+00	0.7000	8.33e-15	38
0.620	-1.56e-04	0.0	6.66e-05	3.47e-18	0.00	0.00e+00	0.7000	8.33e-15	38
0.620	-1.56e-04	0.0	6.66e-05	1.00e-02	0.00	0.00e+00	0.7000	8.33e-15	38
0.620	-1.56e-04	0.0	6.66e-05	2.00e-02	0.00	0.00e+00	0.7000	8.33e-15	38
0.620	-1.56e-04	0.0	6.66e-05	3.00e-02	0.00	0.00e+00	0.7000	8.33e-15	38
0.620	-1.56e-04	0.0	6.66e-05	4.00e-02	0.00	0.00e+00	0.7000	8.33e-15	38
0.610	-1.50e-04	0.0	1.28e-04	-5.00e-02	0.00	0.00e+00	0.7000	8.33e-15	39
0.610	-1.50e-04	0.0	1.28e-04	-4.00e-02	0.00	0.00e+00	0.7000	8.33e-15	39
0.610	-1.50e-04	0.0	1.28e-04	-3.00e-02	0.00	0.00e+00	0.7000	8.33e-15	39
0.610	-1.50e-04	0.0	1.28e-04	-2.00e-02	0.00	0.00e+00	0.7000	8.33e-15	39
0.610	-1.50e-04	0.0	1.28e-04	-1.00e-02	0.00	0.00e+00	0.7000	8.33e-15	39
0.610	-1.50e-04	0.0	1.28e-04	3.47e-18	0.00	0.00e+00	0.7000	8.33e-15	39
0.610	-1.50e-04	0.0	1.28e-04	1.00e-02	0.00	0.00e+00	0.7000	8.33e-15	39
0.610	-1.50e-04	0.0	1.28e-04	2.00e-02	0.00	0.00e+00	0.7000	8.33e-15	39
0.610	-1.50e-04	0.0	1.28e-04	3.00e-02	0.00	0.00e+00	0.7000	8.33e-15	39
0.610	-1.50e-04	0.0	1.28e-04	4.00e-02	0.00	0.00e+00	0.7000	8.33e-15	39
0.600	-1.37e-04	0.0	1.90e-04	-5.00e-02	0.00	0.00e+00	0.7000	8.33e-15	40
0.600	-1.37e-04	0.0	1.90e-04	-4.00e-02	0.00	0.00e+00	0.7000	8.33e-15	40
0.600	-1.37e-04	0.0	1.90e-04	-3.00e-02	0.00	0.00e+00	0.7000	8.33e-15	40
0.600	-1.37e-04	0.0	1.90e-04	-2.00e-02	0.00	0.00e+00	0.7000	8.33e-15	40
0.600	-1.37e-04	0.0	1.90e-04	-1.00e-02	0.00	0.00e+00	0.7000	8.33e-15	40
0.600	-1.37e-04	0.0	1.90e-04	3.47e-18	0.00	0.00e+00	0.7000	8.33e-15	40
0.600	-1.37e-04	0.0	1.90e-04	1.00e-02	0.00	0.00e+00	0.7000	8.33e-15	40
0.600	-1.37e-04	0.0	1.90e-04	2.00e-02	0.00	0.00e+00	0.7000	8.33e-15	40
0.600	-1.37e-04	0.0	1.90e-04	3.00e-02	0.00	0.00e+00	0.7000	8.33e-15	40
0.600	-1.37e-04	0.0	1.90e-04	4.00e-02	0.00	0.00e+00	0.7000	8.33e-15	40
0.590	-1.18e-04	0.0	2.50e-04	-5.00e-02	0.00	0.00e+00	0.7000	8.33e-15	41
0.590	-1.18e-04	0.0	2.50e-04	-4.00e-02	0.00	0.00e+00	0.7000	8.33e-15	41
0.590	-1.18e-04	0.0	2.50e-04	-3.00e-02	0.00	0.00e+00	0.7000	8.33e-15	41
0.590	-1.18e-04	0.0	2.50e-04	-2.00e-02	0.00	0.00e+00	0.7000	8.33e-15	41
0.590	-1.18e-04	0.0	2.50e-04	-1.00e-02	0.00	0.00e+00	0.7000	8.33e-15	41
0.590	-1.18e-04	0.0	2.50e-04	3.47e-18	0.00	0.00e+00	0.7000	8.33e-15	41
0.590	-1.18e-04	0.0	2.50e-04	1.00e-02	0.00	0.00e+00	0.7000	8.33e-15	41
0.590	-1.18e-04	0.0	2.50e-04	2.00e-02	0.00	0.00e+00	0.7000	8.33e-15	41
0.590	-1.18e-04	0.0	2.50e-04	3.00e-02	0.00	0.00e+00	0.7000	8.33e-15	41
0.590	-1.18e-04	0.0	2.50e-04	4.00e-02	0.00	0.00e+00	0.7000	8.33e-15	41
0.580	-9.29e-05	0.0	3.06e-04	-5.00e-02	0.00	0.00e+00	0.7000	8.33e-15	42
0.580	-9.29e-05	0.0	3.06e-04	-4.00e-02	0.00	0.00e+00	0.7000	8.33e-15	42
0.580	-9.29e-05	0.0	3.06e-04	-3.00e-02	0.00	0.00e+00	0.7000	8.33e-15	42
0.580	-9.29e-05	0.0	3.06e-04	-2.00e-02	0.00	0.00e+00	0.7000	8.33e-15	42
0.580	-9.29e-05	0.0	3.06e-04	-1.00e-02	0.00	0.00e+00	0.7000	8.33e-15	42
0.580	-9.29e-05	0.0	3.06e-04	3.47e-18	0.00	0.00e+00	0.7000	8.33e-15	42
0.580	-9.29e-05	0.0	3.06e-04	1.00e-02	0.00	0.00e+00	0.7000	8.33e-15	42
0.580	-9.29e-05	0.0	3.06e-04	2.00e-02	0.00	0.00e+00	0.7000	8.33e-15	42
0.580	-9.29e-05	0.0	3.06e-04	3.00e-02	0.00	0.00e+00	0.7000	8.33e-15	42
0.580	-9.29e-05	0.0	3.06e-04	4.00e-02	0.00	0.00e+00	0.7000	8.33e-15	42
0.570	-6.24e-05	0.0	3.56e-04	-5.00e-02	0.00	0.00e+00	0.7000	8.33e-15	43
0.570	-6.24e-05	0.0	3.56e-04	-4.00e-02	0.00	0.00e+00	0.7000	8.33e-15	43
0.570	-6.24e-05	0.0	3.56e-04	-3.00e-02	0.00	0.00e+00	0.7000	8.33e-15	43
0.570	-6.24e-05	0.0	3.56e-04	-2.00e-02	0.00	0.00e+00	0.7000	8.33e-15	43
0.570	-6.24e-05	0.0	3.56e-04	-1.00e-02	0.00	0.00e+00	0.7000	8.33e-15	43
0.570	-6.24e-05	0.0	3.56e-04	3.47e-18	0.00	0.00e+00	0.7000	8.33e-15	43
0.570	-6.24e-05	0.0	3.56e-04	1.00e-02	0.00	0.00e+00	0.7000	8.33e-15	43
0.570	-6.24e-05	0.0	3.56e-04	2.00e-02	0.00	0.00e+00	0.7000	8.33e-15	43
0.570	-6.24e-05	0.0	3.56e-04	3.00e-02	0.00	0.00e+00	0.7000	8.33e-15	43
0.570	-6.24e-05	0.0	3.56e-04	4.00e-02	0.00	0.00e+00	0.7000	8.33e-15	43
0.560	-2.68e-05	0.0	3.98e-04	-5.00e-02	0.00	0.00e+00	0.7000	8.33e-15	44
0.560	-2.68e-05	0.0	3.98e-04	-4.00e-02	0.00	0.00e+00	0.7000	8.33e-15	44
0.560	-2.68e-05	0.0	3.98e-04	-3.00e-02	0.00	0.00e+00	0.7000	8.33e-15	44
0.560	-2.68e-05	0.0	3.98e-04	-2.00e-02	0.00	0.00e+00	0.7000	8.33e-15	44
0.560	-2.68e-05	0.0	3.98e-04	-1.00e-02	0.00	0.00e+00	0.7000	8.33e-15	44
0.560	-2.68e-05	0.0	3.98e-04	3.47e-18	0.00	0.00e+00	0.7000	8.33e-15	44
0.560	-2.68e-05	0.0	3.98e-04	1.00e-02	0.00	0.00e+00	0.7000	8.33e-15	44
0.560	-2.68e-05	0.0	3.98e-04	2.00e-02	0.00	0.00e+00	0.7000	8.33e-15	44
0.560	-2.68e-05	0.0	3.98e-04	3.00e-02	0.00	0.00e+00	0.7000	8.33e-15	44
0.560	-2.68e-05	0.0	3.98e-04	4.00e-02	0.00	0.00e+00	0.7000	8.33e-15	44
0.550	1.29e-05	0.0	4.30e-04	-5.00e-02	0.00	0.00e+00	0.7000	8.33e-15	45
0.550	1.29e-05	0.0	4.30e-04	-4.00e-02	0.00	0.00e+00	0.7000	8.33e-15	45
0.550	1.29e-05	0.0	4.30e-04	-3.00e-02	0.00	0.00e+00	0.7000	8.33e-15	45
0.550	1.29e-05	0.0	4.30e-04	-2.00e-02	0.00	0.00e+00	0.7000	8.33e-15	45
0.550	1.29e-05	0.0	4.30e-04	-1.00e-02	0.00	0.00e+00	0.7000	8.33e-15	45
0.550	1.29e-05	0.0	4.30e-04	3.47e-18	0.00	0.00e+00	0.7000	8.33e-15	45
0.550	1.29e-05	0.0	4.30e-04	1.00e-02	0.00	0.00e+00	0.7000	8.33e-15	45
0.550	1.29e-05	0.0	4.30e-04	2.00e-02	0.00	0.00e+00	0.7000	8.33e-15	45
0.550	1.29e-05	0.0	4.30e-04	3.00e-02	0.00	0.00e+00	0.7000	8.33e-15	45
0.550	1.29e-05	0.0	4.30e-04	4.00e-02	0.00	0.00e+00	0.7000	8.33e-15	45
0.540	5.59e-05	0.0	4.50e-04	-5.00e-02	0.00	0.00e+00	0.7000	8.33e-15	46
0.540	5.59e-05	0.0	4.50e-04	-4.00e-02	0.00	0.00e+00	0.7000	8.33e-15	46
0.540	5.59e-05	0.0	4.50e-04	-3.00e-02	0.00	0.00e+00	0.7000	8.33e-15	46
0.540	5.59e-05	0.0	4.50e-04	-2.00e-02	0.00	0.00e+00	0.7000	8.33e-15	46
0.540	5.59e-05	0.0	4.50e-04	-1.00e-02	0.00	0.00e+00	0.7000	8.33e-15	46
0.540	5.59e-05	0.0	4.50e-04	3.47e-18	0.00	0.00e+00	0.7000	8.33e-15	46
0.540	5.59e-05	0.0	4.50e-04	1.00e-02	0.00	0.00e+00	0.7000	8.33e-15	46
0.540	5.59e-05	0.0	4.50e-04	2.00e-02	0.00	0.00e+00	0.7000	8.33e-15	46
0.540	5.59e-05	0.0	4.50e-04	3.00e-02	0.00	0.00e+00	0.7000	8.33e-15	46
0.540	5.59e-05	0.0	4.50e-04	4.00e-02	0.00	0.00e+00	0.7000	8.33e-15	46
0.530	1.01e-04	0.0	4.58e-04	-5.00e-02	0.00	0.00e+00	0.7000	8.33e-15	47
0.530	1.01e-04	0.0	4.58e-04	-4.00e-02	0.00	0.00e+00	0.7000	8.33e-15	47
0.530	1.01e-04	0.0	4.58e-04	-3.00e-02	0.00	0.00e+00	0.7000	8.33e-15	47
0.530	1.01e-04	0.0	4.58e-04	-2.00e-02	0.00	0.00e+00	0.7000	8.33e-15	47
0.530	1.01e-04	0.0	4.58e-04	-1.00e-02	0.00	0.00e+00	0.7000	8.33e-15	47
0.530	1.01e-04	0.0	4.58e-04	3.47e-18	0.00	0.00e+00	0.7000	8.33e-15	47
0.530	1.01e-04	0.0	4.58e-04	1.00e-02	0.00	0.00e+00	0.7000	8.33e-15	47
0.530	1.01e-04	0.0	4.58e-04	2.00e-02	0.00	0.00e+00	0.7000	8.33e-15	47
0.530	1.01e-04	0.0	4.58e-04	3.00e-02	0.00	0.00e+00	0.7000	8.33e-15	47
0.530	1.01e-04	0.0	4.58e-04	4.00e-02	0.00	0.00e+00	0.7000	8.33e-15	47
0.520	1.47e-04	0.0	4.52e-04	-5.00e-02	0.00	0.00e+00	0.7000	8.33e-15	48
0.520	1.47e-04	0.0	4.52e-04	-4.00e-02	0.00	0.00e+00	0.7000	8.33e-15	48
0.520	1.47e-04	0.0	4.52e-04	-3.00e-02	0.00	0.00e+00	0.7000	8.33e-15	48
0.520	1.47e-04	0.0	4.52e-04	-2.00e-02	0.00	0.00e+00	0.7000	8.33e-15	48
0.520	1.47e-04	0.0	4.52e-04	-1.00e-02	0.00	0.00e+00	0.7000	8.33e-15	48
0.520	1.47e-04	0.0	4.52e-04	3.47e-18	0.00	0.00e+00	0.7000	8.33e-15	48
0.520	1.47e-04	0.0	4.52e-04	1.00e-02	0.00	0.00e+00	0.7000	8.33e-15	48
0.520	1.47e-04	0.0	4.52e-04	2.00e-02	0.00	0.00e+00	0.7000	8.33e-15	48
0.520	1.47e-04	0.0	4.52e-04	3.00e-02	0.00	0.00e+00	0.7000	8.33e-15	48
0.520	1.47e-04	0.0	4.52e-04	4.00e-02	0.00	0.00e+00	0.7000	8.33e-15	48
0.510	1.92e-04	0.0	4.31e-04	-5.00e-02	0.00	0.00e+00	0.7000	8.33e-15	49
0.510	1.92e-04	0.0	4.31e-04	-4.00e-02	0.00	0.00e+00	0.7000	8.33e-15	49
0.510	1.92e-04	0.0	4.31e-04	-3.00e-02	0.00	0.00e+00	0.7000	8.33e-15	49
0.510	1.92e-04	0.0	4.31e-04	-2.00e-02	0.00	0.00e+00	0.7000	8.33e-15	49
0.510	1.92e-04	0.0	4.31e-04	-1.00e-02	0.00	0.00e+00	0.7000	8.33e-15	49
0.510	1.92e-04	0.0	4.31e-04	3.47e-18	0.00	0.00e+00	0.7000	8.33e-15	49
0.510	1.92e-04	0.0	4.31e-04	1.00e-02	0.00	0.00e+00	0.7000	8.33e-15	49
0.510	1.92e-04	0.0	4.31e-04	2.00e-02	0.00	0.00e+00	0.7000	8.33e-15	49
0.510	1.92e-04	0.0	4.31e-04	3.00e-02	0.00	0.00e+00	0.7000	8.33e-15	49
0.510	1.92e-04	0.0	4.31e-04	4.00e-02	0.00	0.00e+00	0.7000	8.33e-15	49
0.500	2.35e-04	0.0	3.96e-04	-5.00e-02	0.00	0.00e+00	0.7000	8.33e-15	50
0.500	2.35e-04	0.0	3.96e-04	-4.00e-02	0.00	0.00e+00	0.7000	8.33e-15	50
0.500	2.35e-04	0.0	3.96e-04	-3.00e-02	0.00	0.00e+00	0.7000	8.33e-15	50
0.500	2.35e-04	0.0	3.96e-04	-2.00e-02	0.00	0.00e+00	0.7000	8.33e-15	50
0.500	2.35e-04	0.0	3.96e-04	-1.00e-02	0.00	0.00e+00	0.7000	8.33e-15	50
0.500	2.35e-04	0.0	3.96e-04	3.47e-18	0.00	0.00e+00	0.7000	8.33e-15	50
0.500	2.35e-04	0.0	3.96e-04	1.00e-02	0.00	0.00e+00	0.7000	8.33e-15	50
0.500	2.35e-04	0.0	3.96e-04	2.00e-02	0.00	0.00e+00	0.7000	8.33e-15	50
0.500	2.35e-04	0.0	3.96e-04	3.00e-02	0.00	0.00e+00	0.7000	8.33e-15	50
0.500	2.35e-04	0.0	3.96e-04	4.00e-02	0.00	0.00e+00	0.7000	8.33e-15	50
0.490	2.74e-04	0.0	3.46e-04	-5.00e-02	0.00	0.00e+00	0.7000	8.33e-15	51
0.490	2.74e-04	0.0	3.46e-04	-4.00e-02	0.00	0.00e+00	0.7000	8.33e-15	51
0.490	2.74e-04	0.0	3.46e-04	-3.00e-02	0.00	0.00e+00	0.7000	8.33e-15	51
0.490	2.74e-04	0.0	3.46e-04	-2.00e-02	0.00	0.00e+00	0.7000	8.33e-15	51
0.490	2.74e-04	0.0	3.46e-04	-1.00e-02	0.00	0.00e+00	0.7000	8.33e-15	51
0.490	2.74e-04	0.0	3.46e-04	3.47e-18	0.00	0.00e+00	0.7000	8.33e-15	51
0.490	2.74e-04	0.0	3.46e-04	1.00e-02	0.00	0.00e+00	0.7000	8.33e-15	51
0.490	2.74e-04	0.0	3.46e-04	2.00e-02	0.00	0.00e+00	0.7000	8.33e-15	51
0.490	2.74e-04	0.0	3.46e-04	3.00e-02	0.00	0.00e+00	0.7000	8.33e-15	51
0.490	2.74e-04	0.0	3.46e-04	4.00e-02	0.00	0.00e+00	0.7000	8.33e-15	51
0.480	3.09e-04	0.0	2.83e-04	-5.00e-02	0.00	0.00e+00	0.7000	8.33e-15	52
0.480	3.09e-04	0.0	2.83e-04	-4.00e-02	0.00	0.00e+00	0.7000	8.33e-15	52
0.480	3.09e-04	0.0	2.83e-04	-3.00e-02	0.00	0.00e+00	0.7000	8.33e-15	52
0.480	3.09e-04	0.0	2.83e-04	-2.00e-02	0.00	0.00e+00	0.7000	8.33e-15	52
0.480	3.09e-04	0.0	2.83e-04	-1.00e-02	0.00	0.00e+00	0.7000	8.33e-15	52
0.480	3.09e-04	0.0	2.83e-04	3.47e-18	0.00	0.00e+00	0.7000	8.33e-15	52
0.480	3.09e-04	0.0	2.83e-04	1.00e-02	0.00	0.00e+00	0.7000	8.33e-15	52
0.480	3.09e-04	0.0	2.83e-04	2.00e-02	0.00	0.00e+00	0.7000	8.33e-15	52
0.480	3.09e-04	0.0	2.83e-04	3.00e-02	0.00	0.00e+00	0.7000	8.33e-15	52
0.480	3.09e-04	0.0	2.83e-04	4.00e-02	0.00	0.00e+00	0.7000	8.33e-15	52
0.470	3.37e-04	0.0	2.08e-04	-5.00e-02	0.00	0.00e+00	0.7000	8.33e-15	53
0.470	3.37e-04	0.0	2.08e-04	-4.00e-02	0.00	0.00e+00	0.7000	8.33e-15	53
0.470	3.37e-04	0.0	2.08e-04	-3.00e-02	0.00	0.00e+00	0.7000	8.33e-15	53
0.470	3.37e-04	0.0	2.08e-04	-2.00e-02	0.00	0.00e+00	0.7000	8.33e-15	53
0.470	3.37e-04	0.0	2.08e-04	-1.00e-02	0.00	0.00e+00	0.7000	8.33e-15	53
0.470	3.37e-04	0.0	2.08e-04	3.47e-18	0.00	0.00e+00	0.7000	8.33e-15	53
0.470	3.37e-04	0.0	2.08e-04	1.00e-02	0.00	0.00e+00	0.7000	8.33e-15	53
0.470	3.37e-04	0.0	2.08e-04	2.00e-02	0.00	0.00e+00	0.7000	8.33e-15	53
0.470	3.37e-04	0.0	2.08e-04	3.00e-02	0.00	0.00e+00	0.7000	8.33e-15	53
0.470	3.37e-04	0.0	2.08e-04	4.00e-02	0.00	0.00e+00	0.7000	8.33e-15	53
0.460	3.58e-04	0.0	1.22e-04	-5.00e-02	0.00	0.00e+00	0.7000	8.33e-15	54
0.460	3.58e-04	0.0	1.22e-04	-4.00e-02	0.00	0.00e+00	0.7000	8.33e-15	54
0.460	3.58e-04	0.0	1.22e-04	-3.00e-02	0.00	0.00e+00	0.7000	8.33e-15	54
0.460	3.58e-04	0.0	1.22e-04	-2.00e-02	0.00	0.00e+00	0.7000	8.33e-15	54
0.460	3.58e-04	0.0	1.22e-04	-1.00e-02	0.00	0.00e+00	0.7000	8.33e-15	54
0.460	3.58e-04	0.0	1.22e-04	3.47e-18	0.00	0.00e+00	0.7000	8.33e-15	54
0.460	3.58e-04	0.0	1.22e-04	1.00e-02	0.00	0.00e+00	0.7000	8.33e-15	54
0.460	3.58e-04	0.0	1.22e-04	2.00e-02	0.00	0.00e+00	0.7000	8.33e-15	54
0.460	3.58e-04	0.0	1.22e-04	3.00e-02	0.00	0.00e+00	0.7000	8.33e-15	54
0.460	3.58e-04	0.0	1.22e-04	4.00e-02	0.00	0.00e+00	0.7000	8.33e-15	54
0.450	3.70e-04	0.0	2.82e-05	-5.00e-02	0.00	0.00e+00	0.7000	8.33e-15	55
0.450	3.70e-04	0.0	2.82e-05	-4.00e-02	0.00	0.00e+00	0.7000	8.33e-15	55
0.450	3.70e-04	0.0	2.82e-05	-3.00e-02	0.00	0.00e+00	0.7000	8.33e-15	55
0.450	3.70e-04	0.0	2.82e-05	-2.00e-02	0.00	0.00e+00	0.7000	8.33e-15	55
0.450	3.70e-04	0.0	2.82e-05	-1.00e-02	0.00	0.00e+00	0.7000	8.33e-15	55
0.450	3.70e-04	0.0	2.82e-05	3.47e-18	0.00	0.00e+00	0.7000	8.33e-15	55
0.450	3.70e-04	0.0	2.82e-05	1.00e-02	0.00	0.00e+00	0.7000	8.33e-15	55
0.450	3.70e-04	0.0	2.82e-05	2.00e-02	0.00	0.00e+00	0.7000	8.33e-15	55
0.450	3.70e-04	0.0	2.82e-05	3.00e-02	0.00	0.00e+00	0.7000	8.33e-15	55
0.450	3.70e-04	0.0	2.82e-05	4.00e-02	0.00	0.00e+00	0.7000	8.33e-15	55
0.440	3.73e-04	0.0	-7.21e-05	-5.00e-02	0.00	0.00e+00	0.7000	8.33e-15	56
0.440	3.73e-04	0.0	-7.21e-05	-4.00e-02	0.00	0.00e+00	0.7000	8.33e-15	56
0.440	3.73e-04	0.0	-7.21e-05	-3.00e-02	0.00	0.00e+00	0.7000	8.33e-15	56
0.440	3.73e-04	0.0	-7.21e-05	-2.00e-02	0.00	0.00e+00	0.7000	8.33e-15	56
0.440	3.73e-04	0.0	-7.21e-05	-1.00e-02	0.00	0.00e+00	0.7000	8.33e-15	56
0.440	3.73e-04	0.0	-7.21e-05	3.47e-18	0.00	0.00e+00	0.7000	8.33e-15	56
0.440	3.73e-04	0.0	-7.21e-05	1.00e-02	0.00	0.00e+00	0.7000	8.33e-15	56
0.440	3.73e-04	0.0	-7.21e-05	2.00e-02	0.00	0.00e+00	0.7000	8.33e-15	56
0.440	3.73e-04	0.0	-7.21e-05	3.00e-02	0.00	0.00e+00	0.7000	8.33e-15	56
0.440	3.73e-04	0.0	-7.21e-05	4.00e-02	0.00	0.00e+00	0.7000	8.33e-15	56
0.430	3.66e-04	0.0	-1.76e-04	-5.00e-02	0.00	0.00e+00	0.7000	8.33e-15	57
0.430	3.66e-04	0.0	-1.76e-04	-4.00e-02	0.00	0.00e+00	0.7000	8.33e-15	57
0.430	3.66e-04	0.0	-1.76e-04	-3.00e-02	0.00	0.00e+00	0.7000	8.33e-15	57
0.430	3.66e-04	0.0	-1.76e-04	-2.00e-02	0.00	0.00e+00	0.7000	8.33e-15	57
0.430	3.66e-04	0.0	-1.76e-04	-1.00e-02	0.00	0.00e+00	0.7000	8.33e-15	57
0.430	3.66e-04	0.0	-1.76e-04	3.47e-18	0.00	0.00e+00	0.7000	8.33e-15	57
0.430	3.66e-04	0.0	-1.76e-04	1.00e-02	0.00	0.00e+00	0.7000	8.33e-15	57
0.430	3.66e-04	0.0	-1.76e-04	2.00e-02	0.00	0.00e+00	0.7000	8.33e-15	57
0.430	3.66e-04	0.0	-1.76e-04	3.00e-02	0.00	0.00e+00	0.7000	8.33e-15	57
0.430	3.66e-04	0.0	-1.76e-04	4.00e-02	0.00	0.00e+00	0.7000	8.33e-15	57
0.420	3.48e-04	0.0	-2.80e-04	-5.00e-02	0.00	0.00e+00	0.7000	8.33e-15	58
0.420	3.48e-04	0.0	-2.80e-04	-4.00e-02	0.00	0.00e+00	0.7000	8.33e-15	58
0.420	3.48e-04	0.0	-2.80e-04	-3.00e-02	0.00	0.00e+00	0.7000	8.33e-15	58
0.420	3.48e-04	0.0	-2.80e-04	-2.00e-02	0.00	0.00e+00	0.7000	8.33e-15	58
0.420	3.48e-04	0.0	-2.80e-04	-1.00e-02	0.00	0.00e+00	0.7000	8.33e-15	58
0.420	3.48e-04	0.0	-2.80e-04	3.47e-18	0.00	0.00e+00	0.7000	8.33e-15	58
0.420	3.48e-04	0.0	-2.80e-04	1.00e-02	0.00	0.00e+00	0.7000	8.33e-15	58
0.420	3.48e-04	0.0	-2.80e-04	2.00e-02	0.00	0.00e+00	0.7000	8.33e-15	58
0.420	3.48e-04	0.0	-2.80e-04	3.00e-02	0.00	0.00e+00	0.7000	8.33e-15	58
0.420	3.48e-04	0.0	-2.80e-04	4.00e-02	0.00	0.00e+00	0.7000	8.33e-15	58
0.410	3.21e-04	0.0	-3.81e-04	-5.00e-02	0.00	0.00e+00	0.7000	8.33e-15	59
0.410	3.21e-04	0.0	-3.81e-04	-4.00e-02	0.00	0.00e+00	0.7000	8.33e-15	59
0.410	3.21e-04	0.0	-3.81e-04	-3.00e-02	0.00	0.00e+00	0.7000	8.33e-15	59
0.410	3.21e-04	0.0	-3.81e-04	-2.00e-02	0.00	0.00e+00	0.7000	8.33e-15	59
0.410	3.21e-04	0.0	-3.81e-04	-1.00e-02	0.00	0.00e+00	0.7000	8.33e-15	59
0.410	3.21e-04	0.0	-3.81e-04	3.47e-18	0.00	0.00e+00	0.7000	8.33e-15	59
0.410	3.21e-04	0.0	-3.81e-04	1.00e-02	0.00	0.00e+00	0.7000	8.33e-15	59
0.410	3.21e-04	0.0	-3.81e-04	2.00e-02	0.00	0.00e+00	0.7000	8.33e-15	59
0.410	3.21e-04	0.0	-3.81e-04	3.00e-02	0.00	0.00e+00	0.7000	8.33e-15	59
0.410	3.21e-04	0.0	-3.81e-04	4.00e-02	0.00	0.00e+00	0.7000	8.33e-15	59
0.400	2.82e-04	0.0	-4.78e-04	-5.00e-02	0.00	0.00e+00	0.7000	8.33e-15	60
0.400	2.82e-04	0.0	-4.78e-04	-4.00e-02	0.00	0.00e+00	0.7000	8.33e-15	60
0.400	2.82e-04	0.0	-4.78e-04	-3.00e-02	0.00	0.00e+00	0.7000	8.33e-15	60
0.400	2.82e-04	0.0	-4.78e-04	-2.00e-02	0.00	0.00e+00	0.7000	8.33e-15	60
0.400	2.82e-04	0.0	-4.78e-04	-1.00e-02	0.00	0.00e+00	0.7000	8.33e-15	60
0.400	2.82e-04	0.0	-4.78e-04	3.47e-18	0.00	0.00e+00	0.7000	8.33e-15	60
0.400	2.82e-04	0.0	-4.78e-04	1.00e-02	0.00	0.00e+00	0.7000	8.33e-15	60
0.400	2.82e-04	0.0	-4.78e-04	2.00e-02	0.00	0.00e+00	0.7000	8.33e-15	60
0.400	2.82e-04	0.0	-4.78e-04	3.00e-02	0.00	0.00e+00	0.7000	8.33e-15	60
0.400	2.82e-04	0.0	-4.78e-04	4.00e-02	0.00	0.00e+00	0.7000	8.33e-15	60
0.390	2.35e-04	0.0	-5.66e-04	-5.00e-02	0.00	0.00e+00	0.7000	8.33e-15	61
0.390	2.35e-04	0.0	-5.66e-04	-4.00e-02	0.00	0.00e+00	0.7000	8.33e-15	61
0.390	2.35e-04	0.0	-5.66e-04	-3.00e-02	0.00	0.00e+00	0.7000	8.33e-15	61
0.390	2.35e-04	0.0	-5.66e-04	-2.00e-02	0.00	0.00e+00	0.7000	8.33e-15	61
0.390	2.35e-04	0.0	-5.66e-04	-1.00e-02	0.00	0.00e+00	0.7000	8.33e-15	61
0.390	2.35e-04	0.0	-5.66e-04	3.47e-18	0.00	0.00e+00	0.7000	8.33e-15	61
0.390	2.35e-04	0.0	-5.66e-04	1.00e-02	0.00	0.00e+00	0.7000	8.33e-15	61
0.390	2.35e-04	0.0	-5.66e-04	2.00e-02	0.00	0.00e+00	0.7000	8.33e-15	61
0.390	2.35e-04	0.0	-5.66e-04	3.00e-02	0.00	0.00e+00	0.7000	8.33e-15	61
0.390	2.35e-04	0.0	-5.66e-04	4.00e-02	0.00	0.00e+00	0.7000	8.33e-15	61
0.380	1.78e-04	0.0	-6.43e-04	-5.00e-02	0.00	0.00e+00	0.7000	8.33e-15	62
0.380	1.78e-04	0.0	-6.43e-04	-4.00e-02	0.00	0.00e+00	0.7000	8.33e-15	62
0.380	1.78e-04	0.0	-6.43e-04	-3.00e-02	0.00	0.00e+00	0.7000	8.33e-15	62
0.380	1.78e-04	0.0	-6.43e-04	-2.00e-02	0.00	0.00e+00	0.7000	8.33e-15	62
0.380	1.78e-04	0.0	-6.43e-04	-1.00e-02	0.00	0.00e+00	0.7000	8.33e-15	62
0.380	1.78e-04	0.0	-6.43e-04	3.47e-18	0.00	0.00e+00	0.7000	8.33e-15	62
0.380	1.78e-04	0.0	-6.43e-04	1.00e-02	0.00	0.00e+00	0.7000	8.33e-15	62
0.380	1.78e-04	0.0	-6.43e-04	2.00e-02	0.00	0.00e+00	0.7000	8.33e-15	62
0.380	1.78e-04	0.0	-6.43e-04	3.00e-02	0.00	0.00e+00	0.7000	8.33e-15	62
0.380	1.78e-04	0.0	-6.43e-04	4.00e-02	0.00	0.00e+00	0.7000	8.33e-15	62
0.370	1.14e-04	0.0	-7.06e-04	-5.00e-02	0.00	0.00e+00	0.7000	8.33e-15	63
0.370	1.14e-04	0.0	-7.06e-04	-4.00e-02	0.00	0.00e+00	0.7000	8.33e-15	63
0.370	1.14e-04	0.0	-7.06e-04	-3.00e-02	0.00	0.00e+00	0.7000	8.33e-15	63
0.370	1.14e-04	0.0	-7.06e-04	-2.00e-02	0.00	0.00e+00	0.7000	8.33e-15	63
0.370	1.14e-04	0.0	-7.06e-04	-1.00e-02	0.00	0.00e+00	0.7000	8.33e-15	63
0.370	1.14e-04	0.0	-7.06e-04	3.47e-18	0.00	0.00e+00	0.7000	8.33e-15	63
0.370	1.14e-04	0.0	-7.06e-04	1.00e-02	0.00	0.00e+00	0.7000	8.33e-15	63
0.370	1.14e-04	0.0	-7.06e-04	2.00e-02	0.00	0.00e+00	0.7000	8.33e-15	63
0.370	1.14e-04	0.0	-7.06e-04	3.00e-02	0.00	0.00e+00	0.7000	8.33e-15	63
0.370	1.14e-04	0.0	-7.06e-04	4.00e-02	0.00	0.00e+00	0.7000	8.33e-15	63
0.360	4.32e-05	0.0	-7.54e-04	-5.00e-02	0.00	0.00e+00	0.7000	8.33e-15	64
0.360	4.32e-05	0.0	-7.54e-04	-4.00e-02	0.00	0.00e+00	0.7000	8.33e-15	64
0.360	4.32e-05	0.0	-7.54e-04	-3.00e-02	0.00	0.00e+00	0.7000	8.33e-15	64
0.360	4.32e-05	0.0	-7.54e-04	-2.00e-02	0.00	0.00e+00	0.7000	8.33e-15	64
0.360	4.32e-05	0.0	-7.54e-04	-1.00e-02	0.00	0.00e+00	0.7000	8.33e-15	64
0.360	4.32e-05	0.0	-7.54e-04	3.47e-18	0.00	0.00e+00	0.7000	8.33e-15	64
0.360	4.32e-05	0.0	-7.54e-04	1.00e-02	0.00	0.00e+00	0.7000	8.33e-15	64
0.360	4.32e-05	0.0	-7.54e-04	2.00e-02	0.00	0.00e+00	0.7000	8.33e-15	64
0.360	4.32e-05	0.0	-7.54e-04	3.00e-02	0.00	0.00e+00	0.7000	8.33e-15	64
0.360	4.32e-05	0.0	-7.54e-04	4.00e-02	0.00	0.00e+00	0.7000	8.33e-15	64
0.350	-3.22e-05	0.0	-7.85e-04	-5.00e-02	0.00	0.00e+00	0.7000	8.33e-15	65
0.350	-3.22e-05	0.0	-7.85e-04	-4.00e-02	0.00	0.00e+00	0.7000	8.33e-15	65
0.350	-3.22e-05	0.0	-7.85e-04	-3.00e-02	0.00	0.00e+00	0.7000	8.33e-15	65
0.350	-3.22e-05	0.0	-7.85e-04	-2.00e-02	0.00	0.00e+00	0.7000	8.33e-15	65
0.350	-3.22e-05	0.0	-7.85e-04	-1.00e-02	0.00	0.00e+00	0.7000	8.33e-15	65
0.350	-3.22e-05	0.0	-7.85e-04	3.47e-18	0.00	0.00e+00	0.7000	8.33e-15	65
0.350	-3.22e-05	0.0	-7.85e-04	1.00e-02	0.00	0.00e+00	0.7000	8.33e-15	65
0.350	-3.22e-05	0.0	-7.85e-04	2.00e-02	0.00	0.00e+00	0.7000	8.33e-15	65
0.350	-3.22e-05	0.0	-7.85e-04	3.00e-02	0.00	0.00e+00	0.7000	8.33e-15	65
0.350	-3.22e-05	0.0	-7.85e-04	4.00e-02	0.00	0.00e+00	0.7000	8.33e-15	65
0.340	-1.11e-04	0.0	-7.97e-04	-5.00e-02	0.00	0.00e+00	0.7000	8.33e-15	66
0.340	-1.11e-04	0.0	-7.97e-04	-4.00e-02	0.00	0.00e+00	0.7000	8.33e-15	66
0.340	-1.11e-04	0.0	-7.97e-04	-3.00e-02	0.00	0.00e+00	0.7000	8.33e-15	66
0.340	-1.11e-04	0.0	-7.97e-04	-2.00e-02	0.00	0.00e+00	0.7000	8.33e-15	66
0.340	-1.11e-04	0.0	-7.97e-04	-1.00e-02	0.00	0.00e+00	0.7000	8.33e-15	66
0.340	-1.11e-04	0.0	-7.97e-04	3.47e-18	0.00	0.00e+00	0.7000	8.33e-15	66
0.340	-1.11e-04	0.0	-7.97e-04	1.00e-02	0.00	0.00e+00	0.7000	8.33e-15	66
0.340	-1.11e-04	0.0	-7.97e-04	2.00e-02	0.00	0.00e+00	0.7000	8.33e-15	66
0.340	-1.11e-04	0.0	-7.97e-04	3.00e-02	0.00	0.00e+00	0.7000	8.33e-15	66
0.340	-1.11e-04	0.0	-7.97e-04	4.00e-02	0.00	0.00e+00	0.7000	8.33e-15	66
0.330	-1.90e-04	0.0	-7.91e-04	-5.00e-02	0.00	0.00e+00	0.7000	8.33e-15	67
0.330	-1.90e-04	0.0	-7.91e-04	-4.00e-02	0.00	0.00e+00	0.7000	8.33e-15	67
0.330	-1.90e-04	0.0	-7.91e-04	-3.00e-02	0.00	0.00e+00	0.7000	8.33e-15	67
0.330	-1.90e-04	0.0	-7.91e-04	-2.00e-02	0.00	0.00e+00	0.7000	8.33e-15	67
0.330	-1.90e-04	0.0	-7.91e-04	-1.00e-02	0.00	0.00e+00	0.7000	8.33e-15	67
0.330	-1.90e-04	0.0	-7.91e-04	3.47e-18	0.00	0.00e+00	0.7000	8.33e-15	67
0.330	-1.90e-04	0.0	-7.91e-04	1.00e-02	0.00	0.00e+00	0.7000	8.33e-15	67
0.330	-1.90e-04	0.0	-7.91e-04	2.00e-02	0.00	0.00e+00	0.7000	8.33e-15	67
0.330	-1.90e-04	0.0	-7.91e-04	3.00e-02	0.00	0.00e+00	0.7000	8.33e-15	67
0.330	-1.90e-04	0.0	-7.91e-04	4.00e-02	0.00	0.00e+00	0.7000	8.33e-15	67
0.320	-2.69e-04	0.0	-7.65e-04	-5.00e-02	0.00	0.00e+00	0.7000	8.33e-15	68
0.320	-2.69e-04	0.0	-7.65e-04	-4.00e-02	0.00	0.00e+00	0.7000	8.33e-15	68
0.320	-2.69e-04	0.0	-7.65e-04	-3.00e-02	0.00	0.00e+00	0.7000	8.33e-15	68
0.320	-2.69e-04	0.0	-7.65e-04	-2.00e-02	0.00	0.00e+00	0.7000	8.33e-15	68
0.320	-2.69e-04	0.0	-7.65e-04	-1.00e-02	0.00	0.00e+00	0.7000	8.33e-15	68
0.320	-2.69e-04	0.0	-7.65e-04	3.47e-18	0.00	0.00e+00	0.7000	8.33e-15	68
0.320	-2.69e-04	0.0	-7.65e-04	1.00e-02	0.00	0.00e+00	0.7000	8.33e-15	68
0.320	-2.69e-04	0.0	-7.65e-04	2.00e-02	0.00	0.00e+00	0.7000	8.33e-15	68
0.320	-2.69e-04	0.0	-7.65e-04	3.00e-02	0.00	0.00e+00	0.7000	8.33e-15	68
0.320	-2.69e-04	0.0	-7.65e-04	4.00e-02	0.00	0.00e+00	0.7000	8.33e-15	68
0.310	-3.46e-04	0.0	-7.21e-04	-5.00e-02	0.00	0.00e+00	0.7000	8.33e-15	69
0.310	-3.46e-04	0.0	-7.21e-04	-4.00e-02	0.00	0.00e+00	0.7000	8.33e-15	69
0.310	-3.46e-04	0.0	-7.21e-04	-3.00e-02	0.00	0.00e+00	0.7000	8.33e-15	69
0.310	-3.46e-04	0.0	-7.21e-04	-2.00e-02	0.00	0.00e+00	0.7000	8.33e-15	69
0.310	-3.46e-04	0.0	-7.21e-04	-1.00e-02	0.00	0.00e+00	0.7000	8.33e-15	69
0.310	-3.46e-04	0.0	-7.21e-04	3.47e-18	0.00	0.00e+00	0.7000	8.33e-15	69
0.310	-3.46e-04	0.0	-7.21e-04	1.00e-02	0.00	0.00e+00	0.7000	8.33e-15	69
0.310	-3.46e-04	0.0	-7.21e-04	2.00e-02	0.00	0.00e+00	0.7000	8.33e-15	69
0.310	-3.46e-04	0.0	-7.21e-04	3.00e-02	0.00	0.00e+00	0.7000	8.33e-15	69
0.310	-3.46e-04	0.0	-7.21e-04	4.00e-02	0.00	0.00e+00	0.7000	8.33e-15	69
0.300	-4.18e-04	0.0	-6.60e-04	-5.00e-02	0.00	0.00e+00	0.7000	8.33e-15	70
0.300	-4.18e-04	0.0	-6.60e-04	-4.00e-02	0.00	0.00e+00	0.7000	8.33e-15	70
0.300	-4.18e-04	0.0	-6.60e-04	-3.00e-02	0.00	0.00e+00	0.7000	8.33e-15	70
0.300	-4.18e-04	0.0	-6.60e-04	-2.00e-02	0.00	0.00e+00	0.7000	8.33e-15	70
0.300	-4.18e-04	0.0	-6.60e-04	-1.00e-02	0.00	0.00e+00	0.7000	8.33e-15	70
0.300	-4.18e-04	0.0	-6.60e-04	3.47e-18	0.00	0.00e+00	0.7000	8.33e-15	70
0.300	-4.18e-04	0.0	-6.60e-04	1.00e-02	0.00	0.00e+00	0.7000	8.33e-15	70
0.300	-4.18e-04	0.0	-6.60e-04	2.00e-02	0.00	0.00e+00	0.7000	8.33e-15	70
0.300	-4.18e-04	0.0	-6.60e-04	3.00e-02	0.00	0.00e+00	0.7000	8.33e-15	70
0.300	-4.18e-04	0.0	-6.60e-04	4.00e-02	0.00	0.00e+00	0.7000	8.33e-15	70
0.290	-4.84e-04	0.0	-5.82e-04	-5.00e-02	0.00	0.00e+00	0.7000	8.33e-15	71
0.290	-4.84e-04	0.0	-5.82e-04	-4.00e-02	0.00	0.00e+00	0.7000	8.33e-15	71
0.290	-4.84e-04	0.0	-5.82e-04	-3.00e-02	0.00	0.00e+00	0.7000	8.33e-15	71
0.290	-4.84e-04	0.0	-5.82e-04	-2.00e-02	0.00	0.00e+00	0.7000	8.33e-15	71
0.290	-4.84e-04	0.0	-5.82e-04	-1.00e-02	0.00	0.00e+00	0.7000	8.33e-15	71
0.290	-4.84e-04	0.0	-5.82e-04	3.47e-18	0.00	0.00e+00	0.7000	8.33e-15	71
0.290	-4.84e-04	0.0	-5.82e-04	1.00e-02	0.00	0.00e+00	0.7000	8.33e-15	71
0.290	-4.84e-04	0.0	-5.82e-04	2.00e-02	0.00	0.00e+00	0.7000	8.33e-15	71
0.290	-4.84e-04	0.0	-5.82e-04	3.00e-02	0.00	0.00e+00	0.7000	8.33e-15	71
0.290	-4.84e-04	0.0	-5.82e-04	4.00e-02	0.00	0.00e+00	0.7000	8.33e-15	71
0.280	-5.42e-04	0.0	-4.91e-04	-5.00e-02	0.00	0.00e+00	0.7000	8.33e-15	72
0.280	-5.42e-04	0.0	-4.91e-04	-4.00e-02	0.00	0.00e+00	0.7000	8.33e-15	72
0.280	-5.42e-04	0.0	-4.91e-04	-3.00e-02	0.00	0.00e+00	0.7000	8.33e-15	72
0.280	-5.42e-04	0.0	-4.91e-04	-2.00e-02	0.00	0.00e+00	0.7000	8.33e-15	72
0.280	-5.42e-04	0.0	-4.91e-04	-1.00e-02	0.00	0.00e+00	0.7000	8.33e-15	72
0.280	-5.42e-04	0.0	-4.91e-04	3.47e-18	0.00	0.00e+00	0.7000	8.33e-15	72
0.280	-5.42e-04	0.0	-4.91e-04	1.00e-02	0.00	0.00e+00	0.7000	8.33e-15	72
0.280	-5.42e-04	0.0	-4.91e-04	2.00e-02	0.00	0.00e+00	0.7000	8.33e-15	72
0.280	-5.42e-04	0.0	-4.91e-04	3.00e-02	0.00	0.00e+00	0.7000	8.33e-15	72
0.280	-5.42e-04	0.0	-4.91e-04	4.00e-02	0.00	0.00e+00	0.7000	8.33e-15	72
0.270	-5.91e-04	0.0	-3.87e-04	-5.00e-02	0.00	0.00e+00	0.7000	8.33e-15	73
0.270	-5.91e-04	0.0	-3.87e-04	-4.00e-02	0.00	0.00e+00	0.7000	8.33e-15	73
0.270	-5.91e-04	0.0	-3.87e-04	-3.00e-02	0.00	0.00e+00	0.7000	8.33e-15	73
0.270	-5.91e-04	0.0	-3.87e-04	-2.00e-02	0.00	0.00e+00	0.7000	8.33e-15	73
0.270	-5.91e-04	0.0	-3.87e-04	-1.00e-02	0.00	0.00e+00	0.7000	8.33e-15	73
0.270	-5.91e-04	0.0	-3.87e-04	3.47e-18	0.00	0.00e+00	0.7000	8.33e-15	73
0.270	-5.91e-04	0.0	-3.87e-04	1.00e-02	0.00	0.00e+00	0.7000	8.33e-15	73
0.270	-5.91e-04	0.0	-3.87e-04	2.00e-02	0.00	0.00e+00	0.7000	8.33e-15	73
0.270	-5.91e-04	0.0	-3.87e-04	3.00e-02	0.00	0.00e+00	0.7000	8.33e-15	73
0.270	-5.91e-04	0.0	-3.87e-04	4.00e-02	0.00	0.00e+00	0.7000	8.33e-15	73
0.260	-6.30e-04	0.0	-2.74e-04	-5.00e-02	0.00	0.00e+00	0.7000	8.33e-15	74
0.260	-6.30e-04	0.0	-2.74e-04	-4.00e-02	0.00	0.00e+00	0.7000	8.33e-15	74
0.260	-6.30e-04	0.0	-2.74e-04	-3.00e-02	0.00	0.00e+00	0.7000	8.33e-15	74
0.260	-6.30e-04	0.0	-2.74e-04	-2.00e-02	0.00	0.00e+00	0.7000	8.33e-15	74
0.260	-6.30e-04	0.0	-2.74e-04	-1.00e-02	0.00	0.00e+00	0.7000	8.33e-15	74
0.260	-6.30e-04	0.0	-2.74e-04	3.47e-18	0.00	0.00e+00	0.7000	8.33e-15	74
0.260	-6.30e-04	0.0	-2.74e-04	1.00e-02	0.00	0.00e+00	0.7000	8.33e-15	74
0.260	-6.30e-04	0.0	-2.74e-04	2.00e-02	0.00	0.00e+00	0.7000	8.33e-15	74
0.260	-6.30e-04	0.0	-2.74e-04	3.00e-02	0.00	0.00e+00	0.7000	8.33e-15	74
0.260	-6.30e-04	0.0	-2.74e-04	4.00e-02	0.00	0.00e+00	0.7000	8.33e-15	74
0.250	-6.58e-04	0.0	-1.54e-04	-5.00e-02	0.00	0.00e+00	0.7000	8.33e-15	75
0.250	-6.58e-04	0.0	-1.54e-04	-4.00e-02	0.00	0.00e+00	0.7000	8.33e-15	75
0.250	-6.58e-04	0.0	-1.54e-04	-3.00e-02	0.00	0.00e+00	0.7000	8.33e-15	75
0.250	-6.58e-04	0.0	-1.54e-04	-2.00e-02	0.00	0.00e+00	0.7000	8.33e-15	75
0.250	-6.58e-04	0.0	-1.54e-04	-1.00e-02	0.00	0.00e+00	0.7000	8.33e-15	75
0.250	-6.58e-04	0.0	-1.54e-04	3.47e-18	0.00	0.00e+00	0.7000	8.33e-15	75
0.250	-6.58e-04	0.0	-1.54e-04	1.00e-02	0.00	0.00e+00	0.7000	8.33e-15	75
0.250	-6.58e-04	0.0	-1.54e-04	2.00e-02	0.00	0.00e+00	0.7000	8.33e-15	75
0.250	-6.58e-04	0.0	-1.54e-04	3.00e-02	0.00	0.00e+00	0.7000	8.33e-15	75
0.250	-6.58e-04	0.0	-1.54e-04	4.00e-02	0.00	0.00e+00	0.7000	8.33e-15	75
0.240	-6.73e-04	0.0	-3.02e-05	-5.00e-02	0.00	0.00e+00	0.7000	8.33e-15	76
0.240	-6.73e-04	0.0	-3.02e-05	-4.00e-02	0.00	0.00e+00	0.7000	8.33e-15	76
0.240	-6.73e-04	0.0	-3.02e-05	-3.00e-02	0.00	0.00e+00	0.7000	8.33e-15	76
0.240	-6.73e-04	0.0	-3.02e-05	-2.00e-02	0.00	0.00e+00	0.7000	8.33e-15	76
0.240	-6.73e-04	0.0	-3.02e-05	-1.00e-02	0.00	0.00e+00	0.7000	8.33e-15	76
0.240	-6.73e-04	0.0	-3.02e-05	3.47e-18	0.00	0.00e+00	0.7000	8.33e-15	76
0.240	-6.73e-04	0.0	-3.02e-05	1.00e-02	0.00	0.00e+00	0.7000	8.33e-15	76
0.240	-6.73e-04	0.0	-3.02e-05	2.00e-02	0.00	0.00e+00	0.7000	8.33e-15	76
0.240	-6.73e-04	0.0	-3.02e-05	3.00e-02	0.00	0.00e+00	0.7000	8.33e-15	76
0.240	-6.73e-04	0.0	-3.02e-05	4.00e-02	0.00	0.00e+00	0.7000	8.33e-15	76
0.230	-6.76e-04	0.0	9.53e-05	-5.00e-02	0.00	0.00e+00	0.7000	8.33e-15	77
0.230	-6.76e-04	0.0	9.53e-05	-4.00e-02	0.00	0.00e+00	0.7000	8.33e-15	77
0.230	-6.76e-04	0.0	9.53e-05	-3.00e-02	0.00	0.00e+00	0.7000	8.33e-15	77
0.230	-6.76e-04	0.0	9.53e-05	-2.00e-02	0.00	0.00e+00	0.7000	8.33e-15	77
0.230	-6.76e-04	0.0	9.53e-05	-1.00e-02	0.00	0.00e+00	0.7000	8.33e-15	77
0.230	-6.76e-04	0.0	9.53e-05	3.47e-18	0.00	0.00e+00	0.7000	8.33e-15	77
0.230	-6.76e-04	0.0	9.53e-05	1.00e-02	0.00	0.00e+00	0.7000	8.33e-15	77
0.230	-6.76e-04	0.0	9.53e-05	2.00e-02	0.00	0.00e+00	0.7000	8.33e-15	77
0.230	-6.76e-04	0.0	9.53e-05	3.00e-02	0.00	0.00e+00	0.7000	8.33e-15	77
0.230	-6.76e-04	0.0	9.53e-05	4.00e-02	0.00	0.00e+00	0.7000	8.33e-15	77
0.220	-6.67e-04	0.0	2.20e-04	-5.00e-02	0.00	0.00e+00	0.7000	8.33e-15	78
0.220	-6.67e-04	0.0	2.20e-04	-4.00e-02	0.00	0.00e+00	0.7000	8.33e-15	78
0.220	-6.67e-04	0.0	2.20e-04	-3.00e-02	0.00	0.00e+00	0.7000	8.33e-15	78
0.220	-6.67e-04	0.0	2.20e-04	-2.00e-02	0.00	0.00e+00	0.7000	8.33e-15	78
0.220	-6.67e-04	0.0	2.20e-04	-1.00e-02	0.00	0.00e+00	0.7000	8.33e-15	78
0.220	-6.67e-04	0.0	2.20e-04	3.47e-18	0.00	0.00e+00	0.7000	8.33e-15	78
0.220	-6.67e-04	0.0	2.20e-04	1.00e-02	0.00	0.00e+00	0.7000	8.33e-15	78
0.220	-6.67e-04	0.0	2.20e-04	2.00e-02	0.00	0.00e+00	0.7000	8.33e-15	78
0.220	-6.67e-04	0.0	2.20e-04	3.00e-02	0.00	0.00e+00	0.7000	8.33e-15	78
0.220	-6.67e-04	0.0	2.20e-04	4.00e-02	0.00	0.00e+00	0.7000	8.33e-15	78
0.210	-6.45e-04	0.0	3.42e-04	-5.00e-02	0.00	0.00e+00	0.7000	8.33e-15	79
0.210	-6.45e-04	0.0	3.42e-04	-4.00e-02	0.00	0.00e+00	0.7000	8.33e-15	79
0.210	-6.45e-04	0.0	3.42e-04	-3.00e-02	0.00	0.00e+00	0.7000	8.33e-15	79
0.210	-6.45e-04	0.0	3.42e-04	-2.00e-02	0.00	0.00e+00	0.7000	8.33e-15	79
0.210	-6.45e-04	0.0	3.42e-04	-1.00e-02	0.00	0.00e+00	0.7000	8.33e-15	79
0.210	-6.45e-04	0.0	3.42e-04	3.47e-18	0.00	0.00e+00	0.7000	8.33e-15	79
0.210	-6.45e-04	0.0	3.42e-04	1.00e-02	0.00	0.00e+00	0.7000	8.33e-15	79
0.210	-6.45e-04	0.0	3.42e-04	2.00e-02	0.00	0.00e+00	0.7000	8.33e-15	79
0.210	-6.45e-04	0.0	3.42e-04	3.00e-02	0.00	0.00e+00	0.7000	8.33e-15	79
0.210	-6.45e-04	0.0	3.42e-04	4.00e-02	0.00	0.00e+00	0.7000	8.33e-15	79
0.200	-6.10e-04	0.0	4.58e-04	-5.00e-02	0.00	0.00e+00	0.7000	8.33e-15	80
0.200	-6.10e-04	0.0	4.58e-04	-4.00e-02	0.00	0.00e+00	0.7000	8.33e-15	80
0.200	-6.10e-04	0.0	4.58e-04	-3.00e-02	0.00	0.00e+00	0.7000	8.33e-15	80
0.200	-6.10e-04	0.0	4.58e-04	-2.00e-02	0.00	0.00e+00	0.7000	8.33e-15	80
0.200	-6.10e-04	0.0	4.58e-04	-1.00e-02	0.00	0.00e+00	0.7000	8.33e-15	80
0.200	-6.10e-04	0.0	4.58e-04	3.47e-18	0.00	0.00e+00	0.7000	8.33e-15	80
0.200	-6.10e-04	0.0	4.58e-04	1.00e-02	0.00	0.00e+00	0.7000	8.33e-15	80
0.200	-6.10e-04	0.0	4.58e-04	2.00e-02	0.00	0.00e+00	0.7000	8.33e-15	80
0.200	-6.10e-04	0.0	4.58e-04	3.00e-02	0.00	0.00e+00	0.7000	8.33e-15	80
0.200	-6.10e-04	0.0	4.58e-04	4.00e-02	0.00	0.00e+00	0.7000	8.33e-15	80
0.190	-5.65e-04	0.0	5.69e-04	-5.00e-02	0.00	0.00e+00	0.7000	8.33e-15	81
0.190	-5.65e-04	0.0	5.69e-04	-4.00e-02	0.00	0.00e+00	0.7000	8.33e-15	81
0.190	-5.65e-04	0.0	5.69e-04	-3.00e-02	0.00	0.00e+00	0.7000	8.33e-15	81
0.190	-5.65e-04	0.0	5.69e-04	-2.00e-02	0.00	0.00e+00	0.7000	8.33e-15	81
0.190	-5.65e-04	0.0	5.69e-04	-1.00e-02	0.00	0.00e+00	0.7000	8.33e-15	81
0.190	-5.65e-04	0.0	5.69e-04	3.47e-18	0.00	0.00e+00	0.7000	8.33e-15	81
0.190	-5.65e-04	0.0	5.69e-04	1.00e-02	0.00	0.00e+00	0.7000	8.33e-15	81
0.190	-5.65e-04	0.0	5.69e-04	2.00e-02	0.00	0.00e+00	0.7000	8.33e-15	81
0.190	-5.65e-04	0.0	5.69e-04	3.00e-02	0.00	0.00e+00	0.7000	8.33e-15	81
0.190	-5.65e-04	0.0	5.69e-04	4.00e-02	0.00	0.00e+00	0.7000	8.33e-15	81
0.180	-5.08e-04	0.0	6.73e-04	-5.00e-02	0.00	0.00e+00	0.7000	8.33e-15	82
0.180	-5.08e-04	0.0	6.73e-04	-4.00e-02	0.00	0.00e+00	0.7000	8.33e-15	82
0.180	-5.08e-04	0.0	6.73e-04	-3.00e-02	0.00	0.00e+00	0.7000	8.33e-15	82
0.180	-5.08e-04	0.0	6.73e-04	-2.00e-02	0.00	0.00e+00	0.7000	8.33e-15	82
0.180	-5.08e-04	0.0	6.73e-04	-1.00e-02	0.00	0.00e+00	0.7000	8.33e-15	82
0.180	-5.08e-04	0.0	6.73e-04	3.47e-18	0.00	0.00e+00	0.7000	8.33e-15	82
0.180	-5.08e-04	0.0	6.73e-04	1.00e-02	0.00	0.00e+00	0.7000	8.33e-15	82
0.180	-5.08e-04	0.0	6.73e-04	2.00e-02	0.00	0.00e+00	0.7000	8.33e-15	82
0.180	-5.08e-04	0.0	6.73e-04	3.00e-02	0.00	0.00e+00	0.7000	8.33e-15	82
0.180	-5.08e-04	0.0	6.73e-04	4.00e-02	0.00	0.00e+00	0.7000	8.33e-15	82
0.170	-4.40e-04	0.0	7.69e-04	-5.00e-02	0.00	0.00e+00	0.7000	8.33e-15	83
0.170	-4.40e-04	0.0	7.69e-04	-4.00e-02	0.00	0.00e+00	0.7000	8.33e-15	83
0.170	-4.40e-04	0.0	7.69e-04	-3.00e-02	0.00	0.00e+00	0.7000	8.33e-15	83
0.170	-4.40e-04	0.0	7.69e-04	-2.00e-02	0.00	0.00e+00	0.7000	8.33e-15	83
0.170	-4.40e-04	0.0	7.69e-04	-1.00e-02	0.00	0.00e+00	0.7000	8.33e-15	83
0.170	-4.40e-04	0.0	7.69e-04	3.47e-18	0.00	0.00e+00	0.7000	8.33e-15	83
0.170	-4.40e-04	0.0	7.69e-04	1.00e-02	0.00	0.00e+00	0.7000	8.33e-15	83
0.170	-4.40e-04	0.0	7.69e-04	2.00e-02	0.00	0.00e+00	0.7000	8.33e-15	83
0.170	-4.40e-04	0.0	7.69e-04	3.00e-02	0.00	0.00e+00	0.7000	8.33e-15	83
0.170	-4.40e-04	0.0	7.69e-04	4.00e-02	0.00	0.00e+00	0.7000	8.33e-15	83
0.160	-3.63e-04	0.0	8.58e-04	-5.00e-02	0.00	0.00e+00	0.7000	8.33e-15	84
0.160	-3.63e-04	0.0	8.58e-04	-4.00e-02	0.00	0.00e+00	0.7000	8.33e-15	84
0.160	-3.63e-04	0.0	8.58e-04	-3.00e-02	0.00	0.00e+00	0.7000	8.33e-15	84
0.160	-3.63e-04	0.0	8.58e-04	-2.00e-02	0.00	0.00e+00	0.7000	8.33e-15	84
0.160	-3.63e-04	0.0	8.58e-04	-1.00e-02	0.00	0.00e+00	0.7000	8.33e-15	84
0.160	-3.63e-04	0.0	8.58e-04	3.47e-18	0.00	0.00e+00	0.7000	8.33e-15	84
0.160	-3.63e-04	0.0	8.58e-04	1.00e-02	0.00	0.00e+00	0.7000	8.33e-15	84
0.160	-3.63e-04	0.0	8.58e-04	2.00e-02	0.00	0.00e+00	0.7000	8.33e-15	84
0.160	-3.63e-04	0.0	8.58e-04	3.00e-02	0.00	0.00e+00	0.7000	8.33e-15	84
0.160	-3.63e-04	0.0	8.58e-04	4.00e-02	0.00	0.00e+00	0.7000	8.33e-15	84
0.150	-2.78e-04	0.0	9.40e-04	-5.00e-02	0.00	0.00e+00	0.7000	8.33e-15	85
0.150	-2.78e-04	0.0	9.40e-04	-4.00e-02	0.00	0.00e+00	0.7000	8.33e-15	85
0.150	-2.78e-04	0.0	9.40e-04	-3.00e-02	0.00	0.00e+00	0.7000	8.33e-15	85
0.150	-2.78e-04	0.0	9.40e-04	-2.00e-02	0.00	0.00e+00	0.7000	8.33e-15	85
0.150	-2.78e-04	0.0	9.40e-04	-1.00e-02	0.00	0.00e+00	0.7000	8.33e-15	85
0.150	-2.78e-04	0.0	9.40e-04	3.47e-18	0.00	0.00e+00	0.7000	8.33e-15	85
0.150	-2.78e-04	0.0	9.40e-04	1.00e-02	0.00	0.00e+00	0.7000	8.33e-15	85
0.150	-2.78e-04	0.0	9.40e-04	2.00e-02	0.00	0.00e+00	0.7000	8.33e-15	85
0.150	-2.78e-04	0.0	9.40e-04	3.00e-02	0.00	0.00e+00	0.7000	8.33e-15	85
0.150	-2.78e-04	0.0	9.40e-04	4.00e-02	0.00	0.00e+00	0.7000	8.33e-15	85
0.140	-1.84e-04	0.0	1.02e-03	-5.00e-02	0.00	0.00e+00	0.7000	8.33e-15	86
0.140	-1.84e-04	0.0	1.02e-03	-4.00e-02	0.00	0.00e+00	0.7000	8.33e-15	86
0.140	-1.84e-04	0.0	1.02e-03	-3.00e-02	0.00	0.00e+00	0.7000	8.33e-15	86
0.140	-1.84e-04	0.0	1.02e-03	-2.00e-02	0.00	0.00e+00	0.7000	8.33e-15	86
0.140	-1.84e-04	0.0	1.02e-03	-1.00e-02	0.00	0.00e+00	0.7000	8.33e-15	86
0.140	-1.84e-04	0.0	1.02e-03	3.47e-18	0.00	0.00e+00	0.7000	8.33e-15	86
0.140	-1.84e-04	0.0	1.02e-03	1.00e-02	0.00	0.00e+00	0.7000	8.33e-15	86
0.140	-1.84e-04	0.0	1.02e-03	2.00e-02	0.00	0.00e+00	0.7000	8.33e-15	86
0.140	-1.84e-04	0.0	1.02e-03	3.00e-02	0.00	0.00e+00	0.7000	8.33e-15	86
0.140	-1.84e-04	0.0	1.02e-03	4.00e-02	0.00	0.00e+00	0.7000	8.33e-15	86
0.130	-8.20e-05	0.0	1.09e-03	-5.00e-02	0.00	0.00e+00	0.7000	8.33e-15	87
0.130	-8.20e-05	0.0	1.09e-03	-4.00e-02	0.00	0.00e+00	0.7000	8.33e-15	87
0.130	-8.20e-05	0.0	1.09e-03	-3.00e-02	0.00	0.00e+00	0.7000	8.33e-15	87
0.130	-8.20e-05	0.0	1.09e-03	-2.00e-02	0.00	0.00e+00	0.7000	8.33e-15	87
0.130	-8.20e-05	0.0	1.09e-03	-1.00e-02	0.00	0.00e+00	0.7000	8.33e-15	87
0.130	-8.20e-05	0.0	1.09e-03	3.47e-18	0.00	0.00e+00	0.7000	8.33e-15	87
0.130	-8.20e-05	0.0	1.09e-03	1.00e-02	0.00	0.00e+00	0.7000	8.33e-15	87
0.130	-8.20e-05	0.0	1.09e-03	2.00e-02	0.00	0.00e+00	0.7000	8.33e-15	87
0.130	-8.20e-05	0.0	1.09e-03	3.00e-02	0.00	0.00e+00	0.7000	8.33e-15	87
0.130	-8.20e-05	0.0	1.09e-03	4.00e-02	0.00	0.00e+00	0.7000	8.33e-15	87
0.120	2.66e-05	0.0	1.15e-03	-5.00e-02	0.00	0.00e+00	0.7000	8.33e-15	88
0.120	2.66e-05	0.0	1.15e-03	-4.00e-02	0.00	0.00e+00	0.7000	8.33e-15	88
0.120	2.66e-05	0.0	1.15e-03	-3.00e-02	0.00	0.00e+00	0.7000	8.33e-15	88
0.120	2.66e-05	0.0	1.15e-03	-2.00e-02	0.00	0.00e+00	0.7000	8.33e-15	88
0.120	2.66e-05	0.0	1.15e-03	-1.00e-02	0.00	0.00e+00	0.7000	8.33e-15	88
0.120	2.66e-05	0.0	1.15e-03	3.47e-18	0.00	0.00e+00	0.7000	8.33e-15	88
0.120	2.66e-05	0.0	1.15e-03	1.00e-02	0.00	0.00e+00	0.7000	8.33e-15	88
0.120	2.66e-05	0.0	1.15e-03	2.00e-02	0.00	0.00e+00	0.7000	8.33e-15	88
0.120	2.66e-05	0.0	1.15e-03	3.00e-02	0.00	0.00e+00	0.7000	8.33e-15	88
0.120	2.66e-05	0.0	1.15e-03	4.00e-02	0.00	0.00e+00	0.7000	8.33e-15	88
0.110	1.42e-04	0.0	1.22e-03	-5.00e-02	0.00	0.00e+00	0.7000	8.33e-15	89
0.110	1.42e-04	0.0	1.22e-03	-4.00e-02	0.00	0.00e+00	0.7000	8.33e-15	89
0.110	1.42e-04	0.0	1.22e-03	-3.00e-02	0.00	0.00e+00	0.7000	8.33e-15	89
0.110	1.42e-04	0.0	1.22e-03	-2.00e-02	0.00	0.00e+00	0.7000	8.33e-15	89
0.110	1.42e-04	0.0	1.22e-03	-1.00e-02	0.00	0.00e+00	0.7000	8.33e-15	89
0.110	1.42e-04	0.0	1.22e-03	3.47e-18	0.00	0.00e+00	0.7000	8.33e-15	89
0.110	1.42e-04	0.0	1.22e-03	1.00e-02	0.00	0.00e+00	0.7000	8.33e-15	89
0.110	1.42e-04	0.0	1.22e-03	2.00e-02	0.00	0.00e+00	0.7000	8.33e-15	89
0.110	1.42e-04	0.0	1.22e-03	3.00e-02	0.00	0.00e+00	0.7000	8.33e-15	89
0.110	1.42e-04	0.0	1.22e-03	4.00e-02	0.00	0.00e+00	0.7000	8.33e-15	89
0.100	2.64e-04	0.0	1.28e-03	-5.00e-02	0.00	0.00e+00	0.7000	8.33e-15	90
0.100	2.64e-04	0.0	1.28e-03	-4.00e-02	0.00	0.00e+00	0.7000	8.33e-15	90
0.100	2.64e-04	0.0	1.28e-03	-3.00e-02	0.00	0.00e+00	0.7000	8.33e-15	90
0.100	2.64e-04	0.0	1.28e-03	-2.00e-02	0.00	0.00e+00	0.7000	8.33e-15	90
0.100	2.64e-04	0.0	1.28e-03	-1.00e-02	0.00	0.00e+00	0.7000	8.33e-15	90
0.100	2.64e-04	0.0	1.28e-03	3.47e-18	0.00	0.00e+00	0.7000	8.33e-15	90
0.100	2.64e-04	0.0	1.28e-03	1.00e-02	0.00	0.00e+00	0.7000	8.33e-15	90
0.100	2.64e-04	0.0	1.28e-03	2.00e-02	0.00	0.00e+00	0.7000	8.33e-15	90
0.100	2.64e-04	0.0	1.28e-03	3.00e-02	0.00	0.00e+00	0.7000	8.33e-15	90
0.100	2.64e-04	0.0	1.28e-03	4.00e-02	0.00	0.00e+00	0.7000	8.33e-15	90
0.090	3.92e-04	0.0	1.34e-03	-5.00e-02	0.00	0.00e+00	0.7000	8.33e-15	91
0.090	3.92e-04	0.0	1.34e-03	-4.00e-02	0.00	0.00e+00	0.7000	8.33e-15	91
0.090	3.92e-04	0.0	1.34e-03	-3.00e-02	0.00	0.00e+00	0.7000	8.33e-15	91
0.090	3.92e-04	0.0	1.34e-03	-2.00e-02	0.00	0.00e+00	0.7000	8.33e-15	91
0.090	3.92e-04	0.0	1.34e-03	-1.00e-02	0.00	0.00e+00	0.7000	8.33e-15	91
0.090	3.92e-04	0.0	1.34e-03	3.47e-18	0.00	0.00e+00	0.7000	8.33e-15	91
0.090	3.92e-04	0.0	1.34e-03	1.00e-02	0.00	0.00e+00	0.7000	8.33e-15	91
0.090	3.92e-04	0.0	1.34e-03	2.00e-02	0.00	0.00e+00	0.7000	8.33e-15	91
0.090	3.92e-04	0.0	1.34e-03	3.00e-02	0.00	0.00e+00	0.7000	8.33e-15	91
0.090	3.92e-04	0.0	1.34e-03	4.00e-02	0.00	0.00e+00	0.7000	8.33e-15	91
0.080	5.26e-04	0.0	1.40e-03	-5.00e-02	0.00	0.00e+00	0.7000	8.33e-15	92
0.080	5.26e-04	0.0	1.40e-03	-4.00e-02	0.00	0.00e+00	0.7000	8.33e-15	92
0.080	5.26e-04	0.0	1.40e-03	-3.00e-02	0.00	0.00e+00	0.7000	8.33e-15	92
0.080	5.26e-04	0.0	1.40e-03	-2.00e-02	0.00	0.00e+00	0.7000	8.33e-15	92
0.080	5.26e-04	0.0	1.40e-03	-1.00e-02	0.00	0.00e+00	0.7000	8.33e-15	92
0.080	5.26e-04	0.0	1.40e-03	3.47e-18	0.00	0.00e+00	0.7000	8.33e-15	92
0.080	5.26e-04	0.0	1.40e-03	1.00e-02	0.00	0.00e+00	0.7000	8.33e-15	92
0.080	5.26e-04	0.0	1.40e-03	2.00e-02	0.00	0.00e+00	0.7000	8.33e-15	92
0.080	5.26e-04	0.0	1.40e-03	3.00e-02	0.00	0.00e+00	0.7000	8.33e-15	92
0.080	5.26e-04	0.0	1.40e-03	4.00e-02	0.00	0.00e+00	0.7000	8.33e-15	92
0.070	6.65e-04	0.0	1.45e-03	-5.00e-02	0.00	0.00e+00	0.7000	8.33e-15	93
0.070	6.65e-04	0.0	1.45e-03	-4.00e-02	0.00	0.00e+00	0.7000	8.33e-15	93
0.070	6.65e-04	0.0	1.45e-03	-3.00e-02	0.00	0.00e+00	0.7000	8.33e-15	93
0.070	6.65e-04	0.0	1.45e-03	-2.00e-02	0.00	0.00e+00	0.7000	8.33e-15	93
0.070	6.65e-04	0.0	1.45e-03	-1.00e-02	0.00	0.00e+00	0.7000	8.33e-15	93
0.070	6.65e-04	0.0	1.45e-03	3.47e-18	0.00	0.00e+00	0.7000	8.33e-15	93
0.070	6.65e-04	0.0	1.45e-03	1.00e-02	0.00	0.00e+00	0.7000	8.33e-15	93
0.070	6.65e-04	0.0	1.45e-03	2.00e-02	0.00	0.00e+00	0.7000	8.33e-15	93
0.070	6.65e-04	0.0	1.45e-03	3.00e-02	0.00	0.00e+00	0.7000	8.33e-15	93
0.070	6.65e-04	0.0	1.45e-03	4.00e-02	0.00	0.00e+00	0.7000	8.33e-15	93
0.060	8.10e-04	0.0	1.50e-03	-5.00e-02	0.00	0.00e+00	0.7000	8.33e-15	94
0.060	8.10e-04	0.0	1.50e-03	-4.00e-02	0.00	0.00e+00	0.7000	8.33e-15	94
0.060	8.10e-04	0.0	1.50e-03	-3.00e-02	0.00	0.00e+00	0.7000	8.33e-15	94
0.060	8.10e-04	0.0	1.50e-03	-2.00e-02	0.00	0.00e+00	0.7000	8.33e-15	94
0.060	8.10e-04	0.0	1.50e-03	-1.00e-02	0.00	0.00e+00	0.7000	8.33e-15	94
0.060	8.10e-04	0.0	1.50e-03	3.47e-18	0.00	0.00e+00	0.7000	8.33e-15	94
0.060	8.10e-04	0.0	1.50e-03	1.00e-02	0.00	0.00e+00	0.7000	8.33e-15	94
0.060	8.10e-04	0.0	1.50e-03	2.00e-02	0.00	0.00e+00	0.7000	8.33e-15	94
0.060	8.10e-04	0.0	1.50e-03	3.00e-02	0.00	0.00e+00	0.7000	8.33e-15	94
0.060	8.10e-04	0.0	1.50e-03	4.00e-02	0.00	0.00e+00	0.7000	8.33e-15	94
0.050	9.60e-04	0.0	1.54e-03	-5.00e-02	0.00	0.00e+00	0.7000	8.33e-15	95
0.050	9.60e-04	0.0	1.54e-03	-4.00e-02	0.00	0.00e+00	0.7000	8.33e-15	95
0.050	9.60e-04	0.0	1.54e-03	-3.00e-02	0.00	0.00e+00	0.7000	8.33e-15	95
0.050	9.60e-04	0.0	1.54e-03	-2.00e-02	0.00	0.00e+00	0.7000	8.33e-15	95
0.050	9.60e-04	0.0	1.54e-03	-1.00e-02	0.00	0.00e+00	0.7000	8.33e-15	95
0.050	9.60e-04	0.0	1.54e-03	3.47e-18	0.00	0.00e+00	0.7000	8.33e-15	95
0.050	9.60e-04	0.0	1.54e-03	1.00e-02	0.00	0.00e+00	0.7000	8.33e-15	95
0.050	9.60e-04	0.0	1.54e-03	2.00e-02	0.00	0.00e+00	0.7000	8.33e-15	95
0.050	9.60e-04	0.0	1.54e-03	3.00e-02	0.00	0.00e+00	0.7000	8.33e-15	95
0.050	9.60e-04	0.0	1.54e-03	4.00e-02	0.00	0.00e+00	0.7000	8.33e-15	95
0.040	1.11e-03	0.0	1.56e-03	-5.00e-02	0.00	0.00e+00	0.7000	8.33e-15	96
0.040	1.11e-03	0.0	1.56e-03	-4.00e-02	0.00	0.00e+00	0.7000	8.33e-15	96
0.040	1.11e-03	0.0	1.56e-03	-3.00e-02	0.00	0.00e+00	0.7000	8.33e-15	96
0.040	1.11e-03	0.0	1.56e-03	-2.00e-02	0.00	0.00e+00	0.7000	8.33e-15	96
0.040	1.11e-03	0.0	1.56e-03	-1.00e-02	0.00	0.00e+00	0.7000	8.33e-15	96
0.040	1.11e-03	0.0	1.56e-03	3.47e-18	0.00	0.00e+00	0.7000	8.33e-15	96
0.040	1.11e-03	0.0	1.56e-03	1.00e-02	0.00	0.00e+00	0.7000	8.33e-15	96
0.040	1.11e-03	0.0	1.56e-03	2.00e-02	0.00	0.00e+00	0.7000	8.33e-15	96
0.040	1.11e-03	0.0	1.56e-03	3.00e-02	0.00	0.00e+00	0.7000	8.33e-15	96
0.040	1.11e-03	0.0	1.56e-03	4.00e-02	0.00	0.00e+00	0.7000	8.33e-15	96
0.030	1.27e-03	0.0	1.57e-03	-5.00e-02	0.00	0.00e+00	0.7000	8.33e-15	97
0.030	1.27e-03	0.0	1.57e-03	-4.00e-02	0.00	0.00e+00	0.7000	8.33e-15	97
0.030	1.27e-03	0.0	1.57e-03	-3.00e-02	0.00	0.00e+00	0.7000	8.33e-15	97
0.030	1.27e-03	0.0	1.57e-03	-2.00e-02	0.00	0.00e+00	0.7000	8.33e-15	97
0.030	1.27e-03	0.0	1.57e-03	-1.00e-02	0.00	0.00e+00	0.7000	8.33e-15	97
0.030	1.27e-03	0.0	1.57e-03	3.47e-18	0.00	0.00e+00	0.7000	8.33e-15	97
0.030	1.27e-03	0.0	1.57e-03	1.00e-02	0.00	0.00e+00	0.7000	8.33e-15	97
0.030	1.27e-03	0.0	1.57e-03	2.00e-02	0.00	0.00e+00	0.7000	8.33e-15	97
0.030	1.27e-03	0.0	1.57e-03	3.00e-02	0.00	0.00e+00	0.7000	8.33e-15	97
0.030	1.27e-03	0.0	1.57e-03	4.00e-02	0.00	0.00e+00	0.7000	8.33e-15	97
0.020	1.43e-03	0.0	1.56e-03	-5.00e-02	0.00	0.00e+00	0.7000	8.33e-15	98
0.020	1.43e-03	0.0	1.56e-03	-4.00e-02	0.00	0.00e+00	0.7000	8.33e-15	98
0.020	1.43e-03	0.0	1.56e-03	-3.00e-02	0.00	0.00e+00	0.7000	8.33e-15	98
0.020	1.43e-03	0.0	1.56e-03	-2.00e-02	0.00	0.00e+00	0.7000	8.33e-15	98
0.020	1.43e-03	0.0	1.56e-03	-1.00e-02	0.00	0.00e+00	0.7000	8.33e-15	98
0.020	1.43e-03	0.0	1.56e-03	3.47e-18	0.00	0.00e+00	0.7000	8.33e-15	98
0.020	1.43e-03	0.0	1.56e-03	1.00e-02	0.00	0.00e+00	0.7000	8.33e-15	98
0.020	1.43e-03	0.0	1.56e-03	2.00e-02	0.00	0.00e+00	0.7000	8.33e-15	98
0.020	1.43e-03	0.0	1.56e-03	3.00e-02	0.00	0.00e+00	0.7000	8.33e-15	98
0.020	1.43e-03	0.0	1.56e-03	4.00e-02	0.00	0.00e+00	0.7000	8.33e-15	98
0.010	1.58e-03	0.0	1.64e-03	-5.00e-02	0.00	0.00e+00	0.7000	8.33e-15	99
0.010	1.58e-03	0.0	1.64e-03	-4.00e-02	0.00	0.00e+00	0.7000	8.33e-15	99
0.010	1.58e-03	0.0	1.64e-03	-3.00e-02	0.00	0.00e+00	0.7000	8.33e-15	99
0.010	1.58e-03	0.0	1.64e-03	-2.00e-02	0.00	0.00e+00	0.7000	8.33e-15	99
0.010	1.58e-03	0.0	1.64e-03	-1.00e-02	0.00	0.00e+00	0.7000	8.33e-15	99
0.010	1.58e-03	0.0	1.64e-03	3.47e-18	0.00	0.00e+00	0.7000	8.33e-15	99
0.010	1.58e-03	0.0	1.64e-03	1.00e-02	0.00	0.00e+00	0.7000	8.33e-15	99
0.010	1.58e-03	0.0	1.64e-03	2.00e-02	0.00	0.00e+00	0.7000	8.33e-15	99
0.010	1.58e-03	0.0	1.64e-03	3.00e-02	0.00	0.00e+00	0.7000	8.33e-15	99
0.010	1.58e-03	0.0	1.64e-03	4.00e-02	0.00	0.00e+00	0.7000	8.33e-15	99
